Selection	View	Channel	Begin Time (s)	End Time (s)	Low Freq (Hz)	High Freq (Hz)	Occupancy
1	Waveform 1	1	186.088664062	186.091330729	22000.000	38000.000	0.5000
1	Spectrogram 1	1	186.088664062	186.091330729	22000.000	38000.000	0.5000
2	Waveform 1	1	188.609330729	188.615330729	22000.000	38000.000	0.2222
2	Spectrogram 1	1	188.609330729	188.615330729	22000.000	38000.000	0.2222
3	Waveform 1	1	189.008664063	189.009997396	22000.000	38000.000	1.0000
3	Spectrogram 1	1	189.008664063	189.009997396	22000.000	38000.000	1.0000
4	Waveform 1	1	189.101997396	189.113330729	22000.000	38000.000	0.3529
4	Spectrogram 1	1	189.101997396	189.113330729	22000.000	38000.000	0.3529
5	Waveform 1	1	189.586664063	189.587997396	22000.000	38000.000	1.0000
5	Spectrogram 1	1	189.586664063	189.587997396	22000.000	38000.000	1.0000
6	Waveform 1	1	806.314664063	806.330664063	22000.000	38000.000	0.2083
6	Spectrogram 1	1	806.314664063	806.330664063	22000.000	38000.000	0.2083
7	Waveform 1	1	807.385330729	807.387330729	22000.000	38000.000	0.6667
7	Spectrogram 1	1	807.385330729	807.387330729	22000.000	38000.000	0.6667
8	Waveform 1	1	807.956664063	807.967997396	22000.000	38000.000	0.1176
8	Spectrogram 1	1	807.956664063	807.967997396	22000.000	38000.000	0.1176
9	Waveform 1	1	825.115330729	825.139330729	22000.000	38000.000	0.1389
9	Spectrogram 1	1	825.115330729	825.139330729	22000.000	38000.000	0.1389
10	Waveform 1	1	826.546664063	826.559330729	22000.000	38000.000	0.2105
10	Spectrogram 1	1	826.546664063	826.559330729	22000.000	38000.000	0.2105
11	Waveform 1	1	830.338664063	830.343997396	22000.000	38000.000	0.2500
11	Spectrogram 1	1	830.338664063	830.343997396	22000.000	38000.000	0.2500
12	Waveform 1	1	999.133997396	999.135997396	22000.000	38000.000	0.6667
12	Spectrogram 1	1	999.133997396	999.135997396	22000.000	38000.000	0.6667
13	Waveform 1	1	1003.158664063	1003.164664063	22000.000	38000.000	0.4444
13	Spectrogram 1	1	1003.158664063	1003.164664063	22000.000	38000.000	0.4444
14	Waveform 1	1	1004.067330729	1004.111330729	22000.000	38000.000	0.0758
14	Spectrogram 1	1	1004.067330729	1004.111330729	22000.000	38000.000	0.0758
15	Waveform 1	1	1004.350664063	1004.395997396	22000.000	38000.000	0.1912
15	Spectrogram 1	1	1004.350664063	1004.395997396	22000.000	38000.000	0.1912
16	Waveform 1	1	1004.637997396	1004.643330729	22000.000	38000.000	0.5000
16	Spectrogram 1	1	1004.637997396	1004.643330729	22000.000	38000.000	0.5000
17	Waveform 1	1	1004.908664063	1004.932664063	22000.000	38000.000	0.1667
17	Spectrogram 1	1	1004.908664063	1004.932664063	22000.000	38000.000	0.1667
18	Waveform 1	1	1005.179330729	1005.207330729	22000.000	38000.000	0.3333
18	Spectrogram 1	1	1005.179330729	1005.207330729	22000.000	38000.000	0.3333
19	Waveform 1	1	1005.447330729	1005.468664063	22000.000	38000.000	0.1875
19	Spectrogram 1	1	1005.447330729	1005.468664063	22000.000	38000.000	0.1875
20	Waveform 1	1	1005.713330729	1005.793330729	22000.000	38000.000	0.0833
20	Spectrogram 1	1	1005.713330729	1005.793330729	22000.000	38000.000	0.0833
21	Waveform 1	1	1006.335997396	1006.374664063	22000.000	38000.000	0.1207
21	Spectrogram 1	1	1006.335997396	1006.374664063	22000.000	38000.000	0.1207
22	Waveform 1	1	1006.632664062	1006.657997396	22000.000	38000.000	0.1053
22	Spectrogram 1	1	1006.632664062	1006.657997396	22000.000	38000.000	0.1053
23	Waveform 1	1	1006.768664063	1006.787330729	22000.000	38000.000	0.0714
23	Spectrogram 1	1	1006.768664063	1006.787330729	22000.000	38000.000	0.0714
24	Waveform 1	1	1006.941330729	1006.963330729	22000.000	38000.000	0.1515
24	Spectrogram 1	1	1006.941330729	1006.963330729	22000.000	38000.000	0.1515
25	Waveform 1	1	1007.303330729	1007.307330729	22000.000	38000.000	0.3333
25	Spectrogram 1	1	1007.303330729	1007.307330729	22000.000	38000.000	0.3333
26	Waveform 1	1	1007.537330729	1007.577997396	22000.000	38000.000	0.1475
26	Spectrogram 1	1	1007.537330729	1007.577997396	22000.000	38000.000	0.1475
27	Waveform 1	1	1007.700664063	1007.720664063	22000.000	38000.000	0.1000
27	Spectrogram 1	1	1007.700664063	1007.720664063	22000.000	38000.000	0.1000
28	Waveform 1	1	1007.837997396	1007.867330729	22000.000	38000.000	0.1818
28	Spectrogram 1	1	1007.837997396	1007.867330729	22000.000	38000.000	0.1818
29	Waveform 1	1	1007.986664063	1007.996664063	22000.000	38000.000	0.2000
29	Spectrogram 1	1	1007.986664063	1007.996664063	22000.000	38000.000	0.2000
30	Waveform 1	1	1008.113997396	1008.117997396	22000.000	38000.000	0.5000
30	Spectrogram 1	1	1008.113997396	1008.117997396	22000.000	38000.000	0.5000
31	Waveform 1	1	1008.390664063	1008.423997396	22000.000	38000.000	0.1200
31	Spectrogram 1	1	1008.390664063	1008.423997396	22000.000	38000.000	0.1200
32	Waveform 1	1	1008.537330729	1008.561330729	22000.000	38000.000	0.1111
32	Spectrogram 1	1	1008.537330729	1008.561330729	22000.000	38000.000	0.1111
33	Waveform 1	1	1008.919997396	1008.935330729	22000.000	38000.000	0.1304
33	Spectrogram 1	1	1008.919997396	1008.935330729	22000.000	38000.000	0.1304
34	Waveform 1	1	1009.184664063	1009.191330729	22000.000	38000.000	0.3000
34	Spectrogram 1	1	1009.184664063	1009.191330729	22000.000	38000.000	0.3000
35	Waveform 1	1	1009.587330729	1009.616664063	22000.000	38000.000	0.1591
35	Spectrogram 1	1	1009.587330729	1009.616664063	22000.000	38000.000	0.1591
36	Waveform 1	1	1009.729330729	1009.766664063	22000.000	38000.000	0.1071
36	Spectrogram 1	1	1009.729330729	1009.766664063	22000.000	38000.000	0.1071
37	Waveform 1	1	1009.860664063	1009.872664063	22000.000	38000.000	0.2222
37	Spectrogram 1	1	1009.860664063	1009.872664063	22000.000	38000.000	0.2222
38	Waveform 1	1	1009.993997396	1010.003330729	22000.000	38000.000	0.3571
38	Spectrogram 1	1	1009.993997396	1010.003330729	22000.000	38000.000	0.3571
39	Waveform 1	1	1010.135330729	1010.143330729	22000.000	38000.000	0.2500
39	Spectrogram 1	1	1010.135330729	1010.143330729	22000.000	38000.000	0.2500
40	Waveform 1	1	1010.428664063	1010.429997396	22000.000	38000.000	1.0000
40	Spectrogram 1	1	1010.428664063	1010.429997396	22000.000	38000.000	1.0000
41	Waveform 1	1	1010.688664063	1010.721330729	22000.000	38000.000	0.1224
41	Spectrogram 1	1	1010.688664063	1010.721330729	22000.000	38000.000	0.1224
42	Waveform 1	1	1010.828664063	1010.859997396	22000.000	38000.000	0.1702
42	Spectrogram 1	1	1010.828664063	1010.859997396	22000.000	38000.000	0.1702
43	Waveform 1	1	1010.966664063	1010.977330729	22000.000	38000.000	0.1875
43	Spectrogram 1	1	1010.966664063	1010.977330729	22000.000	38000.000	0.1875
44	Waveform 1	1	1011.363997396	1011.374664063	22000.000	38000.000	0.1875
44	Spectrogram 1	1	1011.363997396	1011.374664063	22000.000	38000.000	0.1875
45	Waveform 1	1	1011.639330729	1011.661997396	22000.000	38000.000	0.2647
45	Spectrogram 1	1	1011.639330729	1011.661997396	22000.000	38000.000	0.2647
46	Waveform 1	1	1012.165997396	1012.185997396	22000.000	38000.000	0.3000
46	Spectrogram 1	1	1012.165997396	1012.185997396	22000.000	38000.000	0.3000
47	Waveform 1	1	1012.313997396	1012.337330729	22000.000	38000.000	0.1143
47	Spectrogram 1	1	1012.313997396	1012.337330729	22000.000	38000.000	0.1143
48	Waveform 1	1	1025.793330729	1025.800664062	22000.000	38000.000	0.1818
48	Spectrogram 1	1	1025.793330729	1025.800664062	22000.000	38000.000	0.1818
49	Waveform 1	1	1216.694664062	1216.702664062	22000.000	38000.000	0.5833
49	Spectrogram 1	1	1216.694664062	1216.702664062	22000.000	38000.000	0.5833
50	Waveform 1	1	1217.347997396	1217.354664062	22000.000	38000.000	0.2000
50	Spectrogram 1	1	1217.347997396	1217.354664062	22000.000	38000.000	0.2000
51	Waveform 1	1	1218.607997396	1218.615997396	22000.000	38000.000	0.5000
51	Spectrogram 1	1	1218.607997396	1218.615997396	22000.000	38000.000	0.5000
52	Waveform 1	1	1220.090664062	1220.103997396	22000.000	38000.000	0.3500
52	Spectrogram 1	1	1220.090664062	1220.103997396	22000.000	38000.000	0.3500
53	Waveform 1	1	1220.735330729	1220.749997396	22000.000	38000.000	0.3182
53	Spectrogram 1	1	1220.735330729	1220.749997396	22000.000	38000.000	0.3182
54	Waveform 1	1	1221.009330729	1221.010664062	22000.000	38000.000	1.0000
54	Spectrogram 1	1	1221.009330729	1221.010664062	22000.000	38000.000	1.0000
55	Waveform 1	1	1221.267330729	1221.270664062	22000.000	38000.000	0.6000
55	Spectrogram 1	1	1221.267330729	1221.270664062	22000.000	38000.000	0.6000
56	Waveform 1	1	1221.631330729	1221.644664062	22000.000	38000.000	0.3000
56	Spectrogram 1	1	1221.631330729	1221.644664062	22000.000	38000.000	0.3000
57	Waveform 1	1	1489.201330729	1489.202664062	22000.000	38000.000	1.0000
57	Spectrogram 1	1	1489.201330729	1489.202664062	22000.000	38000.000	1.0000
58	Waveform 1	1	1491.883997396	1491.885330729	22000.000	38000.000	1.0000
58	Spectrogram 1	1	1491.883997396	1491.885330729	22000.000	38000.000	1.0000
59	Waveform 1	1	1494.348664062	1494.353997396	22000.000	38000.000	0.6250
59	Spectrogram 1	1	1494.348664062	1494.353997396	22000.000	38000.000	0.6250
60	Waveform 1	1	1494.613330729	1494.621330729	22000.000	38000.000	0.3333
60	Spectrogram 1	1	1494.613330729	1494.621330729	22000.000	38000.000	0.3333
61	Waveform 1	1	1494.898664062	1494.905330729	22000.000	38000.000	0.4000
61	Spectrogram 1	1	1494.898664062	1494.905330729	22000.000	38000.000	0.4000
62	Waveform 1	1	1495.319997396	1495.326664062	22000.000	38000.000	0.4000
62	Spectrogram 1	1	1495.319997396	1495.326664062	22000.000	38000.000	0.4000
63	Waveform 1	1	1495.617997396	1495.643997396	22000.000	38000.000	0.1282
63	Spectrogram 1	1	1495.617997396	1495.643997396	22000.000	38000.000	0.1282
64	Waveform 1	1	1496.034664063	1496.065997396	22000.000	38000.000	0.1489
64	Spectrogram 1	1	1496.034664063	1496.065997396	22000.000	38000.000	0.1489
65	Waveform 1	1	1496.318664062	1496.362664063	22000.000	38000.000	0.2121
65	Spectrogram 1	1	1496.318664062	1496.362664063	22000.000	38000.000	0.2121
66	Waveform 1	1	1496.613330729	1496.631330729	22000.000	38000.000	0.1481
66	Spectrogram 1	1	1496.613330729	1496.631330729	22000.000	38000.000	0.1481
67	Waveform 1	1	1497.075997396	1497.113330729	22000.000	38000.000	0.2321
67	Spectrogram 1	1	1497.075997396	1497.113330729	22000.000	38000.000	0.2321
68	Waveform 1	1	1497.399997396	1497.404664062	22000.000	38000.000	0.2857
68	Spectrogram 1	1	1497.399997396	1497.404664062	22000.000	38000.000	0.2857
69	Waveform 1	1	1497.697330729	1497.729330729	22000.000	38000.000	0.1875
69	Spectrogram 1	1	1497.697330729	1497.729330729	22000.000	38000.000	0.1875
70	Waveform 1	1	1498.160664063	1498.167997396	22000.000	38000.000	0.1818
70	Spectrogram 1	1	1498.160664063	1498.167997396	22000.000	38000.000	0.1818
71	Waveform 1	1	1498.469997396	1498.502664062	22000.000	38000.000	0.1429
71	Spectrogram 1	1	1498.469997396	1498.502664062	22000.000	38000.000	0.1429
72	Waveform 1	1	1499.067330729	1499.105997396	22000.000	38000.000	0.1552
72	Spectrogram 1	1	1499.067330729	1499.105997396	22000.000	38000.000	0.1552
73	Waveform 1	1	1499.694664062	1499.717330729	22000.000	38000.000	0.2941
73	Spectrogram 1	1	1499.694664062	1499.717330729	22000.000	38000.000	0.2941
74	Waveform 1	1	1500.448664063	1500.469997396	22000.000	38000.000	0.3750
74	Spectrogram 1	1	1500.448664063	1500.469997396	22000.000	38000.000	0.3750
75	Waveform 1	1	1500.923330729	1500.930664062	22000.000	38000.000	0.3636
75	Spectrogram 1	1	1500.923330729	1500.930664062	22000.000	38000.000	0.3636
76	Waveform 1	1	1501.232664062	1501.246664063	22000.000	38000.000	0.3333
76	Spectrogram 1	1	1501.232664062	1501.246664063	22000.000	38000.000	0.3333
77	Waveform 1	1	1501.984664062	1501.986664063	22000.000	38000.000	1.0000
77	Spectrogram 1	1	1501.984664062	1501.986664063	22000.000	38000.000	1.0000
78	Waveform 1	1	1502.761330729	1502.773997396	22000.000	38000.000	0.3158
78	Spectrogram 1	1	1502.761330729	1502.773997396	22000.000	38000.000	0.3158
79	Waveform 1	1	1503.388664062	1503.392664062	22000.000	38000.000	0.5000
79	Spectrogram 1	1	1503.388664062	1503.392664062	22000.000	38000.000	0.5000
80	Waveform 1	1	1618.575997396	1618.586664062	22000.000	38000.000	0.1875
80	Spectrogram 1	1	1618.575997396	1618.586664062	22000.000	38000.000	0.1875
81	Waveform 1	1	1619.954664062	1619.959330729	22000.000	38000.000	0.4286
81	Spectrogram 1	1	1619.954664062	1619.959330729	22000.000	38000.000	0.4286
82	Waveform 1	1	1620.454664062	1620.462664062	22000.000	38000.000	0.2500
82	Spectrogram 1	1	1620.454664062	1620.462664062	22000.000	38000.000	0.2500
83	Waveform 1	1	1620.824664063	1620.831997396	22000.000	38000.000	0.2727
83	Spectrogram 1	1	1620.824664063	1620.831997396	22000.000	38000.000	0.2727
84	Waveform 1	1	1621.356664062	1621.366664062	22000.000	38000.000	0.1333
84	Spectrogram 1	1	1621.356664062	1621.366664062	22000.000	38000.000	0.1333
85	Waveform 1	1	1621.726664063	1621.741997396	22000.000	38000.000	0.2174
85	Spectrogram 1	1	1621.726664063	1621.741997396	22000.000	38000.000	0.2174
86	Waveform 1	1	1622.119330729	1622.124664062	22000.000	38000.000	0.5000
86	Spectrogram 1	1	1622.119330729	1622.124664062	22000.000	38000.000	0.5000
87	Waveform 1	1	1622.635330729	1622.653997396	22000.000	38000.000	0.1786
87	Spectrogram 1	1	1622.635330729	1622.653997396	22000.000	38000.000	0.1786
88	Waveform 1	1	1623.125330729	1623.159330729	22000.000	38000.000	0.1961
88	Spectrogram 1	1	1623.125330729	1623.159330729	22000.000	38000.000	0.1961
89	Waveform 1	1	1623.365997396	1623.375330729	22000.000	38000.000	0.3571
89	Spectrogram 1	1	1623.365997396	1623.375330729	22000.000	38000.000	0.3571
90	Waveform 1	1	1623.866664062	1623.887997396	22000.000	38000.000	0.0938
90	Spectrogram 1	1	1623.866664062	1623.887997396	22000.000	38000.000	0.0938
91	Waveform 1	1	1624.261330729	1624.262664062	22000.000	38000.000	1.0000
91	Spectrogram 1	1	1624.261330729	1624.262664062	22000.000	38000.000	1.0000
92	Waveform 1	1	1625.331997396	1625.347330729	22000.000	38000.000	0.2174
92	Spectrogram 1	1	1625.331997396	1625.347330729	22000.000	38000.000	0.2174
93	Waveform 1	1	1626.189330729	1626.191330729	22000.000	38000.000	0.6667
93	Spectrogram 1	1	1626.189330729	1626.191330729	22000.000	38000.000	0.6667
94	Waveform 1	1	1626.775997396	1626.779330729	22000.000	38000.000	0.6000
94	Spectrogram 1	1	1626.775997396	1626.779330729	22000.000	38000.000	0.6000
95	Waveform 1	1	1628.144664062	1628.146664062	22000.000	38000.000	1.0000
95	Spectrogram 1	1	1628.144664062	1628.146664062	22000.000	38000.000	1.0000
