Selection	View	Channel	Begin Time (s)	End Time (s)	Low Freq (Hz)	High Freq (Hz)	Occupancy
1	Waveform 1	1	434.753997396	434.756664062	22000.000	38000.000	0.5000
1	Spectrogram 1	1	434.753997396	434.756664062	22000.000	38000.000	0.5000
2	Waveform 1	1	524.997997396	524.999997396	22000.000	38000.000	0.6667
2	Spectrogram 1	1	524.997997396	524.999997396	22000.000	38000.000	0.6667
3	Waveform 1	1	525.292664063	525.294664063	22000.000	38000.000	0.6667
3	Spectrogram 1	1	525.292664063	525.294664063	22000.000	38000.000	0.6667
4	Waveform 1	1	525.593330729	525.594664063	22000.000	38000.000	1.0000
4	Spectrogram 1	1	525.593330729	525.594664063	22000.000	38000.000	1.0000
5	Waveform 1	1	525.892664063	525.893997396	22000.000	38000.000	1.0000
5	Spectrogram 1	1	525.892664063	525.893997396	22000.000	38000.000	1.0000
6	Waveform 1	1	642.483330729	642.493330729	22000.000	38000.000	0.4000
6	Spectrogram 1	1	642.483330729	642.493330729	22000.000	38000.000	0.4000
7	Waveform 1	1	642.754664063	642.755997396	22000.000	38000.000	1.0000
7	Spectrogram 1	1	642.754664063	642.755997396	22000.000	38000.000	1.0000
8	Waveform 1	1	642.985997396	643.006664063	22000.000	38000.000	0.1613
8	Spectrogram 1	1	642.985997396	643.006664063	22000.000	38000.000	0.1613
9	Waveform 1	1	643.479997396	643.503997396	22000.000	38000.000	0.1111
9	Spectrogram 1	1	643.479997396	643.503997396	22000.000	38000.000	0.1111
10	Waveform 1	1	644.046664063	644.055997396	22000.000	38000.000	0.2857
10	Spectrogram 1	1	644.046664063	644.055997396	22000.000	38000.000	0.2857
11	Waveform 1	1	644.301997396	644.306664063	22000.000	38000.000	0.2857
11	Spectrogram 1	1	644.301997396	644.306664063	22000.000	38000.000	0.2857
12	Waveform 1	1	644.713330729	644.720664063	22000.000	38000.000	0.1818
12	Spectrogram 1	1	644.713330729	644.720664063	22000.000	38000.000	0.1818
13	Waveform 1	1	645.859997396	645.897330729	22000.000	38000.000	0.1071
13	Spectrogram 1	1	645.859997396	645.897330729	22000.000	38000.000	0.1071
14	Waveform 1	1	646.017997396	646.019997396	22000.000	38000.000	1.0000
14	Spectrogram 1	1	646.017997396	646.019997396	22000.000	38000.000	1.0000
15	Waveform 1	1	646.244664063	646.277330729	22000.000	38000.000	0.1837
15	Spectrogram 1	1	646.244664063	646.277330729	22000.000	38000.000	0.1837
16	Waveform 1	1	646.515330729	646.521997396	22000.000	38000.000	0.3000
16	Spectrogram 1	1	646.515330729	646.521997396	22000.000	38000.000	0.3000
17	Waveform 1	1	647.251330729	647.292664063	22000.000	38000.000	0.0806
17	Spectrogram 1	1	647.251330729	647.292664063	22000.000	38000.000	0.0806
18	Waveform 1	1	647.493330729	647.528664063	22000.000	38000.000	0.1132
18	Spectrogram 1	1	647.493330729	647.528664063	22000.000	38000.000	0.1132
19	Waveform 1	1	647.879330729	647.880664063	22000.000	38000.000	1.0000
19	Spectrogram 1	1	647.879330729	647.880664063	22000.000	38000.000	1.0000
20	Waveform 1	1	648.137997396	648.189330729	22000.000	38000.000	0.0909
20	Spectrogram 1	1	648.137997396	648.189330729	22000.000	38000.000	0.0909
21	Waveform 1	1	648.291997396	648.294664063	22000.000	38000.000	0.5000
21	Spectrogram 1	1	648.291997396	648.294664063	22000.000	38000.000	0.5000
22	Waveform 1	1	648.419997396	648.457330729	22000.000	38000.000	0.1250
22	Spectrogram 1	1	648.419997396	648.457330729	22000.000	38000.000	0.1250
23	Waveform 1	1	648.567330729	648.569330729	22000.000	38000.000	0.6667
23	Spectrogram 1	1	648.567330729	648.569330729	22000.000	38000.000	0.6667
24	Waveform 1	1	648.697330729	648.709330729	22000.000	38000.000	0.3333
24	Spectrogram 1	1	648.697330729	648.709330729	22000.000	38000.000	0.3333
25	Waveform 1	1	649.044664063	649.051330729	22000.000	38000.000	0.3000
25	Spectrogram 1	1	649.044664063	649.051330729	22000.000	38000.000	0.3000
26	Waveform 1	1	649.193330729	649.240664063	22000.000	38000.000	0.0986
26	Spectrogram 1	1	649.193330729	649.240664063	22000.000	38000.000	0.0986
27	Waveform 1	1	649.318664063	649.358664062	22000.000	38000.000	0.1833
27	Spectrogram 1	1	649.318664063	649.358664062	22000.000	38000.000	0.1833
28	Waveform 1	1	649.445997396	649.477997396	22000.000	38000.000	0.2292
28	Spectrogram 1	1	649.445997396	649.477997396	22000.000	38000.000	0.2292
29	Waveform 1	1	649.571330729	649.602664063	22000.000	38000.000	0.1064
29	Spectrogram 1	1	649.571330729	649.602664063	22000.000	38000.000	0.1064
30	Waveform 1	1	649.869330729	649.872664063	22000.000	38000.000	0.8000
30	Spectrogram 1	1	649.869330729	649.872664063	22000.000	38000.000	0.8000
31	Waveform 1	1	650.866664063	650.891330729	22000.000	38000.000	0.1081
31	Spectrogram 1	1	650.866664063	650.891330729	22000.000	38000.000	0.1081
32	Waveform 1	1	651.562664063	651.567330729	22000.000	38000.000	0.4286
32	Spectrogram 1	1	651.562664063	651.567330729	22000.000	38000.000	0.4286
33	Waveform 1	1	651.689997396	651.700664063	22000.000	38000.000	0.1250
33	Spectrogram 1	1	651.689997396	651.700664063	22000.000	38000.000	0.1250
34	Waveform 1	1	651.842664063	651.858664062	22000.000	38000.000	0.1667
34	Spectrogram 1	1	651.842664063	651.858664062	22000.000	38000.000	0.1667
35	Waveform 1	1	652.276664063	652.321997396	22000.000	38000.000	0.0735
35	Spectrogram 1	1	652.276664063	652.321997396	22000.000	38000.000	0.0735
36	Waveform 1	1	653.207330729	653.213997396	22000.000	38000.000	0.3000
36	Spectrogram 1	1	653.207330729	653.213997396	22000.000	38000.000	0.3000
37	Waveform 1	1	653.344664063	653.358664062	22000.000	38000.000	0.0952
37	Spectrogram 1	1	653.344664063	653.358664062	22000.000	38000.000	0.0952
38	Waveform 1	1	654.099997396	654.139330729	22000.000	38000.000	0.0847
38	Spectrogram 1	1	654.099997396	654.139330729	22000.000	38000.000	0.0847
39	Waveform 1	1	654.231997396	654.235330729	22000.000	38000.000	0.8000
39	Spectrogram 1	1	654.231997396	654.235330729	22000.000	38000.000	0.8000
40	Waveform 1	1	654.342664063	654.348664063	22000.000	38000.000	0.5556
40	Spectrogram 1	1	654.342664063	654.348664063	22000.000	38000.000	0.5556
41	Waveform 1	1	654.478664063	654.481997396	22000.000	38000.000	0.6000
41	Spectrogram 1	1	654.478664063	654.481997396	22000.000	38000.000	0.6000
42	Waveform 1	1	654.617330729	654.645330729	22000.000	38000.000	0.2143
42	Spectrogram 1	1	654.617330729	654.645330729	22000.000	38000.000	0.2143
43	Waveform 1	1	655.000664063	655.031330729	22000.000	38000.000	0.1522
43	Spectrogram 1	1	655.000664063	655.031330729	22000.000	38000.000	0.1522
44	Waveform 1	1	655.145997396	655.151330729	22000.000	38000.000	0.3750
44	Spectrogram 1	1	655.145997396	655.151330729	22000.000	38000.000	0.3750
45	Waveform 1	1	655.399997396	655.401330729	22000.000	38000.000	1.0000
45	Spectrogram 1	1	655.399997396	655.401330729	22000.000	38000.000	1.0000
46	Waveform 1	1	655.654664063	655.655997396	22000.000	38000.000	1.0000
46	Spectrogram 1	1	655.654664063	655.655997396	22000.000	38000.000	1.0000
47	Waveform 1	1	656.295330729	656.296664063	22000.000	38000.000	1.0000
47	Spectrogram 1	1	656.295330729	656.296664063	22000.000	38000.000	1.0000
48	Waveform 1	1	656.561330729	656.567330729	22000.000	38000.000	0.4444
48	Spectrogram 1	1	656.561330729	656.567330729	22000.000	38000.000	0.4444
49	Waveform 1	1	657.437997396	657.446664063	22000.000	38000.000	0.3077
49	Spectrogram 1	1	657.437997396	657.446664063	22000.000	38000.000	0.3077
50	Waveform 1	1	657.581997396	657.583997396	22000.000	38000.000	0.6667
50	Spectrogram 1	1	657.581997396	657.583997396	22000.000	38000.000	0.6667
51	Waveform 1	1	657.707997396	657.726664063	22000.000	38000.000	0.1071
51	Spectrogram 1	1	657.707997396	657.726664063	22000.000	38000.000	0.1071
52	Waveform 1	1	658.077330729	658.079330729	22000.000	38000.000	1.0000
52	Spectrogram 1	1	658.077330729	658.079330729	22000.000	38000.000	1.0000
53	Waveform 1	1	658.345997396	658.369997396	22000.000	38000.000	0.1111
53	Spectrogram 1	1	658.345997396	658.369997396	22000.000	38000.000	0.1111
54	Waveform 1	1	658.588664063	658.601330729	22000.000	38000.000	0.3158
54	Spectrogram 1	1	658.588664063	658.601330729	22000.000	38000.000	0.3158
55	Waveform 1	1	658.873997396	658.889997396	22000.000	38000.000	0.0833
55	Spectrogram 1	1	658.873997396	658.889997396	22000.000	38000.000	0.0833
56	Waveform 1	1	659.083330729	659.108664062	22000.000	38000.000	0.0789
56	Spectrogram 1	1	659.083330729	659.108664062	22000.000	38000.000	0.0789
57	Waveform 1	1	659.370664063	659.375330729	22000.000	38000.000	0.2857
57	Spectrogram 1	1	659.370664063	659.375330729	22000.000	38000.000	0.2857
58	Waveform 1	1	659.612664063	659.619330729	22000.000	38000.000	0.4000
58	Spectrogram 1	1	659.612664063	659.619330729	22000.000	38000.000	0.4000
59	Waveform 1	1	660.109330729	660.112664063	22000.000	38000.000	0.6000
59	Spectrogram 1	1	660.109330729	660.112664063	22000.000	38000.000	0.6000
60	Waveform 1	1	660.356664063	660.359330729	22000.000	38000.000	0.7500
60	Spectrogram 1	1	660.356664063	660.359330729	22000.000	38000.000	0.7500
61	Waveform 1	1	660.498664063	660.536664062	22000.000	38000.000	0.1228
61	Spectrogram 1	1	660.498664063	660.536664062	22000.000	38000.000	0.1228
62	Waveform 1	1	660.632664062	660.660664063	22000.000	38000.000	0.1667
62	Spectrogram 1	1	660.632664062	660.660664063	22000.000	38000.000	0.1667
63	Waveform 1	1	660.895330729	660.914664063	22000.000	38000.000	0.1379
63	Spectrogram 1	1	660.895330729	660.914664063	22000.000	38000.000	0.1379
64	Waveform 1	1	661.266664063	661.305330729	22000.000	38000.000	0.1207
64	Spectrogram 1	1	661.266664063	661.305330729	22000.000	38000.000	0.1207
65	Waveform 1	1	661.644664063	661.651330729	22000.000	38000.000	0.4000
65	Spectrogram 1	1	661.644664063	661.651330729	22000.000	38000.000	0.4000
66	Waveform 1	1	661.887330729	661.891330729	22000.000	38000.000	0.6667
66	Spectrogram 1	1	661.887330729	661.891330729	22000.000	38000.000	0.6667
67	Waveform 1	1	662.013997396	662.041330729	22000.000	38000.000	0.1707
67	Spectrogram 1	1	662.013997396	662.041330729	22000.000	38000.000	0.1707
68	Waveform 1	1	662.152664063	662.178664063	22000.000	38000.000	0.2308
68	Spectrogram 1	1	662.152664063	662.178664063	22000.000	38000.000	0.2308
69	Waveform 1	1	662.297330729	662.309997396	22000.000	38000.000	0.2632
69	Spectrogram 1	1	662.297330729	662.309997396	22000.000	38000.000	0.2632
70	Waveform 1	1	662.423997396	662.451997396	22000.000	38000.000	0.1429
70	Spectrogram 1	1	662.423997396	662.451997396	22000.000	38000.000	0.1429
71	Waveform 1	1	662.555997396	662.569997396	22000.000	38000.000	0.1429
71	Spectrogram 1	1	662.555997396	662.569997396	22000.000	38000.000	0.1429
72	Waveform 1	1	662.673330729	662.687330729	22000.000	38000.000	0.3810
72	Spectrogram 1	1	662.673330729	662.687330729	22000.000	38000.000	0.3810
73	Waveform 1	1	662.783330729	662.803997396	22000.000	38000.000	0.2903
73	Spectrogram 1	1	662.783330729	662.803997396	22000.000	38000.000	0.2903
74	Waveform 1	1	662.897997396	662.915330729	22000.000	38000.000	0.2308
74	Spectrogram 1	1	662.897997396	662.915330729	22000.000	38000.000	0.2308
75	Waveform 1	1	663.999997396	664.031330729	22000.000	38000.000	0.1277
75	Spectrogram 1	1	663.999997396	664.031330729	22000.000	38000.000	0.1277
76	Waveform 1	1	664.236664063	664.280664063	22000.000	38000.000	0.0758
76	Spectrogram 1	1	664.236664063	664.280664063	22000.000	38000.000	0.0758
77	Waveform 1	1	664.383330729	664.407330729	22000.000	38000.000	0.3611
77	Spectrogram 1	1	664.383330729	664.407330729	22000.000	38000.000	0.3611
78	Waveform 1	1	664.633997396	664.683330729	22000.000	38000.000	0.1216
78	Spectrogram 1	1	664.633997396	664.683330729	22000.000	38000.000	0.1216
79	Waveform 1	1	665.021330729	665.043330729	22000.000	38000.000	0.1212
79	Spectrogram 1	1	665.021330729	665.043330729	22000.000	38000.000	0.1212
80	Waveform 1	1	665.174664063	665.189997396	22000.000	38000.000	0.2174
80	Spectrogram 1	1	665.174664063	665.189997396	22000.000	38000.000	0.2174
81	Waveform 1	1	665.945330729	665.946664063	22000.000	38000.000	1.0000
81	Spectrogram 1	1	665.945330729	665.946664063	22000.000	38000.000	1.0000
82	Waveform 1	1	666.675997396	666.683997396	22000.000	38000.000	0.4167
82	Spectrogram 1	1	666.675997396	666.683997396	22000.000	38000.000	0.4167
83	Waveform 1	1	666.803330729	666.829330729	22000.000	38000.000	0.1026
83	Spectrogram 1	1	666.803330729	666.829330729	22000.000	38000.000	0.1026
84	Waveform 1	1	669.303997396	669.305997396	22000.000	38000.000	0.6667
84	Spectrogram 1	1	669.303997396	669.305997396	22000.000	38000.000	0.6667
85	Waveform 1	1	669.540664063	669.541997396	22000.000	38000.000	1.0000
85	Spectrogram 1	1	669.540664063	669.541997396	22000.000	38000.000	1.0000
86	Waveform 1	1	670.020664063	670.039997396	22000.000	38000.000	0.1034
86	Spectrogram 1	1	670.020664063	670.039997396	22000.000	38000.000	0.1034
87	Waveform 1	1	670.987997396	670.991330729	22000.000	38000.000	0.4000
87	Spectrogram 1	1	670.987997396	670.991330729	22000.000	38000.000	0.4000
88	Waveform 1	1	671.267330729	671.275330729	22000.000	38000.000	0.1667
88	Spectrogram 1	1	671.267330729	671.275330729	22000.000	38000.000	0.1667
89	Waveform 1	1	693.837997396	693.842664063	22000.000	38000.000	0.2857
89	Spectrogram 1	1	693.837997396	693.842664063	22000.000	38000.000	0.2857
90	Waveform 1	1	700.085330729	700.093997396	22000.000	38000.000	0.1538
90	Spectrogram 1	1	700.085330729	700.093997396	22000.000	38000.000	0.1538
91	Waveform 1	1	706.829330729	706.843997396	22000.000	38000.000	0.0909
91	Spectrogram 1	1	706.829330729	706.843997396	22000.000	38000.000	0.0909
92	Waveform 1	1	707.084664062	707.087330729	22000.000	38000.000	0.5000
92	Spectrogram 1	1	707.084664062	707.087330729	22000.000	38000.000	0.5000
93	Waveform 1	1	707.852664063	707.865330729	22000.000	38000.000	0.1579
93	Spectrogram 1	1	707.852664063	707.865330729	22000.000	38000.000	0.1579
94	Waveform 1	1	708.109997396	708.129330729	22000.000	38000.000	0.1379
94	Spectrogram 1	1	708.109997396	708.129330729	22000.000	38000.000	0.1379
95	Waveform 1	1	708.645330729	708.664664063	22000.000	38000.000	0.1034
95	Spectrogram 1	1	708.645330729	708.664664063	22000.000	38000.000	0.1034
96	Waveform 1	1	708.909997396	708.941330729	22000.000	38000.000	0.1915
96	Spectrogram 1	1	708.909997396	708.941330729	22000.000	38000.000	0.1915
97	Waveform 1	1	709.175330729	709.235330729	22000.000	38000.000	0.1000
97	Spectrogram 1	1	709.175330729	709.235330729	22000.000	38000.000	0.1000
98	Waveform 1	1	709.442664063	709.493997396	22000.000	38000.000	0.1818
98	Spectrogram 1	1	709.442664063	709.493997396	22000.000	38000.000	0.1818
99	Waveform 1	1	709.705997396	709.731997396	22000.000	38000.000	0.1282
99	Spectrogram 1	1	709.705997396	709.731997396	22000.000	38000.000	0.1282
100	Waveform 1	1	709.957997396	710.015330729	22000.000	38000.000	0.1395
100	Spectrogram 1	1	709.957997396	710.015330729	22000.000	38000.000	0.1395
101	Waveform 1	1	710.081330729	710.088664063	22000.000	38000.000	0.4545
101	Spectrogram 1	1	710.081330729	710.088664063	22000.000	38000.000	0.4545
102	Waveform 1	1	710.269330729	710.295330729	22000.000	38000.000	0.1282
102	Spectrogram 1	1	710.269330729	710.295330729	22000.000	38000.000	0.1282
103	Waveform 1	1	710.839997396	710.851330729	22000.000	38000.000	0.2353
103	Spectrogram 1	1	710.839997396	710.851330729	22000.000	38000.000	0.2353
104	Waveform 1	1	711.039997396	711.116664063	22000.000	38000.000	0.0957
104	Spectrogram 1	1	711.039997396	711.116664063	22000.000	38000.000	0.0957
105	Waveform 1	1	711.319330729	711.320664063	22000.000	38000.000	1.0000
105	Spectrogram 1	1	711.319330729	711.320664063	22000.000	38000.000	1.0000
106	Waveform 1	1	711.729997396	711.769330729	22000.000	38000.000	0.0847
106	Spectrogram 1	1	711.729997396	711.769330729	22000.000	38000.000	0.0847
107	Waveform 1	1	711.971997396	711.999997396	22000.000	38000.000	0.1667
107	Spectrogram 1	1	711.971997396	711.999997396	22000.000	38000.000	0.1667
108	Waveform 1	1	712.170664063	712.213997396	22000.000	38000.000	0.1846
108	Spectrogram 1	1	712.170664063	712.213997396	22000.000	38000.000	0.1846
109	Waveform 1	1	712.331330729	712.335330729	22000.000	38000.000	0.5000
109	Spectrogram 1	1	712.331330729	712.335330729	22000.000	38000.000	0.5000
110	Waveform 1	1	712.566664063	712.613330729	22000.000	38000.000	0.0857
110	Spectrogram 1	1	712.566664063	712.613330729	22000.000	38000.000	0.0857
111	Waveform 1	1	712.835330729	712.845997396	22000.000	38000.000	0.3750
111	Spectrogram 1	1	712.835330729	712.845997396	22000.000	38000.000	0.3750
112	Waveform 1	1	713.104664063	713.153330729	22000.000	38000.000	0.1096
112	Spectrogram 1	1	713.104664063	713.153330729	22000.000	38000.000	0.1096
113	Waveform 1	1	713.368664063	713.399330729	22000.000	38000.000	0.1087
113	Spectrogram 1	1	713.368664063	713.399330729	22000.000	38000.000	0.1087
114	Waveform 1	1	713.529330729	713.555997396	22000.000	38000.000	0.1250
114	Spectrogram 1	1	713.529330729	713.555997396	22000.000	38000.000	0.1250
115	Waveform 1	1	713.808664063	713.840664063	22000.000	38000.000	0.1458
115	Spectrogram 1	1	713.808664063	713.840664063	22000.000	38000.000	0.1458
116	Waveform 1	1	714.070664063	714.091330729	22000.000	38000.000	0.1290
116	Spectrogram 1	1	714.070664063	714.091330729	22000.000	38000.000	0.1290
117	Waveform 1	1	714.336664063	714.373997396	22000.000	38000.000	0.1786
117	Spectrogram 1	1	714.336664063	714.373997396	22000.000	38000.000	0.1786
118	Waveform 1	1	714.601330729	714.611330729	22000.000	38000.000	0.1333
118	Spectrogram 1	1	714.601330729	714.611330729	22000.000	38000.000	0.1333
119	Waveform 1	1	715.164664063	715.167330729	22000.000	38000.000	0.5000
119	Spectrogram 1	1	715.164664063	715.167330729	22000.000	38000.000	0.5000
120	Waveform 1	1	715.425330729	715.441997396	22000.000	38000.000	0.2400
120	Spectrogram 1	1	715.425330729	715.441997396	22000.000	38000.000	0.2400
121	Waveform 1	1	715.703330729	715.712664063	22000.000	38000.000	0.1429
121	Spectrogram 1	1	715.703330729	715.712664063	22000.000	38000.000	0.1429
122	Waveform 1	1	716.030664063	716.036664062	22000.000	38000.000	0.2222
122	Spectrogram 1	1	716.030664063	716.036664062	22000.000	38000.000	0.2222
123	Waveform 1	1	716.135330729	716.139330729	22000.000	38000.000	0.5000
123	Spectrogram 1	1	716.135330729	716.139330729	22000.000	38000.000	0.5000
124	Waveform 1	1	717.522664063	717.525997396	22000.000	38000.000	0.4000
124	Spectrogram 1	1	717.522664063	717.525997396	22000.000	38000.000	0.4000
125	Waveform 1	1	717.769330729	717.770664063	22000.000	38000.000	1.0000
125	Spectrogram 1	1	717.769330729	717.770664063	22000.000	38000.000	1.0000
126	Waveform 1	1	718.014664063	718.016664063	22000.000	38000.000	0.6667
126	Spectrogram 1	1	718.014664063	718.016664063	22000.000	38000.000	0.6667
127	Waveform 1	1	718.811997396	718.827330729	22000.000	38000.000	0.2174
127	Spectrogram 1	1	718.811997396	718.827330729	22000.000	38000.000	0.2174
128	Waveform 1	1	719.377330729	719.378664063	22000.000	38000.000	1.0000
128	Spectrogram 1	1	719.377330729	719.378664063	22000.000	38000.000	1.0000
129	Waveform 1	1	729.543997396	729.551997396	22000.000	38000.000	0.1667
129	Spectrogram 1	1	729.543997396	729.551997396	22000.000	38000.000	0.1667
130	Waveform 1	1	742.141330729	742.145330729	22000.000	38000.000	0.3333
130	Spectrogram 1	1	742.141330729	742.145330729	22000.000	38000.000	0.3333
131	Waveform 1	1	744.700664063	744.709330729	22000.000	38000.000	0.1538
131	Spectrogram 1	1	744.700664063	744.709330729	22000.000	38000.000	0.1538
132	Waveform 1	1	745.695997396	745.707997396	22000.000	38000.000	0.2222
132	Spectrogram 1	1	745.695997396	745.707997396	22000.000	38000.000	0.2222
133	Waveform 1	1	746.053997396	746.058664063	22000.000	38000.000	0.4286
133	Spectrogram 1	1	746.053997396	746.058664063	22000.000	38000.000	0.4286
134	Waveform 1	1	746.531997396	746.552664063	22000.000	38000.000	0.1290
134	Spectrogram 1	1	746.531997396	746.552664063	22000.000	38000.000	0.1290
135	Waveform 1	1	746.773330729	746.777997396	22000.000	38000.000	0.2857
135	Spectrogram 1	1	746.773330729	746.777997396	22000.000	38000.000	0.2857
136	Waveform 1	1	747.754664063	747.777330729	22000.000	38000.000	0.0882
136	Spectrogram 1	1	747.754664063	747.777330729	22000.000	38000.000	0.0882
137	Waveform 1	1	747.998664063	748.026664063	22000.000	38000.000	0.1667
137	Spectrogram 1	1	747.998664063	748.026664063	22000.000	38000.000	0.1667
138	Waveform 1	1	748.232664063	748.241330729	22000.000	38000.000	0.2308
138	Spectrogram 1	1	748.232664063	748.241330729	22000.000	38000.000	0.2308
139	Waveform 1	1	748.471997396	748.479997396	22000.000	38000.000	0.1667
139	Spectrogram 1	1	748.471997396	748.479997396	22000.000	38000.000	0.1667
140	Waveform 1	1	748.717997396	748.727997396	22000.000	38000.000	0.2000
140	Spectrogram 1	1	748.717997396	748.727997396	22000.000	38000.000	0.2000
141	Waveform 1	1	748.957330729	748.964664063	22000.000	38000.000	0.4545
141	Spectrogram 1	1	748.957330729	748.964664063	22000.000	38000.000	0.4545
142	Waveform 1	1	749.185330729	749.201330729	22000.000	38000.000	0.0833
142	Spectrogram 1	1	749.185330729	749.201330729	22000.000	38000.000	0.0833
143	Waveform 1	1	749.803330729	749.815997396	22000.000	38000.000	0.1579
143	Spectrogram 1	1	749.803330729	749.815997396	22000.000	38000.000	0.1579
144	Waveform 1	1	750.267997396	750.273997396	22000.000	38000.000	0.4444
144	Spectrogram 1	1	750.267997396	750.273997396	22000.000	38000.000	0.4444
145	Waveform 1	1	753.231997396	753.237997396	22000.000	38000.000	0.4444
145	Spectrogram 1	1	753.231997396	753.237997396	22000.000	38000.000	0.4444
146	Waveform 1	1	754.271997396	754.306664063	22000.000	38000.000	0.0962
146	Spectrogram 1	1	754.271997396	754.306664063	22000.000	38000.000	0.0962
147	Waveform 1	1	758.127997396	758.139330729	22000.000	38000.000	0.2941
147	Spectrogram 1	1	758.127997396	758.139330729	22000.000	38000.000	0.2941
148	Waveform 1	1	758.212664063	758.215330729	22000.000	38000.000	0.5000
148	Spectrogram 1	1	758.212664063	758.215330729	22000.000	38000.000	0.5000
149	Waveform 1	1	758.364664063	758.368664063	22000.000	38000.000	0.3333
149	Spectrogram 1	1	758.364664063	758.368664063	22000.000	38000.000	0.3333
150	Waveform 1	1	758.606664063	758.624664063	22000.000	38000.000	0.0741
150	Spectrogram 1	1	758.606664063	758.624664063	22000.000	38000.000	0.0741
151	Waveform 1	1	759.211997396	759.217330729	22000.000	38000.000	0.2500
151	Spectrogram 1	1	759.211997396	759.217330729	22000.000	38000.000	0.2500
152	Waveform 1	1	759.695330729	759.703330729	22000.000	38000.000	0.1667
152	Spectrogram 1	1	759.695330729	759.703330729	22000.000	38000.000	0.1667
153	Waveform 1	1	759.928664063	759.946664063	22000.000	38000.000	0.1481
153	Spectrogram 1	1	759.928664063	759.946664063	22000.000	38000.000	0.1481
154	Waveform 1	1	762.965997396	762.967997396	22000.000	38000.000	0.6667
154	Spectrogram 1	1	762.965997396	762.967997396	22000.000	38000.000	0.6667
155	Waveform 1	1	763.933997396	763.963997396	22000.000	38000.000	0.0889
155	Spectrogram 1	1	763.933997396	763.963997396	22000.000	38000.000	0.0889
156	Waveform 1	1	764.087997396	764.101997396	22000.000	38000.000	0.1429
156	Spectrogram 1	1	764.087997396	764.101997396	22000.000	38000.000	0.1429
157	Waveform 1	1	764.327330729	764.351997396	22000.000	38000.000	0.1081
157	Spectrogram 1	1	764.327330729	764.351997396	22000.000	38000.000	0.1081
158	Waveform 1	1	768.204664063	768.210664063	22000.000	38000.000	0.2222
158	Spectrogram 1	1	768.204664063	768.210664063	22000.000	38000.000	0.2222
159	Waveform 1	1	768.343330729	768.367997396	22000.000	38000.000	0.0811
159	Spectrogram 1	1	768.343330729	768.367997396	22000.000	38000.000	0.0811
160	Waveform 1	1	768.471997396	768.492664063	22000.000	38000.000	0.1290
160	Spectrogram 1	1	768.471997396	768.492664063	22000.000	38000.000	0.1290
161	Waveform 1	1	768.883997396	768.896664063	22000.000	38000.000	0.1053
161	Spectrogram 1	1	768.883997396	768.896664063	22000.000	38000.000	0.1053
162	Waveform 1	1	769.704664063	769.720664063	22000.000	38000.000	0.0833
162	Spectrogram 1	1	769.704664063	769.720664063	22000.000	38000.000	0.0833
163	Waveform 1	1	770.114664063	770.129330729	22000.000	38000.000	0.1818
163	Spectrogram 1	1	770.114664063	770.129330729	22000.000	38000.000	0.1818
164	Waveform 1	1	771.736664063	771.741997396	22000.000	38000.000	0.2500
164	Spectrogram 1	1	771.736664063	771.741997396	22000.000	38000.000	0.2500
165	Waveform 1	1	801.817330729	801.823330729	22000.000	38000.000	0.2222
165	Spectrogram 1	1	801.817330729	801.823330729	22000.000	38000.000	0.2222
166	Waveform 1	1	802.299997396	802.309330729	22000.000	38000.000	0.1429
166	Spectrogram 1	1	802.299997396	802.309330729	22000.000	38000.000	0.1429
167	Waveform 1	1	853.377330729	853.385330729	22000.000	38000.000	0.3333
167	Spectrogram 1	1	853.377330729	853.385330729	22000.000	38000.000	0.3333
168	Waveform 1	1	854.113330729	854.115997396	22000.000	38000.000	0.5000
168	Spectrogram 1	1	854.113330729	854.115997396	22000.000	38000.000	0.5000
169	Waveform 1	1	855.599330729	855.613330729	22000.000	38000.000	0.1905
169	Spectrogram 1	1	855.599330729	855.613330729	22000.000	38000.000	0.1905
170	Waveform 1	1	857.138664063	857.151330729	22000.000	38000.000	0.1579
170	Spectrogram 1	1	857.138664063	857.151330729	22000.000	38000.000	0.1579
171	Waveform 1	1	868.759997396	868.761997396	22000.000	38000.000	1.0000
171	Spectrogram 1	1	868.759997396	868.761997396	22000.000	38000.000	1.0000
172	Waveform 1	1	869.006664063	869.012664062	22000.000	38000.000	0.3333
172	Spectrogram 1	1	869.006664063	869.012664062	22000.000	38000.000	0.3333
173	Waveform 1	1	869.263997396	869.272664063	22000.000	38000.000	0.3077
173	Spectrogram 1	1	869.263997396	869.272664063	22000.000	38000.000	0.3077
174	Waveform 1	1	869.842664063	869.844664063	22000.000	38000.000	0.6667
174	Spectrogram 1	1	869.842664063	869.844664063	22000.000	38000.000	0.6667
175	Waveform 1	1	870.237330729	870.245330729	22000.000	38000.000	0.6667
175	Spectrogram 1	1	870.237330729	870.245330729	22000.000	38000.000	0.6667
176	Waveform 1	1	871.108664062	871.116664063	22000.000	38000.000	0.1667
176	Spectrogram 1	1	871.108664062	871.116664063	22000.000	38000.000	0.1667
177	Waveform 1	1	871.241330729	871.260664063	22000.000	38000.000	0.1379
177	Spectrogram 1	1	871.241330729	871.260664063	22000.000	38000.000	0.1379
178	Waveform 1	1	871.486664063	871.517997396	22000.000	38000.000	0.1064
178	Spectrogram 1	1	871.486664063	871.517997396	22000.000	38000.000	0.1064
179	Waveform 1	1	871.751330729	871.763330729	22000.000	38000.000	0.1667
179	Spectrogram 1	1	871.751330729	871.763330729	22000.000	38000.000	0.1667
180	Waveform 1	1	872.013330729	872.057997396	22000.000	38000.000	0.2985
180	Spectrogram 1	1	872.013330729	872.057997396	22000.000	38000.000	0.2985
181	Waveform 1	1	872.297997396	872.300664063	22000.000	38000.000	0.5000
181	Spectrogram 1	1	872.297997396	872.300664063	22000.000	38000.000	0.5000
182	Waveform 1	1	872.458664063	872.493330729	22000.000	38000.000	0.1154
182	Spectrogram 1	1	872.458664063	872.493330729	22000.000	38000.000	0.1154
183	Waveform 1	1	872.983330729	873.012664062	22000.000	38000.000	0.1818
183	Spectrogram 1	1	872.983330729	873.012664062	22000.000	38000.000	0.1818
184	Waveform 1	1	873.247997396	873.273997396	22000.000	38000.000	0.1795
184	Spectrogram 1	1	873.247997396	873.273997396	22000.000	38000.000	0.1795
185	Waveform 1	1	873.521997396	873.555330729	22000.000	38000.000	0.1000
185	Spectrogram 1	1	873.521997396	873.555330729	22000.000	38000.000	0.1000
186	Waveform 1	1	873.789997396	873.823997396	22000.000	38000.000	0.0784
186	Spectrogram 1	1	873.789997396	873.823997396	22000.000	38000.000	0.0784
187	Waveform 1	1	873.946664063	873.955997396	22000.000	38000.000	0.4286
187	Spectrogram 1	1	873.946664063	873.955997396	22000.000	38000.000	0.4286
188	Waveform 1	1	874.207330729	874.256664063	22000.000	38000.000	0.0946
188	Spectrogram 1	1	874.207330729	874.256664063	22000.000	38000.000	0.0946
189	Waveform 1	1	874.371997396	874.418664063	22000.000	38000.000	0.1571
189	Spectrogram 1	1	874.371997396	874.418664063	22000.000	38000.000	0.1571
190	Waveform 1	1	874.553997396	874.594664063	22000.000	38000.000	0.2295
190	Spectrogram 1	1	874.553997396	874.594664063	22000.000	38000.000	0.2295
191	Waveform 1	1	874.743997396	874.761330729	22000.000	38000.000	0.1923
191	Spectrogram 1	1	874.743997396	874.761330729	22000.000	38000.000	0.1923
192	Waveform 1	1	874.916664063	874.953330729	22000.000	38000.000	0.1818
192	Spectrogram 1	1	874.916664063	874.953330729	22000.000	38000.000	0.1818
193	Waveform 1	1	875.145330729	875.168664063	22000.000	38000.000	0.3143
193	Spectrogram 1	1	875.145330729	875.168664063	22000.000	38000.000	0.3143
194	Waveform 1	1	875.495997396	875.497997396	22000.000	38000.000	1.0000
194	Spectrogram 1	1	875.495997396	875.497997396	22000.000	38000.000	1.0000
195	Waveform 1	1	875.585997396	875.603997396	22000.000	38000.000	0.1852
195	Spectrogram 1	1	875.585997396	875.603997396	22000.000	38000.000	0.1852
196	Waveform 1	1	875.719330729	875.751330729	22000.000	38000.000	0.2917
196	Spectrogram 1	1	875.719330729	875.751330729	22000.000	38000.000	0.2917
197	Waveform 1	1	875.865330729	875.866664063	22000.000	38000.000	1.0000
197	Spectrogram 1	1	875.865330729	875.866664063	22000.000	38000.000	1.0000
198	Waveform 1	1	876.014664063	876.028664063	22000.000	38000.000	0.2381
198	Spectrogram 1	1	876.014664063	876.028664063	22000.000	38000.000	0.2381
199	Waveform 1	1	876.321997396	876.345997396	22000.000	38000.000	0.1389
199	Spectrogram 1	1	876.321997396	876.345997396	22000.000	38000.000	0.1389
200	Waveform 1	1	877.309997396	877.358664062	22000.000	38000.000	0.1644
200	Spectrogram 1	1	877.309997396	877.358664062	22000.000	38000.000	0.1644
201	Waveform 1	1	877.449997396	877.464664063	22000.000	38000.000	0.1364
201	Spectrogram 1	1	877.449997396	877.464664063	22000.000	38000.000	0.1364
202	Waveform 1	1	877.675997396	877.718664063	22000.000	38000.000	0.0938
202	Spectrogram 1	1	877.675997396	877.718664063	22000.000	38000.000	0.0938
203	Waveform 1	1	877.845330729	877.852664063	22000.000	38000.000	0.1818
203	Spectrogram 1	1	877.845330729	877.852664063	22000.000	38000.000	0.1818
204	Waveform 1	1	878.047330729	878.093330729	22000.000	38000.000	0.0870
204	Spectrogram 1	1	878.047330729	878.093330729	22000.000	38000.000	0.0870
205	Waveform 1	1	878.323997396	878.357997396	22000.000	38000.000	0.0784
205	Spectrogram 1	1	878.323997396	878.357997396	22000.000	38000.000	0.0784
206	Waveform 1	1	878.610664063	878.651997396	22000.000	38000.000	0.1290
206	Spectrogram 1	1	878.610664063	878.651997396	22000.000	38000.000	0.1290
207	Waveform 1	1	879.558664063	879.559997396	22000.000	38000.000	1.0000
207	Spectrogram 1	1	879.558664063	879.559997396	22000.000	38000.000	1.0000
208	Waveform 1	1	880.105997396	880.111997396	22000.000	38000.000	0.3333
208	Spectrogram 1	1	880.105997396	880.111997396	22000.000	38000.000	0.3333
209	Waveform 1	1	880.381330729	880.407997396	22000.000	38000.000	0.1250
209	Spectrogram 1	1	880.381330729	880.407997396	22000.000	38000.000	0.1250
210	Waveform 1	1	880.499330729	880.500664063	22000.000	38000.000	1.0000
210	Spectrogram 1	1	880.499330729	880.500664063	22000.000	38000.000	1.0000
211	Waveform 1	1	880.676664063	880.678664063	22000.000	38000.000	0.6667
211	Spectrogram 1	1	880.676664063	880.678664063	22000.000	38000.000	0.6667
212	Waveform 1	1	880.927997396	880.969330729	22000.000	38000.000	0.0806
212	Spectrogram 1	1	880.927997396	880.969330729	22000.000	38000.000	0.0806
213	Waveform 1	1	881.269330729	881.277330729	22000.000	38000.000	0.1667
213	Spectrogram 1	1	881.269330729	881.277330729	22000.000	38000.000	0.1667
214	Waveform 1	1	881.778664063	881.785330729	22000.000	38000.000	0.9000
214	Spectrogram 1	1	881.778664063	881.785330729	22000.000	38000.000	0.9000
215	Waveform 1	1	881.868664063	881.877330729	22000.000	38000.000	0.3077
215	Spectrogram 1	1	881.868664063	881.877330729	22000.000	38000.000	0.3077
216	Waveform 1	1	882.053330729	882.079330729	22000.000	38000.000	0.2051
216	Spectrogram 1	1	882.053330729	882.079330729	22000.000	38000.000	0.2051
217	Waveform 1	1	882.234664063	882.242664063	22000.000	38000.000	0.2500
217	Spectrogram 1	1	882.234664063	882.242664063	22000.000	38000.000	0.2500
218	Waveform 1	1	882.376664063	882.387330729	22000.000	38000.000	0.1250
218	Spectrogram 1	1	882.376664063	882.387330729	22000.000	38000.000	0.1250
219	Waveform 1	1	882.576664063	882.588664063	22000.000	38000.000	0.1667
219	Spectrogram 1	1	882.576664063	882.588664063	22000.000	38000.000	0.1667
220	Waveform 1	1	882.665330729	882.673330729	22000.000	38000.000	0.2500
220	Spectrogram 1	1	882.665330729	882.673330729	22000.000	38000.000	0.2500
221	Waveform 1	1	882.758664063	882.788664063	22000.000	38000.000	0.1111
221	Spectrogram 1	1	882.758664063	882.788664063	22000.000	38000.000	0.1111
222	Waveform 1	1	882.935330729	882.949330729	22000.000	38000.000	0.0952
222	Spectrogram 1	1	882.935330729	882.949330729	22000.000	38000.000	0.0952
223	Waveform 1	1	883.082664063	883.095997396	22000.000	38000.000	0.2000
223	Spectrogram 1	1	883.082664063	883.095997396	22000.000	38000.000	0.2000
224	Waveform 1	1	883.161997396	883.167330729	22000.000	38000.000	0.3750
224	Spectrogram 1	1	883.161997396	883.167330729	22000.000	38000.000	0.3750
225	Waveform 1	1	883.258664063	883.268664063	22000.000	38000.000	0.2000
225	Spectrogram 1	1	883.258664063	883.268664063	22000.000	38000.000	0.2000
226	Waveform 1	1	883.444664063	883.455997396	22000.000	38000.000	0.2353
226	Spectrogram 1	1	883.444664063	883.455997396	22000.000	38000.000	0.2353
227	Waveform 1	1	883.718664063	883.785330729	22000.000	38000.000	0.1100
227	Spectrogram 1	1	883.718664063	883.785330729	22000.000	38000.000	0.1100
228	Waveform 1	1	884.078664063	884.106664063	22000.000	38000.000	0.0714
228	Spectrogram 1	1	884.078664063	884.106664063	22000.000	38000.000	0.0714
229	Waveform 1	1	884.403330729	884.433330729	22000.000	38000.000	0.2889
229	Spectrogram 1	1	884.403330729	884.433330729	22000.000	38000.000	0.2889
230	Waveform 1	1	884.569330729	884.571330729	22000.000	38000.000	0.6667
230	Spectrogram 1	1	884.569330729	884.571330729	22000.000	38000.000	0.6667
231	Waveform 1	1	884.743330729	884.791997396	22000.000	38000.000	0.2603
231	Spectrogram 1	1	884.743330729	884.791997396	22000.000	38000.000	0.2603
232	Waveform 1	1	884.922664063	884.959330729	22000.000	38000.000	0.1818
232	Spectrogram 1	1	884.922664063	884.959330729	22000.000	38000.000	0.1818
233	Waveform 1	1	885.404664063	885.463330729	22000.000	38000.000	0.0795
233	Spectrogram 1	1	885.404664063	885.463330729	22000.000	38000.000	0.0795
234	Waveform 1	1	885.723330729	885.738664063	22000.000	38000.000	0.2609
234	Spectrogram 1	1	885.723330729	885.738664063	22000.000	38000.000	0.2609
235	Waveform 1	1	886.053997396	886.081330729	22000.000	38000.000	0.1463
235	Spectrogram 1	1	886.053997396	886.081330729	22000.000	38000.000	0.1463
236	Waveform 1	1	886.553997396	886.581997396	22000.000	38000.000	0.0714
236	Spectrogram 1	1	886.553997396	886.581997396	22000.000	38000.000	0.0714
237	Waveform 1	1	886.747997396	886.763997396	22000.000	38000.000	0.1667
237	Spectrogram 1	1	886.747997396	886.763997396	22000.000	38000.000	0.1667
238	Waveform 1	1	887.037997396	887.065997396	22000.000	38000.000	0.0714
238	Spectrogram 1	1	887.037997396	887.065997396	22000.000	38000.000	0.0714
239	Waveform 1	1	887.363997396	887.388664063	22000.000	38000.000	0.2162
239	Spectrogram 1	1	887.363997396	887.388664063	22000.000	38000.000	0.2162
240	Waveform 1	1	887.543997396	887.589997396	22000.000	38000.000	0.1159
240	Spectrogram 1	1	887.543997396	887.589997396	22000.000	38000.000	0.1159
241	Waveform 1	1	887.858664062	887.897997396	22000.000	38000.000	0.2373
241	Spectrogram 1	1	887.858664062	887.897997396	22000.000	38000.000	0.2373
242	Waveform 1	1	888.240664063	888.261330729	22000.000	38000.000	0.1935
242	Spectrogram 1	1	888.240664063	888.261330729	22000.000	38000.000	0.1935
243	Waveform 1	1	888.427997396	888.477997396	22000.000	38000.000	0.1467
243	Spectrogram 1	1	888.427997396	888.477997396	22000.000	38000.000	0.1467
244	Waveform 1	1	888.884664063	888.917997396	22000.000	38000.000	0.2000
244	Spectrogram 1	1	888.884664063	888.917997396	22000.000	38000.000	0.2000
245	Waveform 1	1	888.997330729	888.998664063	22000.000	38000.000	1.0000
245	Spectrogram 1	1	888.997330729	888.998664063	22000.000	38000.000	1.0000
246	Waveform 1	1	889.221997396	889.244664063	22000.000	38000.000	0.0882
246	Spectrogram 1	1	889.221997396	889.244664063	22000.000	38000.000	0.0882
247	Waveform 1	1	889.454664063	889.481997396	22000.000	38000.000	0.1463
247	Spectrogram 1	1	889.454664063	889.481997396	22000.000	38000.000	0.1463
248	Waveform 1	1	889.548664063	889.554664063	22000.000	38000.000	0.4444
248	Spectrogram 1	1	889.548664063	889.554664063	22000.000	38000.000	0.4444
249	Waveform 1	1	889.955330729	889.971330729	22000.000	38000.000	0.0833
249	Spectrogram 1	1	889.955330729	889.971330729	22000.000	38000.000	0.0833
250	Waveform 1	1	890.091330729	890.170664063	22000.000	38000.000	0.1345
250	Spectrogram 1	1	890.091330729	890.170664063	22000.000	38000.000	0.1345
251	Waveform 1	1	890.505330729	890.521997396	22000.000	38000.000	0.2400
251	Spectrogram 1	1	890.505330729	890.521997396	22000.000	38000.000	0.2400
252	Waveform 1	1	891.212664063	891.291997396	22000.000	38000.000	0.1008
252	Spectrogram 1	1	891.212664063	891.291997396	22000.000	38000.000	0.1008
253	Waveform 1	1	891.545330729	891.551997396	22000.000	38000.000	0.2000
253	Spectrogram 1	1	891.545330729	891.551997396	22000.000	38000.000	0.2000
254	Waveform 1	1	892.045997396	892.077997396	22000.000	38000.000	0.1458
254	Spectrogram 1	1	892.045997396	892.077997396	22000.000	38000.000	0.1458
255	Waveform 1	1	892.331330729	892.359997396	22000.000	38000.000	0.1628
255	Spectrogram 1	1	892.331330729	892.359997396	22000.000	38000.000	0.1628
256	Waveform 1	1	892.469330729	892.493997396	22000.000	38000.000	0.1351
256	Spectrogram 1	1	892.469330729	892.493997396	22000.000	38000.000	0.1351
257	Waveform 1	1	892.608664062	892.629997396	22000.000	38000.000	0.1250
257	Spectrogram 1	1	892.608664062	892.629997396	22000.000	38000.000	0.1250
258	Waveform 1	1	893.285997396	893.327330729	22000.000	38000.000	0.1774
258	Spectrogram 1	1	893.285997396	893.327330729	22000.000	38000.000	0.1774
259	Waveform 1	1	893.429330729	893.466664063	22000.000	38000.000	0.1250
259	Spectrogram 1	1	893.429330729	893.466664063	22000.000	38000.000	0.1250
260	Waveform 1	1	893.584664062	893.605330729	22000.000	38000.000	0.1613
260	Spectrogram 1	1	893.584664062	893.605330729	22000.000	38000.000	0.1613
261	Waveform 1	1	893.834664062	893.861997396	22000.000	38000.000	0.1463
261	Spectrogram 1	1	893.834664062	893.861997396	22000.000	38000.000	0.1463
262	Waveform 1	1	894.117997396	894.159997396	22000.000	38000.000	0.1270
262	Spectrogram 1	1	894.117997396	894.159997396	22000.000	38000.000	0.1270
263	Waveform 1	1	895.066664063	895.077330729	22000.000	38000.000	0.1250
263	Spectrogram 1	1	895.066664063	895.077330729	22000.000	38000.000	0.1250
264	Waveform 1	1	895.787997396	895.819330729	22000.000	38000.000	0.0851
264	Spectrogram 1	1	895.787997396	895.819330729	22000.000	38000.000	0.0851
265	Waveform 1	1	896.295330729	896.335997396	22000.000	38000.000	0.0820
265	Spectrogram 1	1	896.295330729	896.335997396	22000.000	38000.000	0.0820
266	Waveform 1	1	896.548664063	896.593997396	22000.000	38000.000	0.0735
266	Spectrogram 1	1	896.548664063	896.593997396	22000.000	38000.000	0.0735
267	Waveform 1	1	896.731330729	896.760664063	22000.000	38000.000	0.0909
267	Spectrogram 1	1	896.731330729	896.760664063	22000.000	38000.000	0.0909
268	Waveform 1	1	897.000664063	897.013997396	22000.000	38000.000	0.1500
268	Spectrogram 1	1	897.000664063	897.013997396	22000.000	38000.000	0.1500
269	Waveform 1	1	897.264664063	897.303997396	22000.000	38000.000	0.0847
269	Spectrogram 1	1	897.264664063	897.303997396	22000.000	38000.000	0.0847
270	Waveform 1	1	897.528664063	897.547997396	22000.000	38000.000	0.2069
270	Spectrogram 1	1	897.528664063	897.547997396	22000.000	38000.000	0.2069
271	Waveform 1	1	897.803330729	897.839330729	22000.000	38000.000	0.1111
271	Spectrogram 1	1	897.803330729	897.839330729	22000.000	38000.000	0.1111
272	Waveform 1	1	898.437330729	898.459330729	22000.000	38000.000	0.1515
272	Spectrogram 1	1	898.437330729	898.459330729	22000.000	38000.000	0.1515
273	Waveform 1	1	898.625330729	898.631330729	22000.000	38000.000	0.2222
273	Spectrogram 1	1	898.625330729	898.631330729	22000.000	38000.000	0.2222
274	Waveform 1	1	906.997997396	907.000664063	22000.000	38000.000	0.7500
274	Spectrogram 1	1	906.997997396	907.000664063	22000.000	38000.000	0.7500
275	Waveform 1	1	934.226664063	934.242664063	22000.000	38000.000	0.1250
275	Spectrogram 1	1	934.226664063	934.242664063	22000.000	38000.000	0.1250
276	Waveform 1	1	934.357330729	934.359330729	22000.000	38000.000	0.6667
276	Spectrogram 1	1	934.357330729	934.359330729	22000.000	38000.000	0.6667
277	Waveform 1	1	935.294664063	935.306664063	22000.000	38000.000	0.1111
277	Spectrogram 1	1	935.294664063	935.306664063	22000.000	38000.000	0.1111
278	Waveform 1	1	935.727330729	935.741330729	22000.000	38000.000	0.0952
278	Spectrogram 1	1	935.727330729	935.741330729	22000.000	38000.000	0.0952
279	Waveform 1	1	937.657330729	937.659997396	22000.000	38000.000	0.5000
279	Spectrogram 1	1	937.657330729	937.659997396	22000.000	38000.000	0.5000
280	Waveform 1	1	1019.083997396	1019.101997396	22000.000	38000.000	0.1111
280	Spectrogram 1	1	1019.083997396	1019.101997396	22000.000	38000.000	0.1111
281	Waveform 1	1	1019.853997396	1019.864664063	22000.000	38000.000	0.1250
281	Spectrogram 1	1	1019.853997396	1019.864664063	22000.000	38000.000	0.1250
282	Waveform 1	1	1020.089330729	1020.105330729	22000.000	38000.000	0.1250
282	Spectrogram 1	1	1020.089330729	1020.105330729	22000.000	38000.000	0.1250
283	Waveform 1	1	1020.571997396	1020.577997396	22000.000	38000.000	0.3333
283	Spectrogram 1	1	1020.571997396	1020.577997396	22000.000	38000.000	0.3333
284	Waveform 1	1	1021.113330729	1021.115997396	22000.000	38000.000	0.5000
284	Spectrogram 1	1	1021.113330729	1021.115997396	22000.000	38000.000	0.5000
285	Waveform 1	1	1021.401330729	1021.447997396	22000.000	38000.000	0.1143
285	Spectrogram 1	1	1021.401330729	1021.447997396	22000.000	38000.000	0.1143
286	Waveform 1	1	1021.665330729	1021.729330729	22000.000	38000.000	0.0938
286	Spectrogram 1	1	1021.665330729	1021.729330729	22000.000	38000.000	0.0938
287	Waveform 1	1	1021.913997396	1021.939330729	22000.000	38000.000	0.3158
287	Spectrogram 1	1	1021.913997396	1021.939330729	22000.000	38000.000	0.3158
288	Waveform 1	1	1022.468664063	1022.511997396	22000.000	38000.000	0.2462
288	Spectrogram 1	1	1022.468664063	1022.511997396	22000.000	38000.000	0.2462
289	Waveform 1	1	1022.828664063	1022.855997396	22000.000	38000.000	0.0976
289	Spectrogram 1	1	1022.828664063	1022.855997396	22000.000	38000.000	0.0976
290	Waveform 1	1	1023.097997396	1023.169330729	22000.000	38000.000	0.0841
290	Spectrogram 1	1	1023.097997396	1023.169330729	22000.000	38000.000	0.0841
291	Waveform 1	1	1023.293997396	1023.380664063	22000.000	38000.000	0.0769
291	Spectrogram 1	1	1023.293997396	1023.380664063	22000.000	38000.000	0.0769
292	Waveform 1	1	1023.837330729	1023.881330729	22000.000	38000.000	0.1061
292	Spectrogram 1	1	1023.837330729	1023.881330729	22000.000	38000.000	0.1061
293	Waveform 1	1	1024.080664062	1024.131330729	22000.000	38000.000	0.1053
293	Spectrogram 1	1	1024.080664062	1024.131330729	22000.000	38000.000	0.1053
294	Waveform 1	1	1024.213330729	1024.253330729	22000.000	38000.000	0.1000
294	Spectrogram 1	1	1024.213330729	1024.253330729	22000.000	38000.000	0.1000
295	Waveform 1	1	1024.317997396	1024.359997396	22000.000	38000.000	0.1270
295	Spectrogram 1	1	1024.317997396	1024.359997396	22000.000	38000.000	0.1270
296	Waveform 1	1	1024.472664062	1024.490664062	22000.000	38000.000	0.3704
296	Spectrogram 1	1	1024.472664062	1024.490664062	22000.000	38000.000	0.3704
297	Waveform 1	1	1024.932664062	1024.937997396	22000.000	38000.000	0.3750
297	Spectrogram 1	1	1024.932664062	1024.937997396	22000.000	38000.000	0.3750
298	Waveform 1	1	1025.033330729	1025.039330729	22000.000	38000.000	0.3333
298	Spectrogram 1	1	1025.033330729	1025.039330729	22000.000	38000.000	0.3333
299	Waveform 1	1	1025.535330729	1025.637330729	22000.000	38000.000	0.0719
299	Spectrogram 1	1	1025.535330729	1025.637330729	22000.000	38000.000	0.0719
300	Waveform 1	1	1025.726664063	1025.757997396	22000.000	38000.000	0.2340
300	Spectrogram 1	1	1025.726664063	1025.757997396	22000.000	38000.000	0.2340
301	Waveform 1	1	1025.857997396	1025.867997396	22000.000	38000.000	0.2000
301	Spectrogram 1	1	1025.857997396	1025.867997396	22000.000	38000.000	0.2000
302	Waveform 1	1	1025.961997396	1026.006664063	22000.000	38000.000	0.2239
302	Spectrogram 1	1	1025.961997396	1026.006664063	22000.000	38000.000	0.2239
303	Waveform 1	1	1026.608664062	1026.699997396	22000.000	38000.000	0.1606
303	Spectrogram 1	1	1026.608664062	1026.699997396	22000.000	38000.000	0.1606
304	Waveform 1	1	1026.884664062	1026.905330729	22000.000	38000.000	0.2903
304	Spectrogram 1	1	1026.884664062	1026.905330729	22000.000	38000.000	0.2903
305	Waveform 1	1	1027.141330729	1027.194664062	22000.000	38000.000	0.0875
305	Spectrogram 1	1	1027.141330729	1027.194664062	22000.000	38000.000	0.0875
306	Waveform 1	1	1027.634664062	1027.673330729	22000.000	38000.000	0.1034
306	Spectrogram 1	1	1027.634664062	1027.673330729	22000.000	38000.000	0.1034
307	Waveform 1	1	1027.903997396	1027.950664062	22000.000	38000.000	0.1429
307	Spectrogram 1	1	1027.903997396	1027.950664062	22000.000	38000.000	0.1429
308	Waveform 1	1	1028.046664062	1028.065330729	22000.000	38000.000	0.0714
308	Spectrogram 1	1	1028.046664062	1028.065330729	22000.000	38000.000	0.0714
309	Waveform 1	1	1028.355330729	1028.433997396	22000.000	38000.000	0.0847
309	Spectrogram 1	1	1028.355330729	1028.433997396	22000.000	38000.000	0.0847
310	Waveform 1	1	1028.506664063	1028.536664062	22000.000	38000.000	0.1333
310	Spectrogram 1	1	1028.506664063	1028.536664062	22000.000	38000.000	0.1333
311	Waveform 1	1	1028.665330729	1028.721330729	22000.000	38000.000	0.0952
311	Spectrogram 1	1	1028.665330729	1028.721330729	22000.000	38000.000	0.0952
312	Waveform 1	1	1028.811997396	1028.823330729	22000.000	38000.000	0.1765
312	Spectrogram 1	1	1028.811997396	1028.823330729	22000.000	38000.000	0.1765
313	Waveform 1	1	1028.918664062	1029.007330729	22000.000	38000.000	0.0752
313	Spectrogram 1	1	1028.918664062	1029.007330729	22000.000	38000.000	0.0752
314	Waveform 1	1	1029.504664062	1029.586664062	22000.000	38000.000	0.1545
314	Spectrogram 1	1	1029.504664062	1029.586664062	22000.000	38000.000	0.1545
315	Waveform 1	1	1030.141997396	1030.196664062	22000.000	38000.000	0.0976
315	Spectrogram 1	1	1030.141997396	1030.196664062	22000.000	38000.000	0.0976
316	Waveform 1	1	1030.463997396	1030.477997396	22000.000	38000.000	0.1429
316	Spectrogram 1	1	1030.463997396	1030.477997396	22000.000	38000.000	0.1429
317	Waveform 1	1	1030.611330729	1030.618664062	22000.000	38000.000	0.1818
317	Spectrogram 1	1	1030.611330729	1030.618664062	22000.000	38000.000	0.1818
318	Waveform 1	1	1030.718664063	1030.748664062	22000.000	38000.000	0.2000
318	Spectrogram 1	1	1030.718664063	1030.748664062	22000.000	38000.000	0.2000
319	Waveform 1	1	1030.847330729	1030.871330729	22000.000	38000.000	0.2778
319	Spectrogram 1	1	1030.847330729	1030.871330729	22000.000	38000.000	0.2778
320	Waveform 1	1	1030.983330729	1031.025997396	22000.000	38000.000	0.1562
320	Spectrogram 1	1	1030.983330729	1031.025997396	22000.000	38000.000	0.1562
321	Waveform 1	1	1031.132664062	1031.133997396	22000.000	38000.000	1.0000
321	Spectrogram 1	1	1031.132664062	1031.133997396	22000.000	38000.000	1.0000
322	Waveform 1	1	1031.250664062	1031.278664062	22000.000	38000.000	0.1190
322	Spectrogram 1	1	1031.250664062	1031.278664062	22000.000	38000.000	0.1190
323	Waveform 1	1	1031.559330729	1031.569997396	22000.000	38000.000	0.2500
323	Spectrogram 1	1	1031.559330729	1031.569997396	22000.000	38000.000	0.2500
324	Waveform 1	1	1032.045330729	1032.049330729	22000.000	38000.000	0.3333
324	Spectrogram 1	1	1032.045330729	1032.049330729	22000.000	38000.000	0.3333
325	Waveform 1	1	1032.139997396	1032.182664062	22000.000	38000.000	0.1094
325	Spectrogram 1	1	1032.139997396	1032.182664062	22000.000	38000.000	0.1094
326	Waveform 1	1	1032.301330729	1032.345997396	22000.000	38000.000	0.1493
326	Spectrogram 1	1	1032.301330729	1032.345997396	22000.000	38000.000	0.1493
327	Waveform 1	1	1032.490664062	1032.497330729	22000.000	38000.000	0.2000
327	Spectrogram 1	1	1032.490664062	1032.497330729	22000.000	38000.000	0.2000
328	Waveform 1	1	1032.774664062	1032.821330729	22000.000	38000.000	0.0857
328	Spectrogram 1	1	1032.774664062	1032.821330729	22000.000	38000.000	0.0857
329	Waveform 1	1	1033.069330729	1033.148664062	22000.000	38000.000	0.0756
329	Spectrogram 1	1	1033.069330729	1033.148664062	22000.000	38000.000	0.0756
330	Waveform 1	1	1033.259330729	1033.291997396	22000.000	38000.000	0.1633
330	Spectrogram 1	1	1033.259330729	1033.291997396	22000.000	38000.000	0.1633
331	Waveform 1	1	1033.464664062	1033.537330729	22000.000	38000.000	0.1376
331	Spectrogram 1	1	1033.464664062	1033.537330729	22000.000	38000.000	0.1376
332	Waveform 1	1	1033.604664062	1033.626664062	22000.000	38000.000	0.0909
332	Spectrogram 1	1	1033.604664062	1033.626664062	22000.000	38000.000	0.0909
333	Waveform 1	1	1034.058664062	1034.117330729	22000.000	38000.000	0.1023
333	Spectrogram 1	1	1034.058664062	1034.117330729	22000.000	38000.000	0.1023
334	Waveform 1	1	1034.370664062	1034.396664062	22000.000	38000.000	0.0769
334	Spectrogram 1	1	1034.370664062	1034.396664062	22000.000	38000.000	0.0769
335	Waveform 1	1	1034.535997396	1034.573997396	22000.000	38000.000	0.0877
335	Spectrogram 1	1	1034.535997396	1034.573997396	22000.000	38000.000	0.0877
336	Waveform 1	1	1034.687330729	1034.712664062	22000.000	38000.000	0.1579
336	Spectrogram 1	1	1034.687330729	1034.712664062	22000.000	38000.000	0.1579
337	Waveform 1	1	1034.851997396	1034.881997396	22000.000	38000.000	0.2000
337	Spectrogram 1	1	1034.851997396	1034.881997396	22000.000	38000.000	0.2000
338	Waveform 1	1	1035.058664062	1035.059997396	22000.000	38000.000	1.0000
338	Spectrogram 1	1	1035.058664062	1035.059997396	22000.000	38000.000	1.0000
339	Waveform 1	1	1035.154664062	1035.201330729	22000.000	38000.000	0.1286
339	Spectrogram 1	1	1035.154664062	1035.201330729	22000.000	38000.000	0.1286
340	Waveform 1	1	1035.448664063	1035.473330729	22000.000	38000.000	0.1892
340	Spectrogram 1	1	1035.448664063	1035.473330729	22000.000	38000.000	0.1892
341	Waveform 1	1	1035.724664062	1035.805330729	22000.000	38000.000	0.0826
341	Spectrogram 1	1	1035.724664062	1035.805330729	22000.000	38000.000	0.0826
342	Waveform 1	1	1035.941330729	1035.949330729	22000.000	38000.000	0.1667
342	Spectrogram 1	1	1035.941330729	1035.949330729	22000.000	38000.000	0.1667
343	Waveform 1	1	1036.045330729	1036.096664062	22000.000	38000.000	0.1039
343	Spectrogram 1	1	1036.045330729	1036.096664062	22000.000	38000.000	0.1039
344	Waveform 1	1	1036.221330729	1036.243997396	22000.000	38000.000	0.1471
344	Spectrogram 1	1	1036.221330729	1036.243997396	22000.000	38000.000	0.1471
345	Waveform 1	1	1036.340664062	1036.366664062	22000.000	38000.000	0.1026
345	Spectrogram 1	1	1036.340664062	1036.366664062	22000.000	38000.000	0.1026
346	Waveform 1	1	1036.626664062	1036.662664062	22000.000	38000.000	0.1111
346	Spectrogram 1	1	1036.626664062	1036.662664062	22000.000	38000.000	0.1111
347	Waveform 1	1	1036.779330729	1036.802664062	22000.000	38000.000	0.1429
347	Spectrogram 1	1	1036.779330729	1036.802664062	22000.000	38000.000	0.1429
348	Waveform 1	1	1036.939997396	1036.961330729	22000.000	38000.000	0.0938
348	Spectrogram 1	1	1036.939997396	1036.961330729	22000.000	38000.000	0.0938
349	Waveform 1	1	1037.107330729	1037.119997396	22000.000	38000.000	0.1579
349	Spectrogram 1	1	1037.107330729	1037.119997396	22000.000	38000.000	0.1579
350	Waveform 1	1	1037.188664063	1037.202664062	22000.000	38000.000	0.0952
350	Spectrogram 1	1	1037.188664063	1037.202664062	22000.000	38000.000	0.0952
351	Waveform 1	1	1037.290664062	1037.317330729	22000.000	38000.000	0.2000
351	Spectrogram 1	1	1037.290664062	1037.317330729	22000.000	38000.000	0.2000
352	Waveform 1	1	1038.283997396	1038.315330729	22000.000	38000.000	0.1277
352	Spectrogram 1	1	1038.283997396	1038.315330729	22000.000	38000.000	0.1277
353	Waveform 1	1	1038.685997396	1038.702664062	22000.000	38000.000	0.1200
353	Spectrogram 1	1	1038.685997396	1038.702664062	22000.000	38000.000	0.1200
354	Waveform 1	1	1039.233330729	1039.269997396	22000.000	38000.000	0.2545
354	Spectrogram 1	1	1039.233330729	1039.269997396	22000.000	38000.000	0.2545
355	Waveform 1	1	1039.965997396	1039.973997396	22000.000	38000.000	0.3333
355	Spectrogram 1	1	1039.965997396	1039.973997396	22000.000	38000.000	0.3333
356	Waveform 1	1	1040.419997396	1040.431330729	22000.000	38000.000	0.2353
356	Spectrogram 1	1	1040.419997396	1040.431330729	22000.000	38000.000	0.2353
357	Waveform 1	1	1096.919330729	1096.920664063	22000.000	38000.000	1.0000
357	Spectrogram 1	1	1096.919330729	1096.920664063	22000.000	38000.000	1.0000
358	Waveform 1	1	1141.835997396	1141.837330729	22000.000	38000.000	1.0000
358	Spectrogram 1	1	1141.835997396	1141.837330729	22000.000	38000.000	1.0000
359	Waveform 1	1	1149.307997396	1149.313997396	22000.000	38000.000	0.2222
359	Spectrogram 1	1	1149.307997396	1149.313997396	22000.000	38000.000	0.2222
360	Waveform 1	1	1150.871330729	1150.873997396	22000.000	38000.000	0.7500
360	Spectrogram 1	1	1150.871330729	1150.873997396	22000.000	38000.000	0.7500
361	Waveform 1	1	1218.131330729	1218.132664062	22000.000	38000.000	1.0000
361	Spectrogram 1	1	1218.131330729	1218.132664062	22000.000	38000.000	1.0000
362	Waveform 1	1	1221.329997396	1221.331997396	22000.000	38000.000	0.6667
362	Spectrogram 1	1	1221.329997396	1221.331997396	22000.000	38000.000	0.6667
363	Waveform 1	1	1303.627997396	1303.629330729	22000.000	38000.000	1.0000
363	Spectrogram 1	1	1303.627997396	1303.629330729	22000.000	38000.000	1.0000
364	Waveform 1	1	1311.469330729	1311.471330729	22000.000	38000.000	0.6667
364	Spectrogram 1	1	1311.469330729	1311.471330729	22000.000	38000.000	0.6667
365	Waveform 1	1	1311.969997396	1311.984664062	22000.000	38000.000	0.3636
365	Spectrogram 1	1	1311.969997396	1311.984664062	22000.000	38000.000	0.3636
366	Waveform 1	1	1312.115330729	1312.117997396	22000.000	38000.000	0.5000
366	Spectrogram 1	1	1312.115330729	1312.117997396	22000.000	38000.000	0.5000
367	Waveform 1	1	1314.866664062	1314.877997396	22000.000	38000.000	0.1765
367	Spectrogram 1	1	1314.866664062	1314.877997396	22000.000	38000.000	0.1765
368	Waveform 1	1	1553.265330729	1553.270664062	22000.000	38000.000	0.2500
368	Spectrogram 1	1	1553.265330729	1553.270664062	22000.000	38000.000	0.2500
369	Waveform 1	1	1553.645330729	1553.658664062	22000.000	38000.000	0.2000
369	Spectrogram 1	1	1553.645330729	1553.658664062	22000.000	38000.000	0.2000
370	Waveform 1	1	1554.428664063	1554.442664062	22000.000	38000.000	0.1429
370	Spectrogram 1	1	1554.428664063	1554.442664062	22000.000	38000.000	0.1429
371	Waveform 1	1	1666.657330729	1666.660664063	22000.000	38000.000	0.6000
371	Spectrogram 1	1	1666.657330729	1666.660664063	22000.000	38000.000	0.6000
372	Waveform 1	1	1666.795330729	1666.808664062	22000.000	38000.000	0.2500
372	Spectrogram 1	1	1666.795330729	1666.808664062	22000.000	38000.000	0.2500
373	Waveform 1	1	1666.932664062	1666.937330729	22000.000	38000.000	0.4286
373	Spectrogram 1	1	1666.932664062	1666.937330729	22000.000	38000.000	0.4286
374	Waveform 1	1	1667.053997396	1667.063997396	22000.000	38000.000	0.2667
374	Spectrogram 1	1	1667.053997396	1667.063997396	22000.000	38000.000	0.2667
375	Waveform 1	1	1667.187997396	1667.198664063	22000.000	38000.000	0.1875
375	Spectrogram 1	1	1667.187997396	1667.198664063	22000.000	38000.000	0.1875
376	Waveform 1	1	1667.345997396	1667.347330729	22000.000	38000.000	1.0000
376	Spectrogram 1	1	1667.345997396	1667.347330729	22000.000	38000.000	1.0000
377	Waveform 1	1	1667.590664062	1667.595330729	22000.000	38000.000	0.4286
377	Spectrogram 1	1	1667.590664062	1667.595330729	22000.000	38000.000	0.4286
378	Waveform 1	1	1667.857330729	1667.887997396	22000.000	38000.000	0.1522
378	Spectrogram 1	1	1667.857330729	1667.887997396	22000.000	38000.000	0.1522
379	Waveform 1	1	1668.003330729	1668.004664062	22000.000	38000.000	1.0000
379	Spectrogram 1	1	1668.003330729	1668.004664062	22000.000	38000.000	1.0000
380	Waveform 1	1	1668.256664063	1668.283330729	22000.000	38000.000	0.1000
380	Spectrogram 1	1	1668.256664063	1668.283330729	22000.000	38000.000	0.1000
381	Waveform 1	1	1668.391997396	1668.421330729	22000.000	38000.000	0.0909
381	Spectrogram 1	1	1668.391997396	1668.421330729	22000.000	38000.000	0.0909
382	Waveform 1	1	1668.639997396	1668.657330729	22000.000	38000.000	0.1538
382	Spectrogram 1	1	1668.639997396	1668.657330729	22000.000	38000.000	0.1538
383	Waveform 1	1	1668.789330729	1668.796664062	22000.000	38000.000	0.3636
383	Spectrogram 1	1	1668.789330729	1668.796664062	22000.000	38000.000	0.3636
384	Waveform 1	1	1669.058664062	1669.079330729	22000.000	38000.000	0.1290
384	Spectrogram 1	1	1669.058664062	1669.079330729	22000.000	38000.000	0.1290
385	Waveform 1	1	1669.465997396	1669.484664062	22000.000	38000.000	0.1786
385	Spectrogram 1	1	1669.465997396	1669.484664062	22000.000	38000.000	0.1786
386	Waveform 1	1	1669.612664063	1669.631997396	22000.000	38000.000	0.1034
386	Spectrogram 1	1	1669.612664063	1669.631997396	22000.000	38000.000	0.1034
387	Waveform 1	1	1670.000664062	1670.031997396	22000.000	38000.000	0.1702
387	Spectrogram 1	1	1670.000664062	1670.031997396	22000.000	38000.000	0.1702
388	Waveform 1	1	1670.250664062	1670.285997396	22000.000	38000.000	0.1698
388	Spectrogram 1	1	1670.250664062	1670.285997396	22000.000	38000.000	0.1698
389	Waveform 1	1	1670.806664062	1670.831330729	22000.000	38000.000	0.0811
389	Spectrogram 1	1	1670.806664062	1670.831330729	22000.000	38000.000	0.0811
390	Waveform 1	1	1671.060664062	1671.087997396	22000.000	38000.000	0.1220
390	Spectrogram 1	1	1671.060664062	1671.087997396	22000.000	38000.000	0.1220
391	Waveform 1	1	1671.212664062	1671.221997396	22000.000	38000.000	0.2857
391	Spectrogram 1	1	1671.212664062	1671.221997396	22000.000	38000.000	0.2857
392	Waveform 1	1	1671.470664062	1671.526664063	22000.000	38000.000	0.1071
392	Spectrogram 1	1	1671.470664062	1671.526664063	22000.000	38000.000	0.1071
393	Waveform 1	1	1671.626664062	1671.638664062	22000.000	38000.000	0.3889
393	Spectrogram 1	1	1671.626664062	1671.638664062	22000.000	38000.000	0.3889
394	Waveform 1	1	1672.073997396	1672.097997396	22000.000	38000.000	0.1667
394	Spectrogram 1	1	1672.073997396	1672.097997396	22000.000	38000.000	0.1667
395	Waveform 1	1	1672.289330729	1672.318664062	22000.000	38000.000	0.1136
395	Spectrogram 1	1	1672.289330729	1672.318664062	22000.000	38000.000	0.1136
396	Waveform 1	1	1672.442664062	1672.475330729	22000.000	38000.000	0.0816
396	Spectrogram 1	1	1672.442664062	1672.475330729	22000.000	38000.000	0.0816
397	Waveform 1	1	1672.598664062	1672.616664062	22000.000	38000.000	0.2963
397	Spectrogram 1	1	1672.598664062	1672.616664062	22000.000	38000.000	0.2963
398	Waveform 1	1	1672.854664062	1672.901997396	22000.000	38000.000	0.0704
398	Spectrogram 1	1	1672.854664062	1672.901997396	22000.000	38000.000	0.0704
399	Waveform 1	1	1673.010664062	1673.011997396	22000.000	38000.000	1.0000
399	Spectrogram 1	1	1673.010664062	1673.011997396	22000.000	38000.000	1.0000
400	Waveform 1	1	1673.267997396	1673.305997396	22000.000	38000.000	0.1053
400	Spectrogram 1	1	1673.267997396	1673.305997396	22000.000	38000.000	0.1053
401	Waveform 1	1	1673.427330729	1673.433330729	22000.000	38000.000	0.2222
401	Spectrogram 1	1	1673.427330729	1673.433330729	22000.000	38000.000	0.2222
402	Waveform 1	1	1673.659997396	1673.691997396	22000.000	38000.000	0.2292
402	Spectrogram 1	1	1673.659997396	1673.691997396	22000.000	38000.000	0.2292
403	Waveform 1	1	1673.798664062	1673.823330729	22000.000	38000.000	0.1892
403	Spectrogram 1	1	1673.798664062	1673.823330729	22000.000	38000.000	0.1892
404	Waveform 1	1	1673.932664062	1673.949997396	22000.000	38000.000	0.1538
404	Spectrogram 1	1	1673.932664062	1673.949997396	22000.000	38000.000	0.1538
405	Waveform 1	1	1674.043997396	1674.045330729	22000.000	38000.000	1.0000
405	Spectrogram 1	1	1674.043997396	1674.045330729	22000.000	38000.000	1.0000
406	Waveform 1	1	1674.270664062	1674.274664062	22000.000	38000.000	0.5000
406	Spectrogram 1	1	1674.270664062	1674.274664062	22000.000	38000.000	0.5000
407	Waveform 1	1	1674.350664062	1674.359330729	22000.000	38000.000	0.1538
407	Spectrogram 1	1	1674.350664062	1674.359330729	22000.000	38000.000	0.1538
408	Waveform 1	1	1674.457330729	1674.458664063	22000.000	38000.000	1.0000
408	Spectrogram 1	1	1674.457330729	1674.458664063	22000.000	38000.000	1.0000
409	Waveform 1	1	1675.243330729	1675.247330729	22000.000	38000.000	0.3333
409	Spectrogram 1	1	1675.243330729	1675.247330729	22000.000	38000.000	0.3333
410	Waveform 1	1	1675.381997396	1675.385330729	22000.000	38000.000	0.4000
410	Spectrogram 1	1	1675.381997396	1675.385330729	22000.000	38000.000	0.4000
411	Waveform 1	1	1675.514664062	1675.516664063	22000.000	38000.000	0.6667
411	Spectrogram 1	1	1675.514664062	1675.516664063	22000.000	38000.000	0.6667
412	Waveform 1	1	1675.789997396	1675.798664062	22000.000	38000.000	0.1538
412	Spectrogram 1	1	1675.789997396	1675.798664062	22000.000	38000.000	0.1538
413	Waveform 1	1	1675.945997396	1675.949330729	22000.000	38000.000	0.4000
413	Spectrogram 1	1	1675.945997396	1675.949330729	22000.000	38000.000	0.4000
414	Waveform 1	1	1676.205997396	1676.229997396	22000.000	38000.000	0.1389
414	Spectrogram 1	1	1676.205997396	1676.229997396	22000.000	38000.000	0.1389
415	Waveform 1	1	1676.387330729	1676.395997396	22000.000	38000.000	0.1538
415	Spectrogram 1	1	1676.387330729	1676.395997396	22000.000	38000.000	0.1538
416	Waveform 1	1	1676.649330729	1676.656664062	22000.000	38000.000	0.4545
416	Spectrogram 1	1	1676.649330729	1676.656664062	22000.000	38000.000	0.4545
417	Waveform 1	1	1676.780664062	1676.787330729	22000.000	38000.000	0.5000
417	Spectrogram 1	1	1676.780664062	1676.787330729	22000.000	38000.000	0.5000
418	Waveform 1	1	1676.926664062	1676.933330729	22000.000	38000.000	0.3000
418	Spectrogram 1	1	1676.926664062	1676.933330729	22000.000	38000.000	0.3000
419	Waveform 1	1	1682.418664062	1682.425330729	22000.000	38000.000	0.2000
419	Spectrogram 1	1	1682.418664062	1682.425330729	22000.000	38000.000	0.2000
420	Waveform 1	1	1682.670664063	1682.687997396	22000.000	38000.000	0.1154
420	Spectrogram 1	1	1682.670664063	1682.687997396	22000.000	38000.000	0.1154
421	Waveform 1	1	1682.939997396	1682.953997396	22000.000	38000.000	0.0952
421	Spectrogram 1	1	1682.939997396	1682.953997396	22000.000	38000.000	0.0952
422	Waveform 1	1	1683.201997396	1683.207330729	22000.000	38000.000	0.2500
422	Spectrogram 1	1	1683.201997396	1683.207330729	22000.000	38000.000	0.2500
423	Waveform 1	1	1683.456664062	1683.457997396	22000.000	38000.000	1.0000
423	Spectrogram 1	1	1683.456664062	1683.457997396	22000.000	38000.000	1.0000
424	Waveform 1	1	1683.708664063	1683.711997396	22000.000	38000.000	1.0000
424	Spectrogram 1	1	1683.708664063	1683.711997396	22000.000	38000.000	1.0000
425	Waveform 1	1	1683.973997396	1684.001997396	22000.000	38000.000	0.1190
425	Spectrogram 1	1	1683.973997396	1684.001997396	22000.000	38000.000	0.1190
426	Waveform 1	1	1684.626664062	1684.627997396	22000.000	38000.000	1.0000
426	Spectrogram 1	1	1684.626664062	1684.627997396	22000.000	38000.000	1.0000
427	Waveform 1	1	1685.295330729	1685.309997396	22000.000	38000.000	0.2273
427	Spectrogram 1	1	1685.295330729	1685.309997396	22000.000	38000.000	0.2273
428	Waveform 1	1	1687.986664063	1687.997997396	22000.000	38000.000	0.1765
428	Spectrogram 1	1	1687.986664063	1687.997997396	22000.000	38000.000	0.1765
429	Waveform 1	1	1691.459997396	1691.481997396	22000.000	38000.000	0.3030
429	Spectrogram 1	1	1691.459997396	1691.481997396	22000.000	38000.000	0.3030
430	Waveform 1	1	1691.997997396	1691.999997396	22000.000	38000.000	1.0000
430	Spectrogram 1	1	1691.997997396	1691.999997396	22000.000	38000.000	1.0000
431	Waveform 1	1	1692.259330729	1692.265997396	22000.000	38000.000	0.2000
431	Spectrogram 1	1	1692.259330729	1692.265997396	22000.000	38000.000	0.2000
432	Waveform 1	1	1692.387330729	1692.400664063	22000.000	38000.000	0.1500
432	Spectrogram 1	1	1692.387330729	1692.400664063	22000.000	38000.000	0.1500
433	Waveform 1	1	1692.530664062	1692.531997396	22000.000	38000.000	1.0000
433	Spectrogram 1	1	1692.530664062	1692.531997396	22000.000	38000.000	1.0000
434	Waveform 1	1	1692.645330729	1692.685330729	22000.000	38000.000	0.1167
434	Spectrogram 1	1	1692.645330729	1692.685330729	22000.000	38000.000	0.1167
435	Waveform 1	1	1692.919997396	1692.922664062	22000.000	38000.000	0.5000
435	Spectrogram 1	1	1692.919997396	1692.922664062	22000.000	38000.000	0.5000
436	Waveform 1	1	1693.189330729	1693.211330729	22000.000	38000.000	0.1515
436	Spectrogram 1	1	1693.189330729	1693.211330729	22000.000	38000.000	0.1515
437	Waveform 1	1	1693.443330729	1693.463330729	22000.000	38000.000	0.4667
437	Spectrogram 1	1	1693.443330729	1693.463330729	22000.000	38000.000	0.4667
438	Waveform 1	1	1693.710664062	1693.737330729	22000.000	38000.000	0.2500
438	Spectrogram 1	1	1693.710664062	1693.737330729	22000.000	38000.000	0.2500
439	Waveform 1	1	1693.979330729	1694.023997396	22000.000	38000.000	0.1045
439	Spectrogram 1	1	1693.979330729	1694.023997396	22000.000	38000.000	0.1045
440	Waveform 1	1	1694.241330729	1694.251330729	22000.000	38000.000	0.2000
440	Spectrogram 1	1	1694.241330729	1694.251330729	22000.000	38000.000	0.2000
441	Waveform 1	1	1694.498664062	1694.508664062	22000.000	38000.000	0.4000
441	Spectrogram 1	1	1694.498664062	1694.508664062	22000.000	38000.000	0.4000
442	Waveform 1	1	1694.761330729	1694.777997396	22000.000	38000.000	0.2400
442	Spectrogram 1	1	1694.761330729	1694.777997396	22000.000	38000.000	0.2400
443	Waveform 1	1	1695.021330729	1695.061330729	22000.000	38000.000	0.1333
443	Spectrogram 1	1	1695.021330729	1695.061330729	22000.000	38000.000	0.1333
444	Waveform 1	1	1695.175997396	1695.208664063	22000.000	38000.000	0.0816
444	Spectrogram 1	1	1695.175997396	1695.208664063	22000.000	38000.000	0.0816
445	Waveform 1	1	1695.459330729	1695.473997396	22000.000	38000.000	0.1818
445	Spectrogram 1	1	1695.459330729	1695.473997396	22000.000	38000.000	0.1818
446	Waveform 1	1	1695.721997396	1695.736664063	22000.000	38000.000	0.1818
446	Spectrogram 1	1	1695.721997396	1695.736664063	22000.000	38000.000	0.1818
447	Waveform 1	1	1696.275330729	1696.294664063	22000.000	38000.000	0.1724
447	Spectrogram 1	1	1696.275330729	1696.294664063	22000.000	38000.000	0.1724
448	Waveform 1	1	1696.413330729	1696.432664062	22000.000	38000.000	0.2069
448	Spectrogram 1	1	1696.413330729	1696.432664062	22000.000	38000.000	0.2069
449	Waveform 1	1	1696.519997396	1696.577997396	22000.000	38000.000	0.0805
449	Spectrogram 1	1	1696.519997396	1696.577997396	22000.000	38000.000	0.0805
450	Waveform 1	1	1696.812664062	1696.825997396	22000.000	38000.000	0.2500
450	Spectrogram 1	1	1696.812664062	1696.825997396	22000.000	38000.000	0.2500
451	Waveform 1	1	1696.950664062	1696.979330729	22000.000	38000.000	0.1860
451	Spectrogram 1	1	1696.950664062	1696.979330729	22000.000	38000.000	0.1860
452	Waveform 1	1	1697.373997396	1697.399330729	22000.000	38000.000	0.1579
452	Spectrogram 1	1	1697.373997396	1697.399330729	22000.000	38000.000	0.1579
453	Waveform 1	1	1697.639997396	1697.641330729	22000.000	38000.000	1.0000
453	Spectrogram 1	1	1697.639997396	1697.641330729	22000.000	38000.000	1.0000
454	Waveform 1	1	1697.771330729	1697.792664062	22000.000	38000.000	0.1562
454	Spectrogram 1	1	1697.771330729	1697.792664062	22000.000	38000.000	0.1562
455	Waveform 1	1	1698.437997396	1698.441330729	22000.000	38000.000	0.6000
455	Spectrogram 1	1	1698.437997396	1698.441330729	22000.000	38000.000	0.6000
456	Waveform 1	1	1698.690664062	1698.697997396	22000.000	38000.000	0.4545
456	Spectrogram 1	1	1698.690664062	1698.697997396	22000.000	38000.000	0.4545
457	Waveform 1	1	1698.953330729	1698.996664063	22000.000	38000.000	0.0923
457	Spectrogram 1	1	1698.953330729	1698.996664063	22000.000	38000.000	0.0923
458	Waveform 1	1	1699.233330729	1699.235997396	22000.000	38000.000	0.7500
458	Spectrogram 1	1	1699.233330729	1699.235997396	22000.000	38000.000	0.7500
459	Waveform 1	1	1699.619997396	1699.621330729	22000.000	38000.000	1.0000
459	Spectrogram 1	1	1699.619997396	1699.621330729	22000.000	38000.000	1.0000
460	Waveform 1	1	1699.798664062	1699.800664062	22000.000	38000.000	0.6667
460	Spectrogram 1	1	1699.798664062	1699.800664062	22000.000	38000.000	0.6667
461	Waveform 1	1	1700.008664062	1700.014664062	22000.000	38000.000	0.2222
461	Spectrogram 1	1	1700.008664062	1700.014664062	22000.000	38000.000	0.2222
462	Waveform 1	1	1700.206664062	1700.277997396	22000.000	38000.000	0.1308
462	Spectrogram 1	1	1700.206664062	1700.277997396	22000.000	38000.000	0.1308
463	Waveform 1	1	1700.751330729	1700.767330729	22000.000	38000.000	0.2083
463	Spectrogram 1	1	1700.751330729	1700.767330729	22000.000	38000.000	0.2083
464	Waveform 1	1	1700.903997396	1700.909997396	22000.000	38000.000	0.4444
464	Spectrogram 1	1	1700.903997396	1700.909997396	22000.000	38000.000	0.4444
465	Waveform 1	1	1701.301997396	1701.321330729	22000.000	38000.000	0.1034
465	Spectrogram 1	1	1701.301997396	1701.321330729	22000.000	38000.000	0.1034
466	Waveform 1	1	1701.443997396	1701.455330729	22000.000	38000.000	0.1176
466	Spectrogram 1	1	1701.443997396	1701.455330729	22000.000	38000.000	0.1176
467	Waveform 1	1	1701.608664062	1701.609997396	22000.000	38000.000	1.0000
467	Spectrogram 1	1	1701.608664062	1701.609997396	22000.000	38000.000	1.0000
468	Waveform 1	1	1701.713997396	1701.721330729	22000.000	38000.000	0.2727
468	Spectrogram 1	1	1701.713997396	1701.721330729	22000.000	38000.000	0.2727
469	Waveform 1	1	1701.859330729	1701.873330729	22000.000	38000.000	0.1429
469	Spectrogram 1	1	1701.859330729	1701.873330729	22000.000	38000.000	0.1429
470	Waveform 1	1	1702.301997396	1702.316664062	22000.000	38000.000	0.2273
470	Spectrogram 1	1	1702.301997396	1702.316664062	22000.000	38000.000	0.2273
471	Waveform 1	1	1702.451330729	1702.461330729	22000.000	38000.000	0.3333
471	Spectrogram 1	1	1702.451330729	1702.461330729	22000.000	38000.000	0.3333
472	Waveform 1	1	1702.725330729	1702.737997396	22000.000	38000.000	0.3158
472	Spectrogram 1	1	1702.725330729	1702.737997396	22000.000	38000.000	0.3158
473	Waveform 1	1	1703.181330729	1703.195330729	22000.000	38000.000	0.2857
473	Spectrogram 1	1	1703.181330729	1703.195330729	22000.000	38000.000	0.2857
474	Waveform 1	1	1703.350664062	1703.354664062	22000.000	38000.000	0.3333
474	Spectrogram 1	1	1703.350664062	1703.354664062	22000.000	38000.000	0.3333
475	Waveform 1	1	1703.634664062	1703.639330729	22000.000	38000.000	0.2857
475	Spectrogram 1	1	1703.634664062	1703.639330729	22000.000	38000.000	0.2857
476	Waveform 1	1	1703.777997396	1703.790664062	22000.000	38000.000	0.2105
476	Spectrogram 1	1	1703.777997396	1703.790664062	22000.000	38000.000	0.2105
477	Waveform 1	1	1703.923997396	1703.926664062	22000.000	38000.000	0.5000
477	Spectrogram 1	1	1703.923997396	1703.926664062	22000.000	38000.000	0.5000
478	Waveform 1	1	1704.064664063	1704.066664062	22000.000	38000.000	0.6667
478	Spectrogram 1	1	1704.064664063	1704.066664062	22000.000	38000.000	0.6667
479	Waveform 1	1	1704.217997396	1704.223997396	22000.000	38000.000	0.2222
479	Spectrogram 1	1	1704.217997396	1704.223997396	22000.000	38000.000	0.2222
480	Waveform 1	1	1704.503330729	1704.505330729	22000.000	38000.000	1.0000
480	Spectrogram 1	1	1704.503330729	1704.505330729	22000.000	38000.000	1.0000
481	Waveform 1	1	1704.665330729	1704.667330729	22000.000	38000.000	1.0000
481	Spectrogram 1	1	1704.665330729	1704.667330729	22000.000	38000.000	1.0000
482	Waveform 1	1	1704.954664062	1704.969330729	22000.000	38000.000	0.3182
482	Spectrogram 1	1	1704.954664062	1704.969330729	22000.000	38000.000	0.3182
483	Waveform 1	1	1705.129997396	1705.131330729	22000.000	38000.000	1.0000
483	Spectrogram 1	1	1705.129997396	1705.131330729	22000.000	38000.000	1.0000
484	Waveform 1	1	1705.401997396	1705.422664062	22000.000	38000.000	0.1935
484	Spectrogram 1	1	1705.401997396	1705.422664062	22000.000	38000.000	0.1935
485	Waveform 1	1	1705.681330729	1705.695997396	22000.000	38000.000	0.2727
485	Spectrogram 1	1	1705.681330729	1705.695997396	22000.000	38000.000	0.2727
486	Waveform 1	1	1705.852664063	1705.865997396	22000.000	38000.000	0.1500
486	Spectrogram 1	1	1705.852664063	1705.865997396	22000.000	38000.000	0.1500
487	Waveform 1	1	1706.309330729	1706.311997396	22000.000	38000.000	0.5000
487	Spectrogram 1	1	1706.309330729	1706.311997396	22000.000	38000.000	0.5000
488	Waveform 1	1	1706.579330729	1706.605330729	22000.000	38000.000	0.1538
488	Spectrogram 1	1	1706.579330729	1706.605330729	22000.000	38000.000	0.1538
489	Waveform 1	1	1706.737997396	1706.750664062	22000.000	38000.000	0.1579
489	Spectrogram 1	1	1706.737997396	1706.750664062	22000.000	38000.000	0.1579
490	Waveform 1	1	1707.029997396	1707.063330729	22000.000	38000.000	0.1600
490	Spectrogram 1	1	1707.029997396	1707.063330729	22000.000	38000.000	0.1600
491	Waveform 1	1	1707.482664062	1707.490664062	22000.000	38000.000	0.3333
491	Spectrogram 1	1	1707.482664062	1707.490664062	22000.000	38000.000	0.3333
492	Waveform 1	1	1707.825330729	1707.833997396	22000.000	38000.000	0.3077
492	Spectrogram 1	1	1707.825330729	1707.833997396	22000.000	38000.000	0.3077
493	Waveform 1	1	1708.569330729	1708.583997396	22000.000	38000.000	0.2273
493	Spectrogram 1	1	1708.569330729	1708.583997396	22000.000	38000.000	0.2273
494	Waveform 1	1	1709.013997396	1709.025330729	22000.000	38000.000	0.1765
494	Spectrogram 1	1	1709.013997396	1709.025330729	22000.000	38000.000	0.1765
495	Waveform 1	1	1709.466664062	1709.471330729	22000.000	38000.000	0.2857
495	Spectrogram 1	1	1709.466664062	1709.471330729	22000.000	38000.000	0.2857
496	Waveform 1	1	1710.410664063	1710.420664063	22000.000	38000.000	0.2000
496	Spectrogram 1	1	1710.410664063	1710.420664063	22000.000	38000.000	0.2000
497	Waveform 1	1	1711.156664062	1711.157997396	22000.000	38000.000	1.0000
497	Spectrogram 1	1	1711.156664062	1711.157997396	22000.000	38000.000	1.0000
498	Waveform 1	1	1714.871330729	1714.876664062	22000.000	38000.000	0.3750
498	Spectrogram 1	1	1714.871330729	1714.876664062	22000.000	38000.000	0.3750
499	Waveform 1	1	1789.219997396	1789.222664062	22000.000	38000.000	1.0000
499	Spectrogram 1	1	1789.219997396	1789.222664062	22000.000	38000.000	1.0000
500	Waveform 1	1	1789.920664063	1789.925997396	22000.000	38000.000	0.5000
500	Spectrogram 1	1	1789.920664063	1789.925997396	22000.000	38000.000	0.5000
501	Waveform 1	1	1793.459997396	1793.463330729	22000.000	38000.000	0.4000
501	Spectrogram 1	1	1793.459997396	1793.463330729	22000.000	38000.000	0.4000
502	Waveform 1	1	1794.151997396	1794.153997396	22000.000	38000.000	0.6667
502	Spectrogram 1	1	1794.151997396	1794.153997396	22000.000	38000.000	0.6667
