Selection	View	Channel	Begin Time (s)	End Time (s)	Low Freq (Hz)	High Freq (Hz)	Occupancy
1	Waveform 1	1	114.903330729	114.911997396	22000.000	38000.000	0.1538
1	Spectrogram 1	1	114.903330729	114.911997396	22000.000	38000.000	0.1538
2	Waveform 1	1	115.596664062	115.611997396	22000.000	38000.000	0.1739
2	Spectrogram 1	1	115.596664062	115.611997396	22000.000	38000.000	0.1739
3	Waveform 1	1	116.769330729	116.789997396	22000.000	38000.000	0.1290
3	Spectrogram 1	1	116.769330729	116.789997396	22000.000	38000.000	0.1290
4	Waveform 1	1	117.060664062	117.078664062	22000.000	38000.000	0.3333
4	Spectrogram 1	1	117.060664062	117.078664062	22000.000	38000.000	0.3333
5	Waveform 1	1	117.675997396	117.707997396	22000.000	38000.000	0.1042
5	Spectrogram 1	1	117.675997396	117.707997396	22000.000	38000.000	0.1042
6	Waveform 1	1	117.981330729	117.999997396	22000.000	38000.000	0.0714
6	Spectrogram 1	1	117.981330729	117.999997396	22000.000	38000.000	0.0714
7	Waveform 1	1	118.524664062	118.551997396	22000.000	38000.000	0.0732
7	Spectrogram 1	1	118.524664062	118.551997396	22000.000	38000.000	0.0732
8	Waveform 1	1	119.961330729	119.981997396	22000.000	38000.000	0.0968
8	Spectrogram 1	1	119.961330729	119.981997396	22000.000	38000.000	0.0968
9	Waveform 1	1	123.689330729	123.695330729	22000.000	38000.000	0.2222
9	Spectrogram 1	1	123.689330729	123.695330729	22000.000	38000.000	0.2222
10	Waveform 1	1	123.877330729	123.895997396	22000.000	38000.000	0.1071
10	Spectrogram 1	1	123.877330729	123.895997396	22000.000	38000.000	0.1071
11	Waveform 1	1	150.115997396	150.124664062	22000.000	38000.000	0.1538
11	Spectrogram 1	1	150.115997396	150.124664062	22000.000	38000.000	0.1538
12	Waveform 1	1	150.734664063	150.745330729	22000.000	38000.000	0.1250
12	Spectrogram 1	1	150.734664063	150.745330729	22000.000	38000.000	0.1250
13	Waveform 1	1	152.170664062	152.181330729	22000.000	38000.000	0.1250
13	Spectrogram 1	1	152.170664062	152.181330729	22000.000	38000.000	0.1250
14	Waveform 1	1	152.971997396	152.975997396	22000.000	38000.000	0.5000
14	Spectrogram 1	1	152.971997396	152.975997396	22000.000	38000.000	0.5000
15	Waveform 1	1	154.069330729	154.081330729	22000.000	38000.000	0.1667
15	Spectrogram 1	1	154.069330729	154.081330729	22000.000	38000.000	0.1667
16	Waveform 1	1	155.403330729	155.404664062	22000.000	38000.000	1.0000
16	Spectrogram 1	1	155.403330729	155.404664062	22000.000	38000.000	1.0000
17	Waveform 1	1	157.939330729	157.945330729	22000.000	38000.000	0.5556
17	Spectrogram 1	1	157.939330729	157.945330729	22000.000	38000.000	0.5556
18	Waveform 1	1	159.180664062	159.181997396	22000.000	38000.000	1.0000
18	Spectrogram 1	1	159.180664062	159.181997396	22000.000	38000.000	1.0000
19	Waveform 1	1	164.665997396	164.676664062	22000.000	38000.000	0.1250
19	Spectrogram 1	1	164.665997396	164.676664062	22000.000	38000.000	0.1250
20	Waveform 1	1	176.347997396	176.352664062	22000.000	38000.000	0.5714
20	Spectrogram 1	1	176.347997396	176.352664062	22000.000	38000.000	0.5714
21	Waveform 1	1	176.951997396	176.967997396	22000.000	38000.000	0.1250
21	Spectrogram 1	1	176.951997396	176.967997396	22000.000	38000.000	0.1250
22	Waveform 1	1	177.560664062	177.567997396	22000.000	38000.000	0.1818
22	Spectrogram 1	1	177.560664062	177.567997396	22000.000	38000.000	0.1818
23	Waveform 1	1	183.685997396	183.687330729	22000.000	38000.000	1.0000
23	Spectrogram 1	1	183.685997396	183.687330729	22000.000	38000.000	1.0000
24	Waveform 1	1	185.124664062	185.132664062	22000.000	38000.000	0.5833
24	Spectrogram 1	1	185.124664062	185.132664062	22000.000	38000.000	0.5833
25	Waveform 1	1	185.780664062	185.799330729	22000.000	38000.000	0.2857
25	Spectrogram 1	1	185.780664062	185.799330729	22000.000	38000.000	0.2857
26	Waveform 1	1	187.310664062	187.317997396	22000.000	38000.000	0.1818
26	Spectrogram 1	1	187.310664062	187.317997396	22000.000	38000.000	0.1818
27	Waveform 1	1	187.789330729	187.795997396	22000.000	38000.000	0.2000
27	Spectrogram 1	1	187.789330729	187.795997396	22000.000	38000.000	0.2000
28	Waveform 1	1	190.385330729	190.410664062	22000.000	38000.000	0.0789
28	Spectrogram 1	1	190.385330729	190.410664062	22000.000	38000.000	0.0789
29	Waveform 1	1	190.617330729	190.652664062	22000.000	38000.000	0.1132
29	Spectrogram 1	1	190.617330729	190.652664062	22000.000	38000.000	0.1132
30	Waveform 1	1	191.222664063	191.239997396	22000.000	38000.000	0.1154
30	Spectrogram 1	1	191.222664063	191.239997396	22000.000	38000.000	0.1154
31	Waveform 1	1	191.989997396	192.013997396	22000.000	38000.000	0.0833
31	Spectrogram 1	1	191.989997396	192.013997396	22000.000	38000.000	0.0833
32	Waveform 1	1	192.615330729	192.642664062	22000.000	38000.000	0.1463
32	Spectrogram 1	1	192.615330729	192.642664062	22000.000	38000.000	0.1463
33	Waveform 1	1	193.239330729	193.265997396	22000.000	38000.000	0.2750
33	Spectrogram 1	1	193.239330729	193.265997396	22000.000	38000.000	0.2750
34	Waveform 1	1	193.865997396	193.880664062	22000.000	38000.000	0.1364
34	Spectrogram 1	1	193.865997396	193.880664062	22000.000	38000.000	0.1364
35	Waveform 1	1	194.089997396	194.095330729	22000.000	38000.000	0.2500
35	Spectrogram 1	1	194.089997396	194.095330729	22000.000	38000.000	0.2500
36	Waveform 1	1	194.651997396	194.679330729	22000.000	38000.000	0.1707
36	Spectrogram 1	1	194.651997396	194.679330729	22000.000	38000.000	0.1707
37	Waveform 1	1	195.574664063	195.601997396	22000.000	38000.000	0.2927
37	Spectrogram 1	1	195.574664063	195.601997396	22000.000	38000.000	0.2927
38	Waveform 1	1	196.281330729	196.306664063	22000.000	38000.000	0.2895
38	Spectrogram 1	1	196.281330729	196.306664063	22000.000	38000.000	0.2895
39	Waveform 1	1	197.047997396	197.063330729	22000.000	38000.000	0.1304
39	Spectrogram 1	1	197.047997396	197.063330729	22000.000	38000.000	0.1304
40	Waveform 1	1	197.789330729	197.819330729	22000.000	38000.000	0.2444
40	Spectrogram 1	1	197.789330729	197.819330729	22000.000	38000.000	0.2444
41	Waveform 1	1	200.024664062	200.030664062	22000.000	38000.000	0.5556
41	Spectrogram 1	1	200.024664062	200.030664062	22000.000	38000.000	0.5556
42	Waveform 1	1	201.101330729	201.114664062	22000.000	38000.000	0.2500
42	Spectrogram 1	1	201.101330729	201.114664062	22000.000	38000.000	0.2500
43	Waveform 1	1	201.581330729	201.607330729	22000.000	38000.000	0.1795
43	Spectrogram 1	1	201.581330729	201.607330729	22000.000	38000.000	0.1795
44	Waveform 1	1	202.293330729	202.305997396	22000.000	38000.000	0.3684
44	Spectrogram 1	1	202.293330729	202.305997396	22000.000	38000.000	0.3684
45	Waveform 1	1	202.935330729	202.945330729	22000.000	38000.000	0.2667
45	Spectrogram 1	1	202.935330729	202.945330729	22000.000	38000.000	0.2667
46	Waveform 1	1	203.601997396	203.615997396	22000.000	38000.000	0.3333
46	Spectrogram 1	1	203.601997396	203.615997396	22000.000	38000.000	0.3333
47	Waveform 1	1	207.145997396	207.163997396	22000.000	38000.000	0.1111
47	Spectrogram 1	1	207.145997396	207.163997396	22000.000	38000.000	0.1111
48	Waveform 1	1	207.467997396	207.501997396	22000.000	38000.000	0.1373
48	Spectrogram 1	1	207.467997396	207.501997396	22000.000	38000.000	0.1373
49	Waveform 1	1	208.249330729	208.272664062	22000.000	38000.000	0.0857
49	Spectrogram 1	1	208.249330729	208.272664062	22000.000	38000.000	0.0857
50	Waveform 1	1	208.985330729	209.005997396	22000.000	38000.000	0.0968
50	Spectrogram 1	1	208.985330729	209.005997396	22000.000	38000.000	0.0968
51	Waveform 1	1	209.598664063	209.623330729	22000.000	38000.000	0.2162
51	Spectrogram 1	1	209.598664063	209.623330729	22000.000	38000.000	0.2162
52	Waveform 1	1	212.451997396	212.454664063	22000.000	38000.000	0.5000
52	Spectrogram 1	1	212.451997396	212.454664063	22000.000	38000.000	0.5000
53	Waveform 1	1	213.049997396	213.079997396	22000.000	38000.000	0.1111
53	Spectrogram 1	1	213.049997396	213.079997396	22000.000	38000.000	0.1111
54	Waveform 1	1	213.222664063	213.226664062	22000.000	38000.000	0.3333
54	Spectrogram 1	1	213.222664063	213.226664062	22000.000	38000.000	0.3333
55	Waveform 1	1	213.433997396	213.455997396	22000.000	38000.000	0.2121
55	Spectrogram 1	1	213.433997396	213.455997396	22000.000	38000.000	0.2121
56	Waveform 1	1	213.637330729	213.644664062	22000.000	38000.000	0.1818
56	Spectrogram 1	1	213.637330729	213.644664062	22000.000	38000.000	0.1818
57	Waveform 1	1	213.819997396	213.861330729	22000.000	38000.000	0.3065
57	Spectrogram 1	1	213.819997396	213.861330729	22000.000	38000.000	0.3065
58	Waveform 1	1	213.987997396	214.001997396	22000.000	38000.000	0.2381
58	Spectrogram 1	1	213.987997396	214.001997396	22000.000	38000.000	0.2381
59	Waveform 1	1	214.173997396	214.192664063	22000.000	38000.000	0.2857
59	Spectrogram 1	1	214.173997396	214.192664063	22000.000	38000.000	0.2857
60	Waveform 1	1	214.343330729	214.348664063	22000.000	38000.000	0.2500
60	Spectrogram 1	1	214.343330729	214.348664063	22000.000	38000.000	0.2500
61	Waveform 1	1	215.505330729	215.519997396	22000.000	38000.000	0.2727
61	Spectrogram 1	1	215.505330729	215.519997396	22000.000	38000.000	0.2727
62	Waveform 1	1	215.954664063	215.996664063	22000.000	38000.000	0.3016
62	Spectrogram 1	1	215.954664063	215.996664063	22000.000	38000.000	0.3016
63	Waveform 1	1	216.276664063	216.277997396	22000.000	38000.000	1.0000
63	Spectrogram 1	1	216.276664063	216.277997396	22000.000	38000.000	1.0000
64	Waveform 1	1	216.579330729	216.621330729	22000.000	38000.000	0.2381
64	Spectrogram 1	1	216.579330729	216.621330729	22000.000	38000.000	0.2381
65	Waveform 1	1	216.733997396	216.757330729	22000.000	38000.000	0.3143
65	Spectrogram 1	1	216.733997396	216.757330729	22000.000	38000.000	0.3143
66	Waveform 1	1	216.887330729	216.893330729	22000.000	38000.000	0.5556
66	Spectrogram 1	1	216.887330729	216.893330729	22000.000	38000.000	0.5556
67	Waveform 1	1	217.781330729	217.791997396	22000.000	38000.000	0.5625
67	Spectrogram 1	1	217.781330729	217.791997396	22000.000	38000.000	0.5625
68	Waveform 1	1	217.943330729	217.958664062	22000.000	38000.000	0.1739
68	Spectrogram 1	1	217.943330729	217.958664062	22000.000	38000.000	0.1739
69	Waveform 1	1	218.104664063	218.135330729	22000.000	38000.000	0.1957
69	Spectrogram 1	1	218.104664063	218.135330729	22000.000	38000.000	0.1957
70	Waveform 1	1	218.397997396	218.403997396	22000.000	38000.000	0.3333
70	Spectrogram 1	1	218.397997396	218.403997396	22000.000	38000.000	0.3333
71	Waveform 1	1	218.683330729	218.711330729	22000.000	38000.000	0.1905
71	Spectrogram 1	1	218.683330729	218.711330729	22000.000	38000.000	0.1905
72	Waveform 1	1	219.417997396	219.455330729	22000.000	38000.000	0.0714
72	Spectrogram 1	1	219.417997396	219.455330729	22000.000	38000.000	0.0714
73	Waveform 1	1	219.721330729	219.725997396	22000.000	38000.000	0.4286
73	Spectrogram 1	1	219.721330729	219.725997396	22000.000	38000.000	0.4286
74	Waveform 1	1	220.007997396	220.041330729	22000.000	38000.000	0.0800
74	Spectrogram 1	1	220.007997396	220.041330729	22000.000	38000.000	0.0800
75	Waveform 1	1	220.194664062	220.244664062	22000.000	38000.000	0.2133
75	Spectrogram 1	1	220.194664062	220.244664062	22000.000	38000.000	0.2133
76	Waveform 1	1	220.751330729	220.764664063	22000.000	38000.000	0.2500
76	Spectrogram 1	1	220.751330729	220.764664063	22000.000	38000.000	0.2500
77	Waveform 1	1	221.401330729	221.428664062	22000.000	38000.000	0.1463
77	Spectrogram 1	1	221.401330729	221.428664062	22000.000	38000.000	0.1463
78	Waveform 1	1	222.089997396	222.133997396	22000.000	38000.000	0.1515
78	Spectrogram 1	1	222.089997396	222.133997396	22000.000	38000.000	0.1515
79	Waveform 1	1	222.643330729	222.679330729	22000.000	38000.000	0.2407
79	Spectrogram 1	1	222.643330729	222.679330729	22000.000	38000.000	0.2407
80	Waveform 1	1	223.335330729	223.379997396	22000.000	38000.000	0.1940
80	Spectrogram 1	1	223.335330729	223.379997396	22000.000	38000.000	0.1940
81	Waveform 1	1	223.899997396	223.932664062	22000.000	38000.000	0.1633
81	Spectrogram 1	1	223.899997396	223.932664062	22000.000	38000.000	0.1633
82	Waveform 1	1	224.469997396	224.498664062	22000.000	38000.000	0.2558
82	Spectrogram 1	1	224.469997396	224.498664062	22000.000	38000.000	0.2558
83	Waveform 1	1	225.137330729	225.169997396	22000.000	38000.000	0.1837
83	Spectrogram 1	1	225.137330729	225.169997396	22000.000	38000.000	0.1837
84	Waveform 1	1	225.847330729	225.878664062	22000.000	38000.000	0.2766
84	Spectrogram 1	1	225.847330729	225.878664062	22000.000	38000.000	0.2766
85	Waveform 1	1	226.569330729	226.611330729	22000.000	38000.000	0.1746
85	Spectrogram 1	1	226.569330729	226.611330729	22000.000	38000.000	0.1746
86	Waveform 1	1	227.253997396	227.300664063	22000.000	38000.000	0.1429
86	Spectrogram 1	1	227.253997396	227.300664063	22000.000	38000.000	0.1429
87	Waveform 1	1	227.953330729	227.987330729	22000.000	38000.000	0.0980
87	Spectrogram 1	1	227.953330729	227.987330729	22000.000	38000.000	0.0980
88	Waveform 1	1	228.658664062	228.685330729	22000.000	38000.000	0.1250
88	Spectrogram 1	1	228.658664062	228.685330729	22000.000	38000.000	0.1250
89	Waveform 1	1	229.825997396	229.832664062	22000.000	38000.000	0.4000
89	Spectrogram 1	1	229.825997396	229.832664062	22000.000	38000.000	0.4000
90	Waveform 1	1	230.817330729	230.819997396	22000.000	38000.000	0.7500
90	Spectrogram 1	1	230.817330729	230.819997396	22000.000	38000.000	0.7500
91	Waveform 1	1	232.677330729	232.684664062	22000.000	38000.000	0.2727
91	Spectrogram 1	1	232.677330729	232.684664062	22000.000	38000.000	0.2727
92	Waveform 1	1	234.726664062	234.743997396	22000.000	38000.000	0.2692
92	Spectrogram 1	1	234.726664062	234.743997396	22000.000	38000.000	0.2692
93	Waveform 1	1	235.600664062	235.607330729	22000.000	38000.000	0.2000
93	Spectrogram 1	1	235.600664062	235.607330729	22000.000	38000.000	0.2000
94	Waveform 1	1	236.138664062	236.145330729	22000.000	38000.000	0.2000
94	Spectrogram 1	1	236.138664062	236.145330729	22000.000	38000.000	0.2000
95	Waveform 1	1	236.410664062	236.425997396	22000.000	38000.000	0.1739
95	Spectrogram 1	1	236.410664062	236.425997396	22000.000	38000.000	0.1739
96	Waveform 1	1	237.780664062	237.815997396	22000.000	38000.000	0.1132
96	Spectrogram 1	1	237.780664062	237.815997396	22000.000	38000.000	0.1132
97	Waveform 1	1	238.067997396	238.070664062	22000.000	38000.000	0.5000
97	Spectrogram 1	1	238.067997396	238.070664062	22000.000	38000.000	0.5000
98	Waveform 1	1	238.469997396	238.505330729	22000.000	38000.000	0.2642
98	Spectrogram 1	1	238.469997396	238.505330729	22000.000	38000.000	0.2642
99	Waveform 1	1	238.752664063	238.777997396	22000.000	38000.000	0.2895
99	Spectrogram 1	1	238.752664063	238.777997396	22000.000	38000.000	0.2895
100	Waveform 1	1	240.734664063	240.759330729	22000.000	38000.000	0.1892
100	Spectrogram 1	1	240.734664063	240.759330729	22000.000	38000.000	0.1892
101	Waveform 1	1	241.456664062	241.473330729	22000.000	38000.000	0.0800
101	Spectrogram 1	1	241.456664062	241.473330729	22000.000	38000.000	0.0800
102	Waveform 1	1	244.698664063	244.715997396	22000.000	38000.000	0.2308
102	Spectrogram 1	1	244.698664063	244.715997396	22000.000	38000.000	0.2308
103	Waveform 1	1	245.537330729	245.545997396	22000.000	38000.000	0.2308
103	Spectrogram 1	1	245.537330729	245.545997396	22000.000	38000.000	0.2308
104	Waveform 1	1	246.103997396	246.133330729	22000.000	38000.000	0.1591
104	Spectrogram 1	1	246.103997396	246.133330729	22000.000	38000.000	0.1591
105	Waveform 1	1	246.813330729	246.833330729	22000.000	38000.000	0.2000
105	Spectrogram 1	1	246.813330729	246.833330729	22000.000	38000.000	0.2000
106	Waveform 1	1	247.943997396	247.964664062	22000.000	38000.000	0.2258
106	Spectrogram 1	1	247.943997396	247.964664062	22000.000	38000.000	0.2258
107	Waveform 1	1	248.547330729	248.589997396	22000.000	38000.000	0.1875
107	Spectrogram 1	1	248.547330729	248.589997396	22000.000	38000.000	0.1875
108	Waveform 1	1	249.106664062	249.149997396	22000.000	38000.000	0.2308
108	Spectrogram 1	1	249.106664062	249.149997396	22000.000	38000.000	0.2308
109	Waveform 1	1	249.387330729	249.417330729	22000.000	38000.000	0.3333
109	Spectrogram 1	1	249.387330729	249.417330729	22000.000	38000.000	0.3333
110	Waveform 1	1	249.957330729	250.000664062	22000.000	38000.000	0.2462
110	Spectrogram 1	1	249.957330729	250.000664062	22000.000	38000.000	0.2462
111	Waveform 1	1	250.273997396	250.283997396	22000.000	38000.000	0.2000
111	Spectrogram 1	1	250.273997396	250.283997396	22000.000	38000.000	0.2000
112	Waveform 1	1	250.690664062	250.740664063	22000.000	38000.000	0.1600
112	Spectrogram 1	1	250.690664062	250.740664063	22000.000	38000.000	0.1600
113	Waveform 1	1	250.973997396	251.011330729	22000.000	38000.000	0.2857
113	Spectrogram 1	1	250.973997396	251.011330729	22000.000	38000.000	0.2857
114	Waveform 1	1	251.515330729	251.550664063	22000.000	38000.000	0.2075
114	Spectrogram 1	1	251.515330729	251.550664063	22000.000	38000.000	0.2075
115	Waveform 1	1	251.968664062	251.975330729	22000.000	38000.000	0.3000
115	Spectrogram 1	1	251.968664062	251.975330729	22000.000	38000.000	0.3000
116	Waveform 1	1	252.124664062	252.163997396	22000.000	38000.000	0.1864
116	Spectrogram 1	1	252.124664062	252.163997396	22000.000	38000.000	0.1864
117	Waveform 1	1	252.417997396	252.436664063	22000.000	38000.000	0.1071
117	Spectrogram 1	1	252.417997396	252.436664063	22000.000	38000.000	0.1071
118	Waveform 1	1	252.689997396	252.733330729	22000.000	38000.000	0.2308
118	Spectrogram 1	1	252.689997396	252.733330729	22000.000	38000.000	0.2308
119	Waveform 1	1	253.143330729	253.145997396	22000.000	38000.000	0.5000
119	Spectrogram 1	1	253.143330729	253.145997396	22000.000	38000.000	0.5000
120	Waveform 1	1	253.423330729	253.465330729	22000.000	38000.000	0.1905
120	Spectrogram 1	1	253.423330729	253.465330729	22000.000	38000.000	0.1905
121	Waveform 1	1	254.933997396	254.956664062	22000.000	38000.000	0.1176
121	Spectrogram 1	1	254.933997396	254.956664062	22000.000	38000.000	0.1176
122	Waveform 1	1	255.479330729	255.515997396	22000.000	38000.000	0.1455
122	Spectrogram 1	1	255.479330729	255.515997396	22000.000	38000.000	0.1455
123	Waveform 1	1	255.781330729	255.808664062	22000.000	38000.000	0.1463
123	Spectrogram 1	1	255.781330729	255.808664062	22000.000	38000.000	0.1463
124	Waveform 1	1	256.467330729	256.499330729	22000.000	38000.000	0.1667
124	Spectrogram 1	1	256.467330729	256.499330729	22000.000	38000.000	0.1667
125	Waveform 1	1	257.069330729	257.110664063	22000.000	38000.000	0.1452
125	Spectrogram 1	1	257.069330729	257.110664063	22000.000	38000.000	0.1452
126	Waveform 1	1	257.358664062	257.373330729	22000.000	38000.000	0.4091
126	Spectrogram 1	1	257.358664062	257.373330729	22000.000	38000.000	0.4091
127	Waveform 1	1	257.525330729	257.562664063	22000.000	38000.000	0.1071
127	Spectrogram 1	1	257.525330729	257.562664063	22000.000	38000.000	0.1071
128	Waveform 1	1	257.697330729	257.731330729	22000.000	38000.000	0.2549
128	Spectrogram 1	1	257.697330729	257.731330729	22000.000	38000.000	0.2549
129	Waveform 1	1	257.879997396	257.909997396	22000.000	38000.000	0.1556
129	Spectrogram 1	1	257.879997396	257.909997396	22000.000	38000.000	0.1556
130	Waveform 1	1	258.066664062	258.088664063	22000.000	38000.000	0.2727
130	Spectrogram 1	1	258.066664062	258.088664063	22000.000	38000.000	0.2727
131	Waveform 1	1	258.241997396	258.283997396	22000.000	38000.000	0.2381
131	Spectrogram 1	1	258.241997396	258.283997396	22000.000	38000.000	0.2381
132	Waveform 1	1	258.473997396	258.475330729	22000.000	38000.000	1.0000
132	Spectrogram 1	1	258.473997396	258.475330729	22000.000	38000.000	1.0000
133	Waveform 1	1	258.870664062	258.899997396	22000.000	38000.000	0.2500
133	Spectrogram 1	1	258.870664062	258.899997396	22000.000	38000.000	0.2500
134	Waveform 1	1	259.332664062	259.364664062	22000.000	38000.000	0.2917
134	Spectrogram 1	1	259.332664062	259.364664062	22000.000	38000.000	0.2917
135	Waveform 1	1	259.923330729	259.963330729	22000.000	38000.000	0.2000
135	Spectrogram 1	1	259.923330729	259.963330729	22000.000	38000.000	0.2000
136	Waveform 1	1	260.521997396	260.554664062	22000.000	38000.000	0.2041
136	Spectrogram 1	1	260.521997396	260.554664062	22000.000	38000.000	0.2041
137	Waveform 1	1	261.165330729	261.190664062	22000.000	38000.000	0.1316
137	Spectrogram 1	1	261.165330729	261.190664062	22000.000	38000.000	0.1316
138	Waveform 1	1	261.875330729	261.906664062	22000.000	38000.000	0.1277
138	Spectrogram 1	1	261.875330729	261.906664062	22000.000	38000.000	0.1277
139	Waveform 1	1	262.717330729	262.739997396	22000.000	38000.000	0.0882
139	Spectrogram 1	1	262.717330729	262.739997396	22000.000	38000.000	0.0882
140	Waveform 1	1	263.566664062	263.569330729	22000.000	38000.000	0.5000
140	Spectrogram 1	1	263.566664062	263.569330729	22000.000	38000.000	0.5000
141	Waveform 1	1	264.772664062	264.773997396	22000.000	38000.000	1.0000
141	Spectrogram 1	1	264.772664062	264.773997396	22000.000	38000.000	1.0000
142	Waveform 1	1	266.078664062	266.090664062	22000.000	38000.000	0.3333
142	Spectrogram 1	1	266.078664062	266.090664062	22000.000	38000.000	0.3333
143	Waveform 1	1	270.188664062	270.195997396	22000.000	38000.000	0.1818
143	Spectrogram 1	1	270.188664062	270.195997396	22000.000	38000.000	0.1818
144	Waveform 1	1	270.780664062	270.787330729	22000.000	38000.000	0.3000
144	Spectrogram 1	1	270.780664062	270.787330729	22000.000	38000.000	0.3000
145	Waveform 1	1	271.650664062	271.685330729	22000.000	38000.000	0.1538
145	Spectrogram 1	1	271.650664062	271.685330729	22000.000	38000.000	0.1538
146	Waveform 1	1	272.373997396	272.410664063	22000.000	38000.000	0.1091
146	Spectrogram 1	1	272.373997396	272.410664063	22000.000	38000.000	0.1091
147	Waveform 1	1	272.928664062	272.957330729	22000.000	38000.000	0.2791
147	Spectrogram 1	1	272.928664062	272.957330729	22000.000	38000.000	0.2791
148	Waveform 1	1	273.600664063	273.643330729	22000.000	38000.000	0.1406
148	Spectrogram 1	1	273.600664063	273.643330729	22000.000	38000.000	0.1406
149	Waveform 1	1	274.951997396	274.980664063	22000.000	38000.000	0.2558
149	Spectrogram 1	1	274.951997396	274.980664063	22000.000	38000.000	0.2558
150	Waveform 1	1	275.657997396	275.686664062	22000.000	38000.000	0.2093
150	Spectrogram 1	1	275.657997396	275.686664062	22000.000	38000.000	0.2093
151	Waveform 1	1	276.101330729	276.107330729	22000.000	38000.000	0.3333
151	Spectrogram 1	1	276.101330729	276.107330729	22000.000	38000.000	0.3333
152	Waveform 1	1	276.429997396	276.455330729	22000.000	38000.000	0.1842
152	Spectrogram 1	1	276.429997396	276.455330729	22000.000	38000.000	0.1842
153	Waveform 1	1	276.975330729	276.990664063	22000.000	38000.000	0.1739
153	Spectrogram 1	1	276.975330729	276.990664063	22000.000	38000.000	0.1739
154	Waveform 1	1	278.714664062	278.717997396	22000.000	38000.000	1.0000
154	Spectrogram 1	1	278.714664062	278.717997396	22000.000	38000.000	1.0000
155	Waveform 1	1	279.007997396	279.025330729	22000.000	38000.000	0.2308
155	Spectrogram 1	1	279.007997396	279.025330729	22000.000	38000.000	0.2308
156	Waveform 1	1	282.182664063	282.183997396	22000.000	38000.000	1.0000
156	Spectrogram 1	1	282.182664063	282.183997396	22000.000	38000.000	1.0000
157	Waveform 1	1	283.363330729	283.385330729	22000.000	38000.000	0.1212
157	Spectrogram 1	1	283.363330729	283.385330729	22000.000	38000.000	0.1212
158	Waveform 1	1	283.955997396	283.958664063	22000.000	38000.000	0.5000
158	Spectrogram 1	1	283.955997396	283.958664063	22000.000	38000.000	0.5000
159	Waveform 1	1	284.549330729	284.563997396	22000.000	38000.000	0.1364
159	Spectrogram 1	1	284.549330729	284.563997396	22000.000	38000.000	0.1364
160	Waveform 1	1	285.115997396	285.132664062	22000.000	38000.000	0.2400
160	Spectrogram 1	1	285.115997396	285.132664062	22000.000	38000.000	0.2400
161	Waveform 1	1	285.741330729	285.744664063	22000.000	38000.000	0.4000
161	Spectrogram 1	1	285.741330729	285.744664063	22000.000	38000.000	0.4000
162	Waveform 1	1	286.348664063	286.377330729	22000.000	38000.000	0.2558
162	Spectrogram 1	1	286.348664063	286.377330729	22000.000	38000.000	0.2558
163	Waveform 1	1	286.943330729	286.959330729	22000.000	38000.000	0.3333
163	Spectrogram 1	1	286.943330729	286.959330729	22000.000	38000.000	0.3333
164	Waveform 1	1	287.556664062	287.575997396	22000.000	38000.000	0.3793
164	Spectrogram 1	1	287.556664062	287.575997396	22000.000	38000.000	0.3793
165	Waveform 1	1	288.143997396	288.169330729	22000.000	38000.000	0.1316
165	Spectrogram 1	1	288.143997396	288.169330729	22000.000	38000.000	0.1316
166	Waveform 1	1	288.844664062	288.851330729	22000.000	38000.000	0.3000
166	Spectrogram 1	1	288.844664062	288.851330729	22000.000	38000.000	0.3000
167	Waveform 1	1	289.853997396	289.855330729	22000.000	38000.000	1.0000
167	Spectrogram 1	1	289.853997396	289.855330729	22000.000	38000.000	1.0000
168	Waveform 1	1	292.509997396	292.511997396	22000.000	38000.000	1.0000
168	Spectrogram 1	1	292.509997396	292.511997396	22000.000	38000.000	1.0000
169	Waveform 1	1	491.405330729	491.417997396	22000.000	38000.000	0.1053
169	Spectrogram 1	1	491.405330729	491.417997396	22000.000	38000.000	0.1053
170	Waveform 1	1	492.081330729	492.101997396	22000.000	38000.000	0.1290
170	Spectrogram 1	1	492.081330729	492.101997396	22000.000	38000.000	0.1290
171	Waveform 1	1	492.647330729	492.679997396	22000.000	38000.000	0.1224
171	Spectrogram 1	1	492.647330729	492.679997396	22000.000	38000.000	0.1224
172	Waveform 1	1	493.340664062	493.372664063	22000.000	38000.000	0.2292
172	Spectrogram 1	1	493.340664062	493.372664063	22000.000	38000.000	0.2292
173	Waveform 1	1	493.660664063	493.661997396	22000.000	38000.000	1.0000
173	Spectrogram 1	1	493.660664063	493.661997396	22000.000	38000.000	1.0000
174	Waveform 1	1	494.040664063	494.078664062	22000.000	38000.000	0.1579
174	Spectrogram 1	1	494.040664063	494.078664062	22000.000	38000.000	0.1579
175	Waveform 1	1	494.331997396	494.333997396	22000.000	38000.000	0.6667
175	Spectrogram 1	1	494.331997396	494.333997396	22000.000	38000.000	0.6667
176	Waveform 1	1	494.755997396	494.794664062	22000.000	38000.000	0.1034
176	Spectrogram 1	1	494.755997396	494.794664062	22000.000	38000.000	0.1034
177	Waveform 1	1	495.453997396	495.497997396	22000.000	38000.000	0.1970
177	Spectrogram 1	1	495.453997396	495.497997396	22000.000	38000.000	0.1970
178	Waveform 1	1	495.751330729	495.765330729	22000.000	38000.000	0.2381
178	Spectrogram 1	1	495.751330729	495.765330729	22000.000	38000.000	0.2381
179	Waveform 1	1	496.169330729	496.219330729	22000.000	38000.000	0.1333
179	Spectrogram 1	1	496.169330729	496.219330729	22000.000	38000.000	0.1333
180	Waveform 1	1	496.767997396	496.810664062	22000.000	38000.000	0.0938
180	Spectrogram 1	1	496.767997396	496.810664062	22000.000	38000.000	0.0938
181	Waveform 1	1	497.209330729	497.233330729	22000.000	38000.000	0.1389
181	Spectrogram 1	1	497.209330729	497.233330729	22000.000	38000.000	0.1389
182	Waveform 1	1	497.914664062	497.937330729	22000.000	38000.000	0.0882
182	Spectrogram 1	1	497.914664062	497.937330729	22000.000	38000.000	0.0882
183	Waveform 1	1	498.503997396	498.541330729	22000.000	38000.000	0.1250
183	Spectrogram 1	1	498.503997396	498.541330729	22000.000	38000.000	0.1250
184	Waveform 1	1	499.253330729	499.292664062	22000.000	38000.000	0.1695
184	Spectrogram 1	1	499.253330729	499.292664062	22000.000	38000.000	0.1695
185	Waveform 1	1	499.987330729	500.013330729	22000.000	38000.000	0.0769
185	Spectrogram 1	1	499.987330729	500.013330729	22000.000	38000.000	0.0769
186	Waveform 1	1	500.745330729	500.777330729	22000.000	38000.000	0.1875
186	Spectrogram 1	1	500.745330729	500.777330729	22000.000	38000.000	0.1875
187	Waveform 1	1	501.485330729	501.507330729	22000.000	38000.000	0.0909
187	Spectrogram 1	1	501.485330729	501.507330729	22000.000	38000.000	0.0909
188	Waveform 1	1	502.075330729	502.084664062	22000.000	38000.000	0.2857
188	Spectrogram 1	1	502.075330729	502.084664062	22000.000	38000.000	0.2857
189	Waveform 1	1	502.249330729	502.254664063	22000.000	38000.000	0.2500
189	Spectrogram 1	1	502.249330729	502.254664063	22000.000	38000.000	0.2500
190	Waveform 1	1	502.506664062	502.535330729	22000.000	38000.000	0.2093
190	Spectrogram 1	1	502.506664062	502.535330729	22000.000	38000.000	0.2093
191	Waveform 1	1	502.978664063	502.991330729	22000.000	38000.000	0.1579
191	Spectrogram 1	1	502.978664063	502.991330729	22000.000	38000.000	0.1579
192	Waveform 1	1	503.579330729	503.581330729	22000.000	38000.000	0.6667
192	Spectrogram 1	1	503.579330729	503.581330729	22000.000	38000.000	0.6667
193	Waveform 1	1	504.767330729	504.786664062	22000.000	38000.000	0.1034
193	Spectrogram 1	1	504.767330729	504.786664062	22000.000	38000.000	0.1034
194	Waveform 1	1	505.366664062	505.386664063	22000.000	38000.000	0.1000
194	Spectrogram 1	1	505.366664062	505.386664063	22000.000	38000.000	0.1000
195	Waveform 1	1	505.942664063	505.972664062	22000.000	38000.000	0.2000
195	Spectrogram 1	1	505.942664063	505.972664062	22000.000	38000.000	0.2000
196	Waveform 1	1	506.681330729	506.707997396	22000.000	38000.000	0.1250
196	Spectrogram 1	1	506.681330729	506.707997396	22000.000	38000.000	0.1250
197	Waveform 1	1	507.273997396	507.312664063	22000.000	38000.000	0.1034
197	Spectrogram 1	1	507.273997396	507.312664063	22000.000	38000.000	0.1034
198	Waveform 1	1	507.884664063	507.924664062	22000.000	38000.000	0.2167
198	Spectrogram 1	1	507.884664063	507.924664062	22000.000	38000.000	0.2167
199	Waveform 1	1	508.526664063	508.536664062	22000.000	38000.000	0.3333
199	Spectrogram 1	1	508.526664063	508.536664062	22000.000	38000.000	0.3333
200	Waveform 1	1	508.801330729	508.837330729	22000.000	38000.000	0.2037
200	Spectrogram 1	1	508.801330729	508.837330729	22000.000	38000.000	0.2037
201	Waveform 1	1	509.517330729	509.560664062	22000.000	38000.000	0.0923
201	Spectrogram 1	1	509.517330729	509.560664062	22000.000	38000.000	0.0923
202	Waveform 1	1	510.121997396	510.157997396	22000.000	38000.000	0.1667
202	Spectrogram 1	1	510.121997396	510.157997396	22000.000	38000.000	0.1667
203	Waveform 1	1	511.513997396	511.553997396	22000.000	38000.000	0.1667
203	Spectrogram 1	1	511.513997396	511.553997396	22000.000	38000.000	0.1667
204	Waveform 1	1	511.829997396	511.876664062	22000.000	38000.000	0.0714
204	Spectrogram 1	1	511.829997396	511.876664062	22000.000	38000.000	0.0714
205	Waveform 1	1	512.431997396	512.476664063	22000.000	38000.000	0.1045
205	Spectrogram 1	1	512.431997396	512.476664063	22000.000	38000.000	0.1045
206	Waveform 1	1	512.905330729	512.941330729	22000.000	38000.000	0.2222
206	Spectrogram 1	1	512.905330729	512.941330729	22000.000	38000.000	0.2222
207	Waveform 1	1	513.512664062	513.532664063	22000.000	38000.000	0.3333
207	Spectrogram 1	1	513.512664062	513.532664063	22000.000	38000.000	0.3333
208	Waveform 1	1	514.139330729	514.172664063	22000.000	38000.000	0.2200
208	Spectrogram 1	1	514.139330729	514.172664063	22000.000	38000.000	0.2200
209	Waveform 1	1	514.909997396	514.937330729	22000.000	38000.000	0.1463
209	Spectrogram 1	1	514.909997396	514.937330729	22000.000	38000.000	0.1463
210	Waveform 1	1	515.052664063	515.067997396	22000.000	38000.000	0.2609
210	Spectrogram 1	1	515.052664063	515.067997396	22000.000	38000.000	0.2609
211	Waveform 1	1	515.545330729	515.581330729	22000.000	38000.000	0.1481
211	Spectrogram 1	1	515.545330729	515.581330729	22000.000	38000.000	0.1481
212	Waveform 1	1	516.195997396	516.201330729	22000.000	38000.000	0.2500
212	Spectrogram 1	1	516.195997396	516.201330729	22000.000	38000.000	0.2500
213	Waveform 1	1	517.742664063	517.767330729	22000.000	38000.000	0.1351
213	Spectrogram 1	1	517.742664063	517.767330729	22000.000	38000.000	0.1351
214	Waveform 1	1	518.369997396	518.392664063	22000.000	38000.000	0.1765
214	Spectrogram 1	1	518.369997396	518.392664063	22000.000	38000.000	0.1765
215	Waveform 1	1	518.981330729	519.008664063	22000.000	38000.000	0.1951
215	Spectrogram 1	1	518.981330729	519.008664063	22000.000	38000.000	0.1951
216	Waveform 1	1	519.159997396	519.185997396	22000.000	38000.000	0.3590
216	Spectrogram 1	1	519.159997396	519.185997396	22000.000	38000.000	0.3590
217	Waveform 1	1	519.805997396	519.807330729	22000.000	38000.000	1.0000
217	Spectrogram 1	1	519.805997396	519.807330729	22000.000	38000.000	1.0000
218	Waveform 1	1	520.589330729	520.597330729	22000.000	38000.000	0.2500
218	Spectrogram 1	1	520.589330729	520.597330729	22000.000	38000.000	0.2500
219	Waveform 1	1	521.173997396	521.197330729	22000.000	38000.000	0.1714
219	Spectrogram 1	1	521.173997396	521.197330729	22000.000	38000.000	0.1714
220	Waveform 1	1	521.814664063	521.825997396	22000.000	38000.000	0.2353
220	Spectrogram 1	1	521.814664063	521.825997396	22000.000	38000.000	0.2353
221	Waveform 1	1	522.599997396	522.619997396	22000.000	38000.000	0.2000
221	Spectrogram 1	1	522.599997396	522.619997396	22000.000	38000.000	0.2000
222	Waveform 1	1	523.491997396	523.504664063	22000.000	38000.000	0.2632
222	Spectrogram 1	1	523.491997396	523.504664063	22000.000	38000.000	0.2632
223	Waveform 1	1	523.822664063	523.836664063	22000.000	38000.000	0.2857
223	Spectrogram 1	1	523.822664063	523.836664063	22000.000	38000.000	0.2857
224	Waveform 1	1	524.068664063	524.109330729	22000.000	38000.000	0.1148
224	Spectrogram 1	1	524.068664063	524.109330729	22000.000	38000.000	0.1148
225	Waveform 1	1	525.223997396	525.236664063	22000.000	38000.000	0.2632
225	Spectrogram 1	1	525.223997396	525.236664063	22000.000	38000.000	0.2632
226	Waveform 1	1	526.518664063	526.528664063	22000.000	38000.000	0.3333
226	Spectrogram 1	1	526.518664063	526.528664063	22000.000	38000.000	0.3333
227	Waveform 1	1	527.040664063	527.052664063	22000.000	38000.000	0.2222
227	Spectrogram 1	1	527.040664063	527.052664063	22000.000	38000.000	0.2222
228	Waveform 1	1	527.633997396	527.661997396	22000.000	38000.000	0.2619
228	Spectrogram 1	1	527.633997396	527.661997396	22000.000	38000.000	0.2619
229	Waveform 1	1	529.073997396	529.099330729	22000.000	38000.000	0.0789
229	Spectrogram 1	1	529.073997396	529.099330729	22000.000	38000.000	0.0789
230	Waveform 1	1	529.746664063	529.784664063	22000.000	38000.000	0.1404
230	Spectrogram 1	1	529.746664063	529.784664063	22000.000	38000.000	0.1404
231	Waveform 1	1	530.479997396	530.504664063	22000.000	38000.000	0.0811
231	Spectrogram 1	1	530.479997396	530.504664063	22000.000	38000.000	0.0811
232	Waveform 1	1	531.075330729	531.092664063	22000.000	38000.000	0.3077
232	Spectrogram 1	1	531.075330729	531.092664063	22000.000	38000.000	0.3077
233	Waveform 1	1	531.656664062	531.693997396	22000.000	38000.000	0.1786
233	Spectrogram 1	1	531.656664062	531.693997396	22000.000	38000.000	0.1786
234	Waveform 1	1	535.766664063	535.771330729	22000.000	38000.000	0.4286
234	Spectrogram 1	1	535.766664063	535.771330729	22000.000	38000.000	0.4286
235	Waveform 1	1	536.477997396	536.493997396	22000.000	38000.000	0.2500
235	Spectrogram 1	1	536.477997396	536.493997396	22000.000	38000.000	0.2500
236	Waveform 1	1	537.131330729	537.151330729	22000.000	38000.000	0.2000
236	Spectrogram 1	1	537.131330729	537.151330729	22000.000	38000.000	0.2000
237	Waveform 1	1	537.737997396	537.759997396	22000.000	38000.000	0.2424
237	Spectrogram 1	1	537.737997396	537.759997396	22000.000	38000.000	0.2424
238	Waveform 1	1	537.925997396	537.927330729	22000.000	38000.000	1.0000
238	Spectrogram 1	1	537.925997396	537.927330729	22000.000	38000.000	1.0000
239	Waveform 1	1	538.333997396	538.343997396	22000.000	38000.000	0.2667
239	Spectrogram 1	1	538.333997396	538.343997396	22000.000	38000.000	0.2667
240	Waveform 1	1	538.609330729	538.611330729	22000.000	38000.000	1.0000
240	Spectrogram 1	1	538.609330729	538.611330729	22000.000	38000.000	1.0000
241	Waveform 1	1	539.053330729	539.081997396	22000.000	38000.000	0.2093
241	Spectrogram 1	1	539.053330729	539.081997396	22000.000	38000.000	0.2093
242	Waveform 1	1	539.241330729	539.265997396	22000.000	38000.000	0.2162
242	Spectrogram 1	1	539.241330729	539.265997396	22000.000	38000.000	0.2162
243	Waveform 1	1	539.729997396	539.741330729	22000.000	38000.000	0.2353
243	Spectrogram 1	1	539.729997396	539.741330729	22000.000	38000.000	0.2353
244	Waveform 1	1	539.968664063	539.974664063	22000.000	38000.000	0.6667
244	Spectrogram 1	1	539.968664063	539.974664063	22000.000	38000.000	0.6667
245	Waveform 1	1	540.443997396	540.470664063	22000.000	38000.000	0.1500
245	Spectrogram 1	1	540.443997396	540.470664063	22000.000	38000.000	0.1500
246	Waveform 1	1	540.605997396	540.616664063	22000.000	38000.000	0.1250
246	Spectrogram 1	1	540.605997396	540.616664063	22000.000	38000.000	0.1250
247	Waveform 1	1	541.073330729	541.075330729	22000.000	38000.000	1.0000
247	Spectrogram 1	1	541.073330729	541.075330729	22000.000	38000.000	1.0000
248	Waveform 1	1	541.295330729	541.302664063	22000.000	38000.000	0.1818
248	Spectrogram 1	1	541.295330729	541.302664063	22000.000	38000.000	0.1818
249	Waveform 1	1	541.666664063	541.671997396	22000.000	38000.000	0.2500
249	Spectrogram 1	1	541.666664063	541.671997396	22000.000	38000.000	0.2500
250	Waveform 1	1	542.710664063	542.711997396	22000.000	38000.000	1.0000
250	Spectrogram 1	1	542.710664063	542.711997396	22000.000	38000.000	1.0000
251	Waveform 1	1	542.999997396	543.007997396	22000.000	38000.000	0.1667
251	Spectrogram 1	1	542.999997396	543.007997396	22000.000	38000.000	0.1667
252	Waveform 1	1	543.503997396	543.512664062	22000.000	38000.000	0.3077
252	Spectrogram 1	1	543.503997396	543.512664062	22000.000	38000.000	0.3077
253	Waveform 1	1	543.876664063	543.922664063	22000.000	38000.000	0.1449
253	Spectrogram 1	1	543.876664063	543.922664063	22000.000	38000.000	0.1449
254	Waveform 1	1	544.267997396	544.289330729	22000.000	38000.000	0.0938
254	Spectrogram 1	1	544.267997396	544.289330729	22000.000	38000.000	0.0938
255	Waveform 1	1	544.652664063	544.679997396	22000.000	38000.000	0.2683
255	Spectrogram 1	1	544.652664063	544.679997396	22000.000	38000.000	0.2683
256	Waveform 1	1	544.767997396	544.773997396	22000.000	38000.000	0.2222
256	Spectrogram 1	1	544.767997396	544.773997396	22000.000	38000.000	0.2222
257	Waveform 1	1	544.927997396	544.957330729	22000.000	38000.000	0.1591
257	Spectrogram 1	1	544.927997396	544.957330729	22000.000	38000.000	0.1591
258	Waveform 1	1	545.198664063	545.221997396	22000.000	38000.000	0.2857
258	Spectrogram 1	1	545.198664063	545.221997396	22000.000	38000.000	0.2857
259	Waveform 1	1	545.387997396	545.389330729	22000.000	38000.000	1.0000
259	Spectrogram 1	1	545.387997396	545.389330729	22000.000	38000.000	1.0000
260	Waveform 1	1	545.579330729	545.605997396	22000.000	38000.000	0.2000
260	Spectrogram 1	1	545.579330729	545.605997396	22000.000	38000.000	0.2000
261	Waveform 1	1	545.839997396	545.865997396	22000.000	38000.000	0.2564
261	Spectrogram 1	1	545.839997396	545.865997396	22000.000	38000.000	0.2564
262	Waveform 1	1	546.097330729	546.197330729	22000.000	38000.000	0.1067
262	Spectrogram 1	1	546.097330729	546.197330729	22000.000	38000.000	0.1067
263	Waveform 1	1	546.499997396	546.527330729	22000.000	38000.000	0.2927
263	Spectrogram 1	1	546.499997396	546.527330729	22000.000	38000.000	0.2927
264	Waveform 1	1	546.763330729	546.815330729	22000.000	38000.000	0.2692
264	Spectrogram 1	1	546.763330729	546.815330729	22000.000	38000.000	0.2692
265	Waveform 1	1	546.952664063	546.964664063	22000.000	38000.000	0.3889
265	Spectrogram 1	1	546.952664063	546.964664063	22000.000	38000.000	0.3889
266	Waveform 1	1	547.027330729	547.065997396	22000.000	38000.000	0.2759
266	Spectrogram 1	1	547.027330729	547.065997396	22000.000	38000.000	0.2759
267	Waveform 1	1	547.405997396	547.454664063	22000.000	38000.000	0.1507
267	Spectrogram 1	1	547.405997396	547.454664063	22000.000	38000.000	0.1507
268	Waveform 1	1	547.665330729	547.724664063	22000.000	38000.000	0.2584
268	Spectrogram 1	1	547.665330729	547.724664063	22000.000	38000.000	0.2584
269	Waveform 1	1	547.935997396	547.987330729	22000.000	38000.000	0.1429
269	Spectrogram 1	1	547.935997396	547.987330729	22000.000	38000.000	0.1429
270	Waveform 1	1	548.314664063	548.382664062	22000.000	38000.000	0.1078
270	Spectrogram 1	1	548.314664063	548.382664062	22000.000	38000.000	0.1078
271	Waveform 1	1	548.556664063	548.601997396	22000.000	38000.000	0.1912
271	Spectrogram 1	1	548.556664063	548.601997396	22000.000	38000.000	0.1912
272	Waveform 1	1	548.730664063	548.734664063	22000.000	38000.000	0.5000
272	Spectrogram 1	1	548.730664063	548.734664063	22000.000	38000.000	0.5000
273	Waveform 1	1	548.951997396	549.008664063	22000.000	38000.000	0.3059
273	Spectrogram 1	1	548.951997396	549.008664063	22000.000	38000.000	0.3059
274	Waveform 1	1	549.351997396	549.384664063	22000.000	38000.000	0.2653
274	Spectrogram 1	1	549.351997396	549.384664063	22000.000	38000.000	0.2653
275	Waveform 1	1	549.607997396	549.611330729	22000.000	38000.000	0.4000
275	Spectrogram 1	1	549.607997396	549.611330729	22000.000	38000.000	0.4000
276	Waveform 1	1	549.737330729	549.767330729	22000.000	38000.000	0.4222
276	Spectrogram 1	1	549.737330729	549.767330729	22000.000	38000.000	0.4222
277	Waveform 1	1	550.275330729	550.278664063	22000.000	38000.000	1.0000
277	Spectrogram 1	1	550.275330729	550.278664063	22000.000	38000.000	1.0000
278	Waveform 1	1	550.923330729	550.934664063	22000.000	38000.000	0.1176
278	Spectrogram 1	1	550.923330729	550.934664063	22000.000	38000.000	0.1176
279	Waveform 1	1	551.589997396	551.645997396	22000.000	38000.000	0.3690
279	Spectrogram 1	1	551.589997396	551.645997396	22000.000	38000.000	0.3690
280	Waveform 1	1	551.854664063	551.858664062	22000.000	38000.000	0.3333
280	Spectrogram 1	1	551.854664063	551.858664062	22000.000	38000.000	0.3333
281	Waveform 1	1	551.991997396	552.055330729	22000.000	38000.000	0.1263
281	Spectrogram 1	1	551.991997396	552.055330729	22000.000	38000.000	0.1263
282	Waveform 1	1	552.270664063	552.294664063	22000.000	38000.000	0.3889
282	Spectrogram 1	1	552.270664063	552.294664063	22000.000	38000.000	0.3889
283	Waveform 1	1	552.547330729	552.591997396	22000.000	38000.000	0.3582
283	Spectrogram 1	1	552.547330729	552.591997396	22000.000	38000.000	0.3582
284	Waveform 1	1	552.955330729	553.009997396	22000.000	38000.000	0.1829
284	Spectrogram 1	1	552.955330729	553.009997396	22000.000	38000.000	0.1829
285	Waveform 1	1	553.222664063	553.278664063	22000.000	38000.000	0.3690
285	Spectrogram 1	1	553.222664063	553.278664063	22000.000	38000.000	0.3690
286	Waveform 1	1	553.469330729	553.530664063	22000.000	38000.000	0.2391
286	Spectrogram 1	1	553.469330729	553.530664063	22000.000	38000.000	0.2391
287	Waveform 1	1	553.753330729	553.784664063	22000.000	38000.000	0.1064
287	Spectrogram 1	1	553.753330729	553.784664063	22000.000	38000.000	0.1064
288	Waveform 1	1	554.009997396	554.063997396	22000.000	38000.000	0.2716
288	Spectrogram 1	1	554.009997396	554.063997396	22000.000	38000.000	0.2716
289	Waveform 1	1	554.503330729	554.515997396	22000.000	38000.000	0.2632
289	Spectrogram 1	1	554.503330729	554.515997396	22000.000	38000.000	0.2632
290	Waveform 1	1	554.871330729	554.918664063	22000.000	38000.000	0.2958
290	Spectrogram 1	1	554.871330729	554.918664063	22000.000	38000.000	0.2958
291	Waveform 1	1	555.257330729	555.284664063	22000.000	38000.000	0.1220
291	Spectrogram 1	1	555.257330729	555.284664063	22000.000	38000.000	0.1220
292	Waveform 1	1	555.485330729	555.491330729	22000.000	38000.000	0.2222
292	Spectrogram 1	1	555.485330729	555.491330729	22000.000	38000.000	0.2222
293	Waveform 1	1	555.734664063	555.782664063	22000.000	38000.000	0.1806
293	Spectrogram 1	1	555.734664063	555.782664063	22000.000	38000.000	0.1806
294	Waveform 1	1	556.117330729	556.136664063	22000.000	38000.000	0.2069
294	Spectrogram 1	1	556.117330729	556.136664063	22000.000	38000.000	0.2069
295	Waveform 1	1	556.263330729	556.287997396	22000.000	38000.000	0.2973
295	Spectrogram 1	1	556.263330729	556.287997396	22000.000	38000.000	0.2973
296	Waveform 1	1	556.635330729	556.675997396	22000.000	38000.000	0.4098
296	Spectrogram 1	1	556.635330729	556.675997396	22000.000	38000.000	0.4098
297	Waveform 1	1	557.172664063	557.206664063	22000.000	38000.000	0.3529
297	Spectrogram 1	1	557.172664063	557.206664063	22000.000	38000.000	0.3529
298	Waveform 1	1	557.447330729	557.475330729	22000.000	38000.000	0.2143
298	Spectrogram 1	1	557.447330729	557.475330729	22000.000	38000.000	0.2143
299	Waveform 1	1	557.832664063	557.877330729	22000.000	38000.000	0.3881
299	Spectrogram 1	1	557.832664063	557.877330729	22000.000	38000.000	0.3881
300	Waveform 1	1	558.223997396	558.246664063	22000.000	38000.000	0.2941
300	Spectrogram 1	1	558.223997396	558.246664063	22000.000	38000.000	0.2941
301	Waveform 1	1	558.497997396	558.539997396	22000.000	38000.000	0.2698
301	Spectrogram 1	1	558.497997396	558.539997396	22000.000	38000.000	0.2698
302	Waveform 1	1	558.892664063	558.908664063	22000.000	38000.000	0.2917
302	Spectrogram 1	1	558.892664063	558.908664063	22000.000	38000.000	0.2917
303	Waveform 1	1	559.160664063	559.199997396	22000.000	38000.000	0.2881
303	Spectrogram 1	1	559.160664063	559.199997396	22000.000	38000.000	0.2881
304	Waveform 1	1	559.440664063	559.442664063	22000.000	38000.000	1.0000
304	Spectrogram 1	1	559.440664063	559.442664063	22000.000	38000.000	1.0000
305	Waveform 1	1	559.825330729	559.855330729	22000.000	38000.000	0.3111
305	Spectrogram 1	1	559.825330729	559.855330729	22000.000	38000.000	0.3111
306	Waveform 1	1	560.094664063	560.103330729	22000.000	38000.000	0.4615
306	Spectrogram 1	1	560.094664063	560.103330729	22000.000	38000.000	0.4615
307	Waveform 1	1	560.326664063	560.347330729	22000.000	38000.000	0.2258
307	Spectrogram 1	1	560.326664063	560.347330729	22000.000	38000.000	0.2258
308	Waveform 1	1	560.583997396	560.616664063	22000.000	38000.000	0.3673
308	Spectrogram 1	1	560.583997396	560.616664063	22000.000	38000.000	0.3673
309	Waveform 1	1	561.312664063	561.336664063	22000.000	38000.000	0.3611
309	Spectrogram 1	1	561.312664063	561.336664063	22000.000	38000.000	0.3611
310	Waveform 1	1	561.571997396	561.591330729	22000.000	38000.000	0.5862
310	Spectrogram 1	1	561.571997396	561.591330729	22000.000	38000.000	0.5862
311	Waveform 1	1	563.647330729	563.659997396	22000.000	38000.000	0.2632
311	Spectrogram 1	1	563.647330729	563.659997396	22000.000	38000.000	0.2632
312	Waveform 1	1	571.806664063	571.813330729	22000.000	38000.000	0.2000
312	Spectrogram 1	1	571.806664063	571.813330729	22000.000	38000.000	0.2000
313	Waveform 1	1	676.650664063	676.655997396	22000.000	38000.000	0.3750
313	Spectrogram 1	1	676.650664063	676.655997396	22000.000	38000.000	0.3750
314	Waveform 1	1	677.837330729	677.849330729	22000.000	38000.000	0.2222
314	Spectrogram 1	1	677.837330729	677.849330729	22000.000	38000.000	0.2222
315	Waveform 1	1	678.648664063	678.663997396	22000.000	38000.000	0.4348
315	Spectrogram 1	1	678.648664063	678.663997396	22000.000	38000.000	0.4348
316	Waveform 1	1	678.960664063	678.979330729	22000.000	38000.000	0.3214
316	Spectrogram 1	1	678.960664063	678.979330729	22000.000	38000.000	0.3214
317	Waveform 1	1	679.406664062	679.417330729	22000.000	38000.000	0.4375
317	Spectrogram 1	1	679.406664062	679.417330729	22000.000	38000.000	0.4375
318	Waveform 1	1	679.680664062	679.684664063	22000.000	38000.000	0.5000
318	Spectrogram 1	1	679.680664062	679.684664063	22000.000	38000.000	0.5000
319	Waveform 1	1	680.107997396	680.121330729	22000.000	38000.000	0.1500
319	Spectrogram 1	1	680.107997396	680.121330729	22000.000	38000.000	0.1500
320	Waveform 1	1	680.837997396	680.858664062	22000.000	38000.000	0.1935
320	Spectrogram 1	1	680.837997396	680.858664062	22000.000	38000.000	0.1935
321	Waveform 1	1	681.264664063	681.273997396	22000.000	38000.000	0.2857
321	Spectrogram 1	1	681.264664063	681.273997396	22000.000	38000.000	0.2857
322	Waveform 1	1	681.683330729	681.699997396	22000.000	38000.000	0.4000
322	Spectrogram 1	1	681.683330729	681.699997396	22000.000	38000.000	0.4000
323	Waveform 1	1	682.527997396	682.545997396	22000.000	38000.000	0.2963
323	Spectrogram 1	1	682.527997396	682.545997396	22000.000	38000.000	0.2963
324	Waveform 1	1	683.248664063	683.266664063	22000.000	38000.000	0.2222
324	Spectrogram 1	1	683.248664063	683.266664063	22000.000	38000.000	0.2222
325	Waveform 1	1	684.092664063	684.098664063	22000.000	38000.000	0.4444
325	Spectrogram 1	1	684.092664063	684.098664063	22000.000	38000.000	0.4444
326	Waveform 1	1	684.933330729	684.947997396	22000.000	38000.000	0.2273
326	Spectrogram 1	1	684.933330729	684.947997396	22000.000	38000.000	0.2273
327	Waveform 1	1	685.359997396	685.361330729	22000.000	38000.000	1.0000
327	Spectrogram 1	1	685.359997396	685.361330729	22000.000	38000.000	1.0000
328	Waveform 1	1	686.193330729	686.204664063	22000.000	38000.000	0.1765
328	Spectrogram 1	1	686.193330729	686.204664063	22000.000	38000.000	0.1765
329	Waveform 1	1	686.600664063	686.611997396	22000.000	38000.000	0.2353
329	Spectrogram 1	1	686.600664063	686.611997396	22000.000	38000.000	0.2353
330	Waveform 1	1	687.295997396	687.301997396	22000.000	38000.000	0.4444
330	Spectrogram 1	1	687.295997396	687.301997396	22000.000	38000.000	0.4444
331	Waveform 1	1	688.629330729	688.635997396	22000.000	38000.000	0.5000
331	Spectrogram 1	1	688.629330729	688.635997396	22000.000	38000.000	0.5000
332	Waveform 1	1	761.576664063	761.587330729	22000.000	38000.000	0.3750
332	Spectrogram 1	1	761.576664063	761.587330729	22000.000	38000.000	0.3750
333	Waveform 1	1	763.267997396	763.273997396	22000.000	38000.000	0.4444
333	Spectrogram 1	1	763.267997396	763.273997396	22000.000	38000.000	0.4444
334	Waveform 1	1	764.021997396	764.030664063	22000.000	38000.000	0.6923
334	Spectrogram 1	1	764.021997396	764.030664063	22000.000	38000.000	0.6923
335	Waveform 1	1	764.424664063	764.437330729	22000.000	38000.000	0.3158
335	Spectrogram 1	1	764.424664063	764.437330729	22000.000	38000.000	0.3158
336	Waveform 1	1	764.829330729	764.831997396	22000.000	38000.000	0.7500
336	Spectrogram 1	1	764.829330729	764.831997396	22000.000	38000.000	0.7500
337	Waveform 1	1	765.197997396	765.223997396	22000.000	38000.000	0.3590
337	Spectrogram 1	1	765.197997396	765.223997396	22000.000	38000.000	0.3590
338	Waveform 1	1	765.713330729	765.739330729	22000.000	38000.000	0.2564
338	Spectrogram 1	1	765.713330729	765.739330729	22000.000	38000.000	0.2564
339	Waveform 1	1	765.975330729	766.020664063	22000.000	38000.000	0.1912
339	Spectrogram 1	1	765.975330729	766.020664063	22000.000	38000.000	0.1912
340	Waveform 1	1	766.381330729	766.400664063	22000.000	38000.000	0.2414
340	Spectrogram 1	1	766.381330729	766.400664063	22000.000	38000.000	0.2414
341	Waveform 1	1	766.655330729	766.700664063	22000.000	38000.000	0.1765
341	Spectrogram 1	1	766.655330729	766.700664063	22000.000	38000.000	0.1765
342	Waveform 1	1	766.947997396	766.984664063	22000.000	38000.000	0.2727
342	Spectrogram 1	1	766.947997396	766.984664063	22000.000	38000.000	0.2727
343	Waveform 1	1	767.333330729	767.384664063	22000.000	38000.000	0.2727
343	Spectrogram 1	1	767.333330729	767.384664063	22000.000	38000.000	0.2727
344	Waveform 1	1	767.603330729	767.615997396	22000.000	38000.000	0.2632
344	Spectrogram 1	1	767.603330729	767.615997396	22000.000	38000.000	0.2632
345	Waveform 1	1	769.181330729	769.217330729	22000.000	38000.000	0.2222
345	Spectrogram 1	1	769.181330729	769.217330729	22000.000	38000.000	0.2222
346	Waveform 1	1	769.362664063	769.407997396	22000.000	38000.000	0.1029
346	Spectrogram 1	1	769.362664063	769.407997396	22000.000	38000.000	0.1029
347	Waveform 1	1	769.649330729	769.684664063	22000.000	38000.000	0.1132
347	Spectrogram 1	1	769.649330729	769.684664063	22000.000	38000.000	0.1132
348	Waveform 1	1	770.450664063	770.495330729	22000.000	38000.000	0.2090
348	Spectrogram 1	1	770.450664063	770.495330729	22000.000	38000.000	0.2090
349	Waveform 1	1	770.878664063	770.889997396	22000.000	38000.000	0.1765
349	Spectrogram 1	1	770.878664063	770.889997396	22000.000	38000.000	0.1765
350	Waveform 1	1	771.030664063	771.055330729	22000.000	38000.000	0.1351
350	Spectrogram 1	1	771.030664063	771.055330729	22000.000	38000.000	0.1351
351	Waveform 1	1	771.156664062	771.181330729	22000.000	38000.000	0.1081
351	Spectrogram 1	1	771.156664062	771.181330729	22000.000	38000.000	0.1081
352	Waveform 1	1	771.465997396	771.483997396	22000.000	38000.000	0.0741
352	Spectrogram 1	1	771.465997396	771.483997396	22000.000	38000.000	0.0741
353	Waveform 1	1	771.628664063	771.648664063	22000.000	38000.000	0.1667
353	Spectrogram 1	1	771.628664063	771.648664063	22000.000	38000.000	0.1667
354	Waveform 1	1	771.823330729	771.925997396	22000.000	38000.000	0.0714
354	Spectrogram 1	1	771.823330729	771.925997396	22000.000	38000.000	0.0714
355	Waveform 1	1	772.207997396	772.237997396	22000.000	38000.000	0.1111
355	Spectrogram 1	1	772.207997396	772.237997396	22000.000	38000.000	0.1111
356	Waveform 1	1	772.973997396	773.028664063	22000.000	38000.000	0.1098
356	Spectrogram 1	1	772.973997396	773.028664063	22000.000	38000.000	0.1098
357	Waveform 1	1	773.321997396	773.392664063	22000.000	38000.000	0.0943
357	Spectrogram 1	1	773.321997396	773.392664063	22000.000	38000.000	0.0943
358	Waveform 1	1	773.587997396	773.663997396	22000.000	38000.000	0.1754
358	Spectrogram 1	1	773.587997396	773.663997396	22000.000	38000.000	0.1754
359	Waveform 1	1	774.018664063	774.028664063	22000.000	38000.000	0.3333
359	Spectrogram 1	1	774.018664063	774.028664063	22000.000	38000.000	0.3333
360	Waveform 1	1	774.281330729	774.343330729	22000.000	38000.000	0.1613
360	Spectrogram 1	1	774.281330729	774.343330729	22000.000	38000.000	0.1613
361	Waveform 1	1	774.599997396	774.632664062	22000.000	38000.000	0.2653
361	Spectrogram 1	1	774.599997396	774.632664062	22000.000	38000.000	0.2653
362	Waveform 1	1	775.263330729	775.304664063	22000.000	38000.000	0.3226
362	Spectrogram 1	1	775.263330729	775.304664063	22000.000	38000.000	0.3226
363	Waveform 1	1	775.373330729	775.411330729	22000.000	38000.000	0.1754
363	Spectrogram 1	1	775.373330729	775.411330729	22000.000	38000.000	0.1754
364	Waveform 1	1	775.535997396	775.587997396	22000.000	38000.000	0.2051
364	Spectrogram 1	1	775.535997396	775.587997396	22000.000	38000.000	0.2051
365	Waveform 1	1	775.915997396	775.948664063	22000.000	38000.000	0.2653
365	Spectrogram 1	1	775.915997396	775.948664063	22000.000	38000.000	0.2653
366	Waveform 1	1	776.068664063	776.098664063	22000.000	38000.000	0.2000
366	Spectrogram 1	1	776.068664063	776.098664063	22000.000	38000.000	0.2000
367	Waveform 1	1	776.213997396	776.281997396	22000.000	38000.000	0.2941
367	Spectrogram 1	1	776.213997396	776.281997396	22000.000	38000.000	0.2941
368	Waveform 1	1	776.605330729	776.622664063	22000.000	38000.000	0.1538
368	Spectrogram 1	1	776.605330729	776.622664063	22000.000	38000.000	0.1538
369	Waveform 1	1	776.798664063	776.830664063	22000.000	38000.000	0.1458
369	Spectrogram 1	1	776.798664063	776.830664063	22000.000	38000.000	0.1458
370	Waveform 1	1	776.983330729	777.037330729	22000.000	38000.000	0.1975
370	Spectrogram 1	1	776.983330729	777.037330729	22000.000	38000.000	0.1975
371	Waveform 1	1	777.405330729	777.413330729	22000.000	38000.000	0.2500
371	Spectrogram 1	1	777.405330729	777.413330729	22000.000	38000.000	0.2500
372	Waveform 1	1	777.550664063	777.552664063	22000.000	38000.000	0.6667
372	Spectrogram 1	1	777.550664063	777.552664063	22000.000	38000.000	0.6667
373	Waveform 1	1	777.679330729	777.712664063	22000.000	38000.000	0.3200
373	Spectrogram 1	1	777.679330729	777.712664063	22000.000	38000.000	0.3200
374	Waveform 1	1	778.210664063	778.236664063	22000.000	38000.000	0.1282
374	Spectrogram 1	1	778.210664063	778.236664063	22000.000	38000.000	0.1282
375	Waveform 1	1	778.767330729	778.796664063	22000.000	38000.000	0.0909
375	Spectrogram 1	1	778.767330729	778.796664063	22000.000	38000.000	0.0909
376	Waveform 1	1	779.182664063	779.195997396	22000.000	38000.000	0.2000
376	Spectrogram 1	1	779.182664063	779.195997396	22000.000	38000.000	0.2000
377	Waveform 1	1	783.498664063	783.499997396	22000.000	38000.000	1.0000
377	Spectrogram 1	1	783.498664063	783.499997396	22000.000	38000.000	1.0000
378	Waveform 1	1	784.093997396	784.113330729	22000.000	38000.000	0.1034
378	Spectrogram 1	1	784.093997396	784.113330729	22000.000	38000.000	0.1034
379	Waveform 1	1	784.392664063	784.393997396	22000.000	38000.000	1.0000
379	Spectrogram 1	1	784.392664063	784.393997396	22000.000	38000.000	1.0000
380	Waveform 1	1	785.823997396	785.825997396	22000.000	38000.000	0.6667
380	Spectrogram 1	1	785.823997396	785.825997396	22000.000	38000.000	0.6667
381	Waveform 1	1	786.564664063	786.571997396	22000.000	38000.000	0.1818
381	Spectrogram 1	1	786.564664063	786.571997396	22000.000	38000.000	0.1818
382	Waveform 1	1	788.597330729	788.601330729	22000.000	38000.000	0.3333
382	Spectrogram 1	1	788.597330729	788.601330729	22000.000	38000.000	0.3333
383	Waveform 1	1	790.009997396	790.015997396	22000.000	38000.000	0.2222
383	Spectrogram 1	1	790.009997396	790.015997396	22000.000	38000.000	0.2222
384	Waveform 1	1	940.625330729	940.630664063	22000.000	38000.000	0.2500
384	Spectrogram 1	1	940.625330729	940.630664063	22000.000	38000.000	0.2500
385	Waveform 1	1	941.625997396	941.635997396	22000.000	38000.000	0.4000
385	Spectrogram 1	1	941.625997396	941.635997396	22000.000	38000.000	0.4000
386	Waveform 1	1	943.719330729	943.735330729	22000.000	38000.000	0.4583
386	Spectrogram 1	1	943.719330729	943.735330729	22000.000	38000.000	0.4583
387	Waveform 1	1	944.263330729	944.273330729	22000.000	38000.000	0.3333
387	Spectrogram 1	1	944.263330729	944.273330729	22000.000	38000.000	0.3333
388	Waveform 1	1	951.393997396	951.397997396	22000.000	38000.000	0.6667
388	Spectrogram 1	1	951.393997396	951.397997396	22000.000	38000.000	0.6667
389	Waveform 1	1	951.926664063	951.931330729	22000.000	38000.000	0.2857
389	Spectrogram 1	1	951.926664063	951.931330729	22000.000	38000.000	0.2857
390	Waveform 1	1	997.823997396	997.825997396	22000.000	38000.000	1.0000
390	Spectrogram 1	1	997.823997396	997.825997396	22000.000	38000.000	1.0000
391	Waveform 1	1	998.633330729	998.645997396	22000.000	38000.000	0.2632
391	Spectrogram 1	1	998.633330729	998.645997396	22000.000	38000.000	0.2632
392	Waveform 1	1	1001.751330729	1001.752664063	22000.000	38000.000	1.0000
392	Spectrogram 1	1	1001.751330729	1001.752664063	22000.000	38000.000	1.0000
