Selection	View	Channel	Begin Time (s)	End Time (s)	Low Freq (Hz)	High Freq (Hz)	Occupancy
1	Waveform 1	1	36.726664062	36.728664063	38000.000	81000.000	1.0000
1	Spectrogram 1	1	36.726664062	36.728664063	38000.000	81000.000	1.0000
2	Waveform 1	1	36.903330729	36.908664063	38000.000	81000.000	0.6250
2	Spectrogram 1	1	36.903330729	36.908664063	38000.000	81000.000	0.6250
3	Waveform 1	1	36.987997396	36.989330729	38000.000	81000.000	1.0000
3	Spectrogram 1	1	36.987997396	36.989330729	38000.000	81000.000	1.0000
4	Waveform 1	1	52.022664062	52.023997396	38000.000	81000.000	1.0000
4	Spectrogram 1	1	52.022664062	52.023997396	38000.000	81000.000	1.0000
5	Waveform 1	1	52.253997396	52.255997396	38000.000	81000.000	1.0000
5	Spectrogram 1	1	52.253997396	52.255997396	38000.000	81000.000	1.0000
6	Waveform 1	1	52.343330729	52.345997396	38000.000	81000.000	1.0000
6	Spectrogram 1	1	52.343330729	52.345997396	38000.000	81000.000	1.0000
7	Waveform 1	1	52.517330729	52.518664063	38000.000	81000.000	1.0000
7	Spectrogram 1	1	52.517330729	52.518664063	38000.000	81000.000	1.0000
8	Waveform 1	1	52.695330729	52.697997396	38000.000	81000.000	0.7500
8	Spectrogram 1	1	52.695330729	52.697997396	38000.000	81000.000	0.7500
9	Waveform 1	1	53.045330729	53.046664062	38000.000	81000.000	1.0000
9	Spectrogram 1	1	53.045330729	53.046664062	38000.000	81000.000	1.0000
10	Waveform 1	1	176.396664062	176.397997396	38000.000	81000.000	1.0000
10	Spectrogram 1	1	176.396664062	176.397997396	38000.000	81000.000	1.0000
11	Waveform 1	1	196.332664062	196.334664062	38000.000	81000.000	1.0000
11	Spectrogram 1	1	196.332664062	196.334664062	38000.000	81000.000	1.0000
12	Waveform 1	1	196.537997396	196.539330729	38000.000	81000.000	1.0000
12	Spectrogram 1	1	196.537997396	196.539330729	38000.000	81000.000	1.0000
13	Waveform 1	1	300.099330729	300.100664063	38000.000	81000.000	1.0000
13	Spectrogram 1	1	300.099330729	300.100664063	38000.000	81000.000	1.0000
14	Waveform 1	1	317.101330729	317.102664062	38000.000	81000.000	1.0000
14	Spectrogram 1	1	317.101330729	317.102664062	38000.000	81000.000	1.0000
15	Waveform 1	1	318.489330729	318.490664063	38000.000	81000.000	1.0000
15	Spectrogram 1	1	318.489330729	318.490664063	38000.000	81000.000	1.0000
16	Waveform 1	1	318.719330729	318.723330729	38000.000	81000.000	0.5000
16	Spectrogram 1	1	318.719330729	318.723330729	38000.000	81000.000	0.5000
17	Waveform 1	1	318.921997396	318.923330729	38000.000	81000.000	1.0000
17	Spectrogram 1	1	318.921997396	318.923330729	38000.000	81000.000	1.0000
18	Waveform 1	1	319.082664062	319.084664062	38000.000	81000.000	1.0000
18	Spectrogram 1	1	319.082664062	319.084664062	38000.000	81000.000	1.0000
19	Waveform 1	1	320.408664063	320.420664063	38000.000	81000.000	0.6667
19	Spectrogram 1	1	320.408664063	320.420664063	38000.000	81000.000	0.6667
20	Waveform 1	1	321.494664063	321.502664063	38000.000	81000.000	0.3333
20	Spectrogram 1	1	321.494664063	321.502664063	38000.000	81000.000	0.3333
21	Waveform 1	1	346.911997396	346.913330729	38000.000	81000.000	1.0000
21	Spectrogram 1	1	346.911997396	346.913330729	38000.000	81000.000	1.0000
22	Waveform 1	1	347.924664062	347.927997396	38000.000	81000.000	0.8000
22	Spectrogram 1	1	347.924664062	347.927997396	38000.000	81000.000	0.8000
23	Waveform 1	1	348.213330729	348.218664063	38000.000	81000.000	0.8750
23	Spectrogram 1	1	348.213330729	348.218664063	38000.000	81000.000	0.8750
24	Waveform 1	1	348.361330729	348.365330729	38000.000	81000.000	0.6667
24	Spectrogram 1	1	348.361330729	348.365330729	38000.000	81000.000	0.6667
25	Waveform 1	1	348.480664063	348.487997396	38000.000	81000.000	0.7273
25	Spectrogram 1	1	348.480664063	348.487997396	38000.000	81000.000	0.7273
26	Waveform 1	1	348.633330729	348.634664063	38000.000	81000.000	1.0000
26	Spectrogram 1	1	348.633330729	348.634664063	38000.000	81000.000	1.0000
27	Waveform 1	1	349.737330729	349.738664062	38000.000	81000.000	1.0000
27	Spectrogram 1	1	349.737330729	349.738664062	38000.000	81000.000	1.0000
28	Waveform 1	1	350.359330729	350.361330729	38000.000	81000.000	1.0000
28	Spectrogram 1	1	350.359330729	350.361330729	38000.000	81000.000	1.0000
29	Waveform 1	1	351.791330729	351.793330729	38000.000	81000.000	1.0000
29	Spectrogram 1	1	351.791330729	351.793330729	38000.000	81000.000	1.0000
30	Waveform 1	1	351.914664062	351.915997396	38000.000	81000.000	1.0000
30	Spectrogram 1	1	351.914664062	351.915997396	38000.000	81000.000	1.0000
31	Waveform 1	1	352.059330729	352.064664063	38000.000	81000.000	0.7500
31	Spectrogram 1	1	352.059330729	352.064664063	38000.000	81000.000	0.7500
32	Waveform 1	1	352.247330729	352.249997396	38000.000	81000.000	1.0000
32	Spectrogram 1	1	352.247330729	352.249997396	38000.000	81000.000	1.0000
33	Waveform 1	1	352.367997396	352.369330729	38000.000	81000.000	1.0000
33	Spectrogram 1	1	352.367997396	352.369330729	38000.000	81000.000	1.0000
34	Waveform 1	1	359.937997396	359.939997396	38000.000	81000.000	1.0000
34	Spectrogram 1	1	359.937997396	359.939997396	38000.000	81000.000	1.0000
35	Waveform 1	1	360.054664062	360.055997396	38000.000	81000.000	1.0000
35	Spectrogram 1	1	360.054664062	360.055997396	38000.000	81000.000	1.0000
36	Waveform 1	1	360.131330729	360.132664062	38000.000	81000.000	1.0000
36	Spectrogram 1	1	360.131330729	360.132664062	38000.000	81000.000	1.0000
37	Waveform 1	1	360.286664062	360.289330729	38000.000	81000.000	0.5000
37	Spectrogram 1	1	360.286664062	360.289330729	38000.000	81000.000	0.5000
38	Waveform 1	1	360.450664062	360.457997396	38000.000	81000.000	0.4545
38	Spectrogram 1	1	360.450664062	360.457997396	38000.000	81000.000	0.4545
39	Waveform 1	1	360.643997396	360.654664062	38000.000	81000.000	0.3750
39	Spectrogram 1	1	360.643997396	360.654664062	38000.000	81000.000	0.3750
40	Waveform 1	1	361.859330729	361.860664063	38000.000	81000.000	1.0000
40	Spectrogram 1	1	361.859330729	361.860664063	38000.000	81000.000	1.0000
41	Waveform 1	1	362.031997396	362.033330729	38000.000	81000.000	1.0000
41	Spectrogram 1	1	362.031997396	362.033330729	38000.000	81000.000	1.0000
42	Waveform 1	1	362.127997396	362.129330729	38000.000	81000.000	1.0000
42	Spectrogram 1	1	362.127997396	362.129330729	38000.000	81000.000	1.0000
43	Waveform 1	1	362.214664062	362.216664063	38000.000	81000.000	1.0000
43	Spectrogram 1	1	362.214664062	362.216664063	38000.000	81000.000	1.0000
44	Waveform 1	1	362.282664062	362.288664063	38000.000	81000.000	0.3333
44	Spectrogram 1	1	362.282664062	362.288664063	38000.000	81000.000	0.3333
45	Waveform 1	1	362.358664062	362.360664063	38000.000	81000.000	1.0000
45	Spectrogram 1	1	362.358664062	362.360664063	38000.000	81000.000	1.0000
46	Waveform 1	1	362.594664062	362.597330729	38000.000	81000.000	1.0000
46	Spectrogram 1	1	362.594664062	362.597330729	38000.000	81000.000	1.0000
47	Waveform 1	1	362.667997396	362.669997396	38000.000	81000.000	1.0000
47	Spectrogram 1	1	362.667997396	362.669997396	38000.000	81000.000	1.0000
48	Waveform 1	1	362.735997396	362.737997396	38000.000	81000.000	1.0000
48	Spectrogram 1	1	362.735997396	362.737997396	38000.000	81000.000	1.0000
49	Waveform 1	1	363.405997396	363.407997396	38000.000	81000.000	1.0000
49	Spectrogram 1	1	363.405997396	363.407997396	38000.000	81000.000	1.0000
50	Waveform 1	1	363.498664062	363.500664062	38000.000	81000.000	1.0000
50	Spectrogram 1	1	363.498664062	363.500664062	38000.000	81000.000	1.0000
51	Waveform 1	1	363.589330729	363.590664062	38000.000	81000.000	1.0000
51	Spectrogram 1	1	363.589330729	363.590664062	38000.000	81000.000	1.0000
52	Waveform 1	1	363.667330729	363.669330729	38000.000	81000.000	1.0000
52	Spectrogram 1	1	363.667330729	363.669330729	38000.000	81000.000	1.0000
53	Waveform 1	1	363.746664062	363.748664062	38000.000	81000.000	1.0000
53	Spectrogram 1	1	363.746664062	363.748664062	38000.000	81000.000	1.0000
54	Waveform 1	1	363.825330729	363.826664063	38000.000	81000.000	1.0000
54	Spectrogram 1	1	363.825330729	363.826664063	38000.000	81000.000	1.0000
55	Waveform 1	1	363.905330729	363.907330729	38000.000	81000.000	1.0000
55	Spectrogram 1	1	363.905330729	363.907330729	38000.000	81000.000	1.0000
56	Waveform 1	1	363.979997396	363.981997396	38000.000	81000.000	1.0000
56	Spectrogram 1	1	363.979997396	363.981997396	38000.000	81000.000	1.0000
57	Waveform 1	1	364.050664063	364.051997396	38000.000	81000.000	1.0000
57	Spectrogram 1	1	364.050664063	364.051997396	38000.000	81000.000	1.0000
58	Waveform 1	1	364.107997396	364.109330729	38000.000	81000.000	1.0000
58	Spectrogram 1	1	364.107997396	364.109330729	38000.000	81000.000	1.0000
59	Waveform 1	1	364.494664063	364.497330729	38000.000	81000.000	1.0000
59	Spectrogram 1	1	364.494664063	364.497330729	38000.000	81000.000	1.0000
60	Waveform 1	1	364.585330729	364.587330729	38000.000	81000.000	1.0000
60	Spectrogram 1	1	364.585330729	364.587330729	38000.000	81000.000	1.0000
61	Waveform 1	1	364.676664062	364.678664062	38000.000	81000.000	1.0000
61	Spectrogram 1	1	364.676664062	364.678664062	38000.000	81000.000	1.0000
62	Waveform 1	1	364.779330729	364.780664062	38000.000	81000.000	1.0000
62	Spectrogram 1	1	364.779330729	364.780664062	38000.000	81000.000	1.0000
63	Waveform 1	1	364.870664062	364.873330729	38000.000	81000.000	1.0000
63	Spectrogram 1	1	364.870664062	364.873330729	38000.000	81000.000	1.0000
64	Waveform 1	1	364.965330729	364.968664063	38000.000	81000.000	1.0000
64	Spectrogram 1	1	364.965330729	364.968664063	38000.000	81000.000	1.0000
65	Waveform 1	1	365.068664062	365.071330729	38000.000	81000.000	1.0000
65	Spectrogram 1	1	365.068664062	365.071330729	38000.000	81000.000	1.0000
66	Waveform 1	1	365.162664062	365.165997396	38000.000	81000.000	1.0000
66	Spectrogram 1	1	365.162664062	365.165997396	38000.000	81000.000	1.0000
67	Waveform 1	1	365.265330729	365.266664063	38000.000	81000.000	1.0000
67	Spectrogram 1	1	365.265330729	365.266664063	38000.000	81000.000	1.0000
68	Waveform 1	1	365.359330729	365.362664063	38000.000	81000.000	1.0000
68	Spectrogram 1	1	365.359330729	365.362664063	38000.000	81000.000	1.0000
69	Waveform 1	1	365.456664063	365.459997396	38000.000	81000.000	1.0000
69	Spectrogram 1	1	365.456664063	365.459997396	38000.000	81000.000	1.0000
70	Waveform 1	1	365.560664062	365.562664063	38000.000	81000.000	1.0000
70	Spectrogram 1	1	365.560664062	365.562664063	38000.000	81000.000	1.0000
71	Waveform 1	1	365.653997396	365.655997396	38000.000	81000.000	0.6667
71	Spectrogram 1	1	365.653997396	365.655997396	38000.000	81000.000	0.6667
72	Waveform 1	1	365.733997396	365.737330729	38000.000	81000.000	1.0000
72	Spectrogram 1	1	365.733997396	365.737330729	38000.000	81000.000	1.0000
73	Waveform 1	1	365.815997396	365.818664062	38000.000	81000.000	1.0000
73	Spectrogram 1	1	365.815997396	365.818664062	38000.000	81000.000	1.0000
74	Waveform 1	1	366.013330729	366.015997396	38000.000	81000.000	1.0000
74	Spectrogram 1	1	366.013330729	366.015997396	38000.000	81000.000	1.0000
75	Waveform 1	1	366.114664062	366.116664062	38000.000	81000.000	1.0000
75	Spectrogram 1	1	366.114664062	366.116664062	38000.000	81000.000	1.0000
76	Waveform 1	1	366.217997396	366.220664063	38000.000	81000.000	1.0000
76	Spectrogram 1	1	366.217997396	366.220664063	38000.000	81000.000	1.0000
77	Waveform 1	1	366.423330729	366.424664062	38000.000	81000.000	1.0000
77	Spectrogram 1	1	366.423330729	366.424664062	38000.000	81000.000	1.0000
78	Waveform 1	1	366.520664062	366.521997396	38000.000	81000.000	1.0000
78	Spectrogram 1	1	366.520664062	366.521997396	38000.000	81000.000	1.0000
79	Waveform 1	1	366.721997396	366.723330729	38000.000	81000.000	1.0000
79	Spectrogram 1	1	366.721997396	366.723330729	38000.000	81000.000	1.0000
80	Waveform 1	1	366.929997396	366.931330729	38000.000	81000.000	1.0000
80	Spectrogram 1	1	366.929997396	366.931330729	38000.000	81000.000	1.0000
81	Waveform 1	1	367.322664062	367.323997396	38000.000	81000.000	1.0000
81	Spectrogram 1	1	367.322664062	367.323997396	38000.000	81000.000	1.0000
82	Waveform 1	1	367.533330729	367.534664062	38000.000	81000.000	1.0000
82	Spectrogram 1	1	367.533330729	367.534664062	38000.000	81000.000	1.0000
83	Waveform 1	1	368.843330729	368.844664062	38000.000	81000.000	1.0000
83	Spectrogram 1	1	368.843330729	368.844664062	38000.000	81000.000	1.0000
84	Waveform 1	1	369.783997396	369.785330729	38000.000	81000.000	1.0000
84	Spectrogram 1	1	369.783997396	369.785330729	38000.000	81000.000	1.0000
85	Waveform 1	1	369.872664063	369.874664063	38000.000	81000.000	1.0000
85	Spectrogram 1	1	369.872664063	369.874664063	38000.000	81000.000	1.0000
86	Waveform 1	1	369.955997396	369.957330729	38000.000	81000.000	1.0000
86	Spectrogram 1	1	369.955997396	369.957330729	38000.000	81000.000	1.0000
87	Waveform 1	1	370.027330729	370.029330729	38000.000	81000.000	1.0000
87	Spectrogram 1	1	370.027330729	370.029330729	38000.000	81000.000	1.0000
88	Waveform 1	1	370.305997396	370.307330729	38000.000	81000.000	1.0000
88	Spectrogram 1	1	370.305997396	370.307330729	38000.000	81000.000	1.0000
89	Waveform 1	1	370.401330729	370.403330729	38000.000	81000.000	1.0000
89	Spectrogram 1	1	370.401330729	370.403330729	38000.000	81000.000	1.0000
90	Waveform 1	1	370.595997396	370.597997396	38000.000	81000.000	1.0000
90	Spectrogram 1	1	370.595997396	370.597997396	38000.000	81000.000	1.0000
91	Waveform 1	1	370.695330729	370.697330729	38000.000	81000.000	1.0000
91	Spectrogram 1	1	370.695330729	370.697330729	38000.000	81000.000	1.0000
92	Waveform 1	1	373.889330729	373.890664062	38000.000	81000.000	1.0000
92	Spectrogram 1	1	373.889330729	373.890664062	38000.000	81000.000	1.0000
93	Waveform 1	1	374.335997396	374.337997396	38000.000	81000.000	1.0000
93	Spectrogram 1	1	374.335997396	374.337997396	38000.000	81000.000	1.0000
94	Waveform 1	1	374.755330729	374.757330729	38000.000	81000.000	1.0000
94	Spectrogram 1	1	374.755330729	374.757330729	38000.000	81000.000	1.0000
95	Waveform 1	1	374.793997396	374.798664062	38000.000	81000.000	0.4286
95	Spectrogram 1	1	374.793997396	374.798664062	38000.000	81000.000	0.4286
96	Waveform 1	1	374.840664062	374.842664062	38000.000	81000.000	1.0000
96	Spectrogram 1	1	374.840664062	374.842664062	38000.000	81000.000	1.0000
97	Waveform 1	1	375.360664063	375.361997396	38000.000	81000.000	1.0000
97	Spectrogram 1	1	375.360664063	375.361997396	38000.000	81000.000	1.0000
98	Waveform 1	1	376.066664062	376.071330729	38000.000	81000.000	0.7143
98	Spectrogram 1	1	376.066664062	376.071330729	38000.000	81000.000	0.7143
99	Waveform 1	1	376.198664062	376.204664063	38000.000	81000.000	0.4444
99	Spectrogram 1	1	376.198664062	376.204664063	38000.000	81000.000	0.4444
100	Waveform 1	1	376.357330729	376.358664062	38000.000	81000.000	1.0000
100	Spectrogram 1	1	376.357330729	376.358664062	38000.000	81000.000	1.0000
101	Waveform 1	1	376.430664062	376.431997396	38000.000	81000.000	1.0000
101	Spectrogram 1	1	376.430664062	376.431997396	38000.000	81000.000	1.0000
102	Waveform 1	1	376.505997396	376.507330729	38000.000	81000.000	1.0000
102	Spectrogram 1	1	376.505997396	376.507330729	38000.000	81000.000	1.0000
103	Waveform 1	1	376.576664063	376.577997396	38000.000	81000.000	1.0000
103	Spectrogram 1	1	376.576664063	376.577997396	38000.000	81000.000	1.0000
104	Waveform 1	1	377.011330729	377.012664062	38000.000	81000.000	1.0000
104	Spectrogram 1	1	377.011330729	377.012664062	38000.000	81000.000	1.0000
105	Waveform 1	1	377.980664063	377.981997396	38000.000	81000.000	1.0000
105	Spectrogram 1	1	377.980664063	377.981997396	38000.000	81000.000	1.0000
106	Waveform 1	1	383.565330729	383.566664062	38000.000	81000.000	1.0000
106	Spectrogram 1	1	383.565330729	383.566664062	38000.000	81000.000	1.0000
107	Waveform 1	1	383.650664062	383.651997396	38000.000	81000.000	1.0000
107	Spectrogram 1	1	383.650664062	383.651997396	38000.000	81000.000	1.0000
108	Waveform 1	1	383.845330729	383.846664062	38000.000	81000.000	1.0000
108	Spectrogram 1	1	383.845330729	383.846664062	38000.000	81000.000	1.0000
109	Waveform 1	1	384.209330729	384.211330729	38000.000	81000.000	1.0000
109	Spectrogram 1	1	384.209330729	384.211330729	38000.000	81000.000	1.0000
110	Waveform 1	1	384.311330729	384.313330729	38000.000	81000.000	1.0000
110	Spectrogram 1	1	384.311330729	384.313330729	38000.000	81000.000	1.0000
111	Waveform 1	1	384.417330729	384.419330729	38000.000	81000.000	1.0000
111	Spectrogram 1	1	384.417330729	384.419330729	38000.000	81000.000	1.0000
112	Waveform 1	1	384.529997396	384.531997396	38000.000	81000.000	1.0000
112	Spectrogram 1	1	384.529997396	384.531997396	38000.000	81000.000	1.0000
113	Waveform 1	1	384.637330729	384.639330729	38000.000	81000.000	1.0000
113	Spectrogram 1	1	384.637330729	384.639330729	38000.000	81000.000	1.0000
114	Waveform 1	1	384.751997396	384.753997396	38000.000	81000.000	1.0000
114	Spectrogram 1	1	384.751997396	384.753997396	38000.000	81000.000	1.0000
115	Waveform 1	1	384.859330729	384.862664063	38000.000	81000.000	1.0000
115	Spectrogram 1	1	384.859330729	384.862664063	38000.000	81000.000	1.0000
116	Waveform 1	1	385.083330729	385.086664063	38000.000	81000.000	1.0000
116	Spectrogram 1	1	385.083330729	385.086664063	38000.000	81000.000	1.0000
117	Waveform 1	1	385.197330729	385.200664062	38000.000	81000.000	1.0000
117	Spectrogram 1	1	385.197330729	385.200664062	38000.000	81000.000	1.0000
118	Waveform 1	1	385.305330729	385.308664062	38000.000	81000.000	1.0000
118	Spectrogram 1	1	385.305330729	385.308664062	38000.000	81000.000	1.0000
119	Waveform 1	1	385.418664062	385.421330729	38000.000	81000.000	1.0000
119	Spectrogram 1	1	385.418664062	385.421330729	38000.000	81000.000	1.0000
120	Waveform 1	1	385.617997396	385.621330729	38000.000	81000.000	1.0000
120	Spectrogram 1	1	385.617997396	385.621330729	38000.000	81000.000	1.0000
121	Waveform 1	1	385.740664063	385.743997396	38000.000	81000.000	1.0000
121	Spectrogram 1	1	385.740664063	385.743997396	38000.000	81000.000	1.0000
122	Waveform 1	1	385.845330729	385.849330729	38000.000	81000.000	1.0000
122	Spectrogram 1	1	385.845330729	385.849330729	38000.000	81000.000	1.0000
123	Waveform 1	1	385.949997396	385.953330729	38000.000	81000.000	1.0000
123	Spectrogram 1	1	385.949997396	385.953330729	38000.000	81000.000	1.0000
124	Waveform 1	1	386.223330729	386.226664062	38000.000	81000.000	1.0000
124	Spectrogram 1	1	386.223330729	386.226664062	38000.000	81000.000	1.0000
125	Waveform 1	1	386.305330729	386.307330729	38000.000	81000.000	1.0000
125	Spectrogram 1	1	386.305330729	386.307330729	38000.000	81000.000	1.0000
126	Waveform 1	1	386.424664062	386.425997396	38000.000	81000.000	1.0000
126	Spectrogram 1	1	386.424664062	386.425997396	38000.000	81000.000	1.0000
127	Waveform 1	1	386.595330729	386.596664062	38000.000	81000.000	1.0000
127	Spectrogram 1	1	386.595330729	386.596664062	38000.000	81000.000	1.0000
128	Waveform 1	1	387.031330729	387.032664062	38000.000	81000.000	1.0000
128	Spectrogram 1	1	387.031330729	387.032664062	38000.000	81000.000	1.0000
129	Waveform 1	1	387.809330729	387.811330729	38000.000	81000.000	1.0000
129	Spectrogram 1	1	387.809330729	387.811330729	38000.000	81000.000	1.0000
130	Waveform 1	1	387.995330729	387.996664062	38000.000	81000.000	1.0000
130	Spectrogram 1	1	387.995330729	387.996664062	38000.000	81000.000	1.0000
131	Waveform 1	1	625.600664063	625.603330729	38000.000	81000.000	1.0000
131	Spectrogram 1	1	625.600664063	625.603330729	38000.000	81000.000	1.0000
132	Waveform 1	1	626.808664063	626.809997396	38000.000	81000.000	1.0000
132	Spectrogram 1	1	626.808664063	626.809997396	38000.000	81000.000	1.0000
133	Waveform 1	1	626.904664063	626.905997396	38000.000	81000.000	1.0000
133	Spectrogram 1	1	626.904664063	626.905997396	38000.000	81000.000	1.0000
134	Waveform 1	1	626.999330729	627.000664063	38000.000	81000.000	1.0000
134	Spectrogram 1	1	626.999330729	627.000664063	38000.000	81000.000	1.0000
135	Waveform 1	1	627.189330729	627.191997396	38000.000	81000.000	0.7500
135	Spectrogram 1	1	627.189330729	627.191997396	38000.000	81000.000	0.7500
136	Waveform 1	1	627.289330729	627.293330729	38000.000	81000.000	0.5000
136	Spectrogram 1	1	627.289330729	627.293330729	38000.000	81000.000	0.5000
137	Waveform 1	1	627.472664063	627.473997396	38000.000	81000.000	1.0000
137	Spectrogram 1	1	627.472664063	627.473997396	38000.000	81000.000	1.0000
138	Waveform 1	1	627.571330729	627.572664063	38000.000	81000.000	1.0000
138	Spectrogram 1	1	627.571330729	627.572664063	38000.000	81000.000	1.0000
139	Waveform 1	1	627.672664063	627.674664063	38000.000	81000.000	1.0000
139	Spectrogram 1	1	627.672664063	627.674664063	38000.000	81000.000	1.0000
140	Waveform 1	1	627.865997396	627.867330729	38000.000	81000.000	1.0000
140	Spectrogram 1	1	627.865997396	627.867330729	38000.000	81000.000	1.0000
141	Waveform 1	1	627.959997396	627.961997396	38000.000	81000.000	1.0000
141	Spectrogram 1	1	627.959997396	627.961997396	38000.000	81000.000	1.0000
142	Waveform 1	1	628.247997396	628.249330729	38000.000	81000.000	1.0000
142	Spectrogram 1	1	628.247997396	628.249330729	38000.000	81000.000	1.0000
143	Waveform 1	1	628.619330729	628.620664063	38000.000	81000.000	1.0000
143	Spectrogram 1	1	628.619330729	628.620664063	38000.000	81000.000	1.0000
144	Waveform 1	1	628.966664063	628.967997396	38000.000	81000.000	1.0000
144	Spectrogram 1	1	628.966664063	628.967997396	38000.000	81000.000	1.0000
145	Waveform 1	1	629.151330729	629.158664063	38000.000	81000.000	0.6364
145	Spectrogram 1	1	629.151330729	629.158664063	38000.000	81000.000	0.6364
146	Waveform 1	1	629.247997396	629.253330729	38000.000	81000.000	0.8750
146	Spectrogram 1	1	629.247997396	629.253330729	38000.000	81000.000	0.8750
147	Waveform 1	1	644.431997396	644.433330729	38000.000	81000.000	1.0000
147	Spectrogram 1	1	644.431997396	644.433330729	38000.000	81000.000	1.0000
148	Waveform 1	1	644.739997396	644.741997396	38000.000	81000.000	1.0000
148	Spectrogram 1	1	644.739997396	644.741997396	38000.000	81000.000	1.0000
149	Waveform 1	1	644.827330729	644.828664063	38000.000	81000.000	1.0000
149	Spectrogram 1	1	644.827330729	644.828664063	38000.000	81000.000	1.0000
150	Waveform 1	1	644.962664063	644.963997396	38000.000	81000.000	1.0000
150	Spectrogram 1	1	644.962664063	644.963997396	38000.000	81000.000	1.0000
151	Waveform 1	1	645.061330729	645.063330729	38000.000	81000.000	1.0000
151	Spectrogram 1	1	645.061330729	645.063330729	38000.000	81000.000	1.0000
152	Waveform 1	1	645.172664063	645.174664063	38000.000	81000.000	1.0000
152	Spectrogram 1	1	645.172664063	645.174664063	38000.000	81000.000	1.0000
153	Waveform 1	1	645.374664063	645.376664063	38000.000	81000.000	1.0000
153	Spectrogram 1	1	645.374664063	645.376664063	38000.000	81000.000	1.0000
154	Waveform 1	1	645.475997396	645.477997396	38000.000	81000.000	1.0000
154	Spectrogram 1	1	645.475997396	645.477997396	38000.000	81000.000	1.0000
155	Waveform 1	1	645.667330729	645.668664063	38000.000	81000.000	1.0000
155	Spectrogram 1	1	645.667330729	645.668664063	38000.000	81000.000	1.0000
156	Waveform 1	1	645.768664063	645.770664063	38000.000	81000.000	1.0000
156	Spectrogram 1	1	645.768664063	645.770664063	38000.000	81000.000	1.0000
157	Waveform 1	1	645.888664063	645.890664063	38000.000	81000.000	1.0000
157	Spectrogram 1	1	645.888664063	645.890664063	38000.000	81000.000	1.0000
158	Waveform 1	1	646.000664063	646.001997396	38000.000	81000.000	1.0000
158	Spectrogram 1	1	646.000664063	646.001997396	38000.000	81000.000	1.0000
159	Waveform 1	1	646.109330729	646.111997396	38000.000	81000.000	0.7500
159	Spectrogram 1	1	646.109330729	646.111997396	38000.000	81000.000	0.7500
160	Waveform 1	1	646.218664063	646.223997396	38000.000	81000.000	0.5000
160	Spectrogram 1	1	646.218664063	646.223997396	38000.000	81000.000	0.5000
161	Waveform 1	1	646.345997396	646.347997396	38000.000	81000.000	1.0000
161	Spectrogram 1	1	646.345997396	646.347997396	38000.000	81000.000	1.0000
162	Waveform 1	1	646.448664063	646.453330729	38000.000	81000.000	0.7143
162	Spectrogram 1	1	646.448664063	646.453330729	38000.000	81000.000	0.7143
163	Waveform 1	1	646.555330729	646.564664063	38000.000	81000.000	0.4286
163	Spectrogram 1	1	646.555330729	646.564664063	38000.000	81000.000	0.4286
164	Waveform 1	1	646.656664062	646.658664063	38000.000	81000.000	1.0000
164	Spectrogram 1	1	646.656664062	646.658664063	38000.000	81000.000	1.0000
165	Waveform 1	1	646.755997396	646.767330729	38000.000	81000.000	0.2353
165	Spectrogram 1	1	646.755997396	646.767330729	38000.000	81000.000	0.2353
166	Waveform 1	1	647.166664063	647.167997396	38000.000	81000.000	1.0000
166	Spectrogram 1	1	647.166664063	647.167997396	38000.000	81000.000	1.0000
167	Waveform 1	1	647.646664063	647.647997396	38000.000	81000.000	1.0000
167	Spectrogram 1	1	647.646664063	647.647997396	38000.000	81000.000	1.0000
168	Waveform 1	1	713.661330729	713.663330729	38000.000	81000.000	1.0000
168	Spectrogram 1	1	713.661330729	713.663330729	38000.000	81000.000	1.0000
169	Waveform 1	1	903.561330729	903.562664063	38000.000	81000.000	1.0000
169	Spectrogram 1	1	903.561330729	903.562664063	38000.000	81000.000	1.0000
170	Waveform 1	1	903.888664063	903.889997396	38000.000	81000.000	1.0000
170	Spectrogram 1	1	903.888664063	903.889997396	38000.000	81000.000	1.0000
171	Waveform 1	1	904.060664062	904.062664063	38000.000	81000.000	1.0000
171	Spectrogram 1	1	904.060664062	904.062664063	38000.000	81000.000	1.0000
172	Waveform 1	1	904.239330729	904.241997396	38000.000	81000.000	1.0000
172	Spectrogram 1	1	904.239330729	904.241997396	38000.000	81000.000	1.0000
173	Waveform 1	1	904.427330729	904.429330729	38000.000	81000.000	1.0000
173	Spectrogram 1	1	904.427330729	904.429330729	38000.000	81000.000	1.0000
174	Waveform 1	1	904.517330729	904.519997396	38000.000	81000.000	0.7500
174	Spectrogram 1	1	904.517330729	904.519997396	38000.000	81000.000	0.7500
175	Waveform 1	1	904.722664063	904.723997396	38000.000	81000.000	1.0000
175	Spectrogram 1	1	904.722664063	904.723997396	38000.000	81000.000	1.0000
176	Waveform 1	1	904.836664063	904.838664063	38000.000	81000.000	1.0000
176	Spectrogram 1	1	904.836664063	904.838664063	38000.000	81000.000	1.0000
177	Waveform 1	1	905.139330729	905.141330729	38000.000	81000.000	1.0000
177	Spectrogram 1	1	905.139330729	905.141330729	38000.000	81000.000	1.0000
178	Waveform 1	1	905.222664063	905.223997396	38000.000	81000.000	1.0000
178	Spectrogram 1	1	905.222664063	905.223997396	38000.000	81000.000	1.0000
179	Waveform 1	1	905.312664063	905.313997396	38000.000	81000.000	1.0000
179	Spectrogram 1	1	905.312664063	905.313997396	38000.000	81000.000	1.0000
180	Waveform 1	1	905.397997396	905.400664063	38000.000	81000.000	1.0000
180	Spectrogram 1	1	905.397997396	905.400664063	38000.000	81000.000	1.0000
181	Waveform 1	1	905.491330729	905.493330729	38000.000	81000.000	1.0000
181	Spectrogram 1	1	905.491330729	905.493330729	38000.000	81000.000	1.0000
182	Waveform 1	1	905.650664063	905.652664063	38000.000	81000.000	1.0000
182	Spectrogram 1	1	905.650664063	905.652664063	38000.000	81000.000	1.0000
183	Waveform 1	1	905.749330729	905.751330729	38000.000	81000.000	1.0000
183	Spectrogram 1	1	905.749330729	905.751330729	38000.000	81000.000	1.0000
184	Waveform 1	1	905.864664063	905.871997396	38000.000	81000.000	0.4545
184	Spectrogram 1	1	905.864664063	905.871997396	38000.000	81000.000	0.4545
185	Waveform 1	1	905.970664063	905.973330729	38000.000	81000.000	1.0000
185	Spectrogram 1	1	905.970664063	905.973330729	38000.000	81000.000	1.0000
186	Waveform 1	1	906.091330729	906.097997396	38000.000	81000.000	0.4000
186	Spectrogram 1	1	906.091330729	906.097997396	38000.000	81000.000	0.4000
187	Waveform 1	1	906.211330729	906.216664063	38000.000	81000.000	0.5000
187	Spectrogram 1	1	906.211330729	906.216664063	38000.000	81000.000	0.5000
188	Waveform 1	1	906.330664063	906.333997396	38000.000	81000.000	0.8000
188	Spectrogram 1	1	906.330664063	906.333997396	38000.000	81000.000	0.8000
189	Waveform 1	1	906.437997396	906.443330729	38000.000	81000.000	0.5000
189	Spectrogram 1	1	906.437997396	906.443330729	38000.000	81000.000	0.5000
190	Waveform 1	1	907.239330729	907.247330729	38000.000	81000.000	0.3333
190	Spectrogram 1	1	907.239330729	907.247330729	38000.000	81000.000	0.3333
191	Waveform 1	1	907.327330729	907.341330729	38000.000	81000.000	0.2857
191	Spectrogram 1	1	907.327330729	907.341330729	38000.000	81000.000	0.2857
192	Waveform 1	1	907.414664063	907.421997396	38000.000	81000.000	0.3636
192	Spectrogram 1	1	907.414664063	907.421997396	38000.000	81000.000	0.3636
193	Waveform 1	1	907.507330729	907.509330729	38000.000	81000.000	1.0000
193	Spectrogram 1	1	907.507330729	907.509330729	38000.000	81000.000	1.0000
194	Waveform 1	1	907.601330729	907.609997396	38000.000	81000.000	0.6923
194	Spectrogram 1	1	907.601330729	907.609997396	38000.000	81000.000	0.6923
195	Waveform 1	1	907.730664063	907.733997396	38000.000	81000.000	1.0000
195	Spectrogram 1	1	907.730664063	907.733997396	38000.000	81000.000	1.0000
196	Waveform 1	1	907.827997396	907.829330729	38000.000	81000.000	1.0000
196	Spectrogram 1	1	907.827997396	907.829330729	38000.000	81000.000	1.0000
197	Waveform 1	1	907.923330729	907.928664063	38000.000	81000.000	0.2500
197	Spectrogram 1	1	907.923330729	907.928664063	38000.000	81000.000	0.2500
198	Waveform 1	1	1013.401330729	1013.402664063	38000.000	81000.000	1.0000
198	Spectrogram 1	1	1013.401330729	1013.402664063	38000.000	81000.000	1.0000
199	Waveform 1	1	1013.563330729	1013.564664063	38000.000	81000.000	1.0000
199	Spectrogram 1	1	1013.563330729	1013.564664063	38000.000	81000.000	1.0000
200	Waveform 1	1	1013.873330729	1013.874664063	38000.000	81000.000	1.0000
200	Spectrogram 1	1	1013.873330729	1013.874664063	38000.000	81000.000	1.0000
201	Waveform 1	1	1016.923330729	1016.924664063	38000.000	81000.000	1.0000
201	Spectrogram 1	1	1016.923330729	1016.924664063	38000.000	81000.000	1.0000
202	Waveform 1	1	1072.691997396	1072.693330729	38000.000	81000.000	1.0000
202	Spectrogram 1	1	1072.691997396	1072.693330729	38000.000	81000.000	1.0000
203	Waveform 1	1	1138.721997396	1138.723330729	38000.000	81000.000	1.0000
203	Spectrogram 1	1	1138.721997396	1138.723330729	38000.000	81000.000	1.0000
204	Waveform 1	1	1138.767997396	1138.769330729	38000.000	81000.000	1.0000
204	Spectrogram 1	1	1138.767997396	1138.769330729	38000.000	81000.000	1.0000
205	Waveform 1	1	1181.634664062	1181.635997396	38000.000	81000.000	1.0000
205	Spectrogram 1	1	1181.634664062	1181.635997396	38000.000	81000.000	1.0000
206	Waveform 1	1	1181.989997396	1181.991330729	38000.000	81000.000	1.0000
206	Spectrogram 1	1	1181.989997396	1181.991330729	38000.000	81000.000	1.0000
207	Waveform 1	1	1182.055997396	1182.057330729	38000.000	81000.000	1.0000
207	Spectrogram 1	1	1182.055997396	1182.057330729	38000.000	81000.000	1.0000
208	Waveform 1	1	1182.196664062	1182.199330729	38000.000	81000.000	1.0000
208	Spectrogram 1	1	1182.196664062	1182.199330729	38000.000	81000.000	1.0000
209	Waveform 1	1	1182.345997396	1182.347330729	38000.000	81000.000	1.0000
209	Spectrogram 1	1	1182.345997396	1182.347330729	38000.000	81000.000	1.0000
210	Waveform 1	1	1197.696664062	1197.697997396	38000.000	81000.000	1.0000
210	Spectrogram 1	1	1197.696664062	1197.697997396	38000.000	81000.000	1.0000
211	Waveform 1	1	1199.476664063	1199.479997396	38000.000	81000.000	1.0000
211	Spectrogram 1	1	1199.476664063	1199.479997396	38000.000	81000.000	1.0000
212	Waveform 1	1	1199.705997396	1199.707997396	38000.000	81000.000	1.0000
212	Spectrogram 1	1	1199.705997396	1199.707997396	38000.000	81000.000	1.0000
213	Waveform 1	1	1204.559330729	1204.560664062	38000.000	81000.000	1.0000
213	Spectrogram 1	1	1204.559330729	1204.560664062	38000.000	81000.000	1.0000
214	Waveform 1	1	1204.945330729	1204.947330729	38000.000	81000.000	0.6667
214	Spectrogram 1	1	1204.945330729	1204.947330729	38000.000	81000.000	0.6667
215	Waveform 1	1	1217.941997396	1217.943330729	38000.000	81000.000	1.0000
215	Spectrogram 1	1	1217.941997396	1217.943330729	38000.000	81000.000	1.0000
216	Waveform 1	1	1218.540664062	1218.541997396	38000.000	81000.000	1.0000
216	Spectrogram 1	1	1218.540664062	1218.541997396	38000.000	81000.000	1.0000
217	Waveform 1	1	1219.098664062	1219.099997396	38000.000	81000.000	1.0000
217	Spectrogram 1	1	1219.098664062	1219.099997396	38000.000	81000.000	1.0000
218	Waveform 1	1	1219.199997396	1219.201330729	38000.000	81000.000	1.0000
218	Spectrogram 1	1	1219.199997396	1219.201330729	38000.000	81000.000	1.0000
219	Waveform 1	1	1219.372664063	1219.373997396	38000.000	81000.000	1.0000
219	Spectrogram 1	1	1219.372664063	1219.373997396	38000.000	81000.000	1.0000
220	Waveform 1	1	1219.566664062	1219.568664062	38000.000	81000.000	1.0000
220	Spectrogram 1	1	1219.566664062	1219.568664062	38000.000	81000.000	1.0000
221	Waveform 1	1	1219.735330729	1219.737330729	38000.000	81000.000	1.0000
221	Spectrogram 1	1	1219.735330729	1219.737330729	38000.000	81000.000	1.0000
222	Waveform 1	1	1219.841330729	1219.842664063	38000.000	81000.000	1.0000
222	Spectrogram 1	1	1219.841330729	1219.842664063	38000.000	81000.000	1.0000
223	Waveform 1	1	1219.937330729	1219.941330729	38000.000	81000.000	1.0000
223	Spectrogram 1	1	1219.937330729	1219.941330729	38000.000	81000.000	1.0000
224	Waveform 1	1	1220.044664063	1220.046664062	38000.000	81000.000	1.0000
224	Spectrogram 1	1	1220.044664063	1220.046664062	38000.000	81000.000	1.0000
225	Waveform 1	1	1220.151997396	1220.155330729	38000.000	81000.000	1.0000
225	Spectrogram 1	1	1220.151997396	1220.155330729	38000.000	81000.000	1.0000
226	Waveform 1	1	1220.349330729	1220.351330729	38000.000	81000.000	1.0000
226	Spectrogram 1	1	1220.349330729	1220.351330729	38000.000	81000.000	1.0000
227	Waveform 1	1	1220.635997396	1220.638664062	38000.000	81000.000	0.7500
227	Spectrogram 1	1	1220.635997396	1220.638664062	38000.000	81000.000	0.7500
228	Waveform 1	1	1220.831997396	1220.833330729	38000.000	81000.000	1.0000
228	Spectrogram 1	1	1220.831997396	1220.833330729	38000.000	81000.000	1.0000
229	Waveform 1	1	1220.922664062	1220.924664062	38000.000	81000.000	1.0000
229	Spectrogram 1	1	1220.922664062	1220.924664062	38000.000	81000.000	1.0000
230	Waveform 1	1	1221.104664062	1221.105997396	38000.000	81000.000	1.0000
230	Spectrogram 1	1	1221.104664062	1221.105997396	38000.000	81000.000	1.0000
231	Waveform 1	1	1221.279997396	1221.283330729	38000.000	81000.000	0.4000
231	Spectrogram 1	1	1221.279997396	1221.283330729	38000.000	81000.000	0.4000
232	Waveform 1	1	1221.646664062	1221.647997396	38000.000	81000.000	1.0000
232	Spectrogram 1	1	1221.646664062	1221.647997396	38000.000	81000.000	1.0000
233	Waveform 1	1	1297.211330729	1297.213330729	38000.000	81000.000	1.0000
233	Spectrogram 1	1	1297.211330729	1297.213330729	38000.000	81000.000	1.0000
234	Waveform 1	1	1297.395997396	1297.397330729	38000.000	81000.000	1.0000
234	Spectrogram 1	1	1297.395997396	1297.397330729	38000.000	81000.000	1.0000
235	Waveform 1	1	1297.663330729	1297.665330729	38000.000	81000.000	1.0000
235	Spectrogram 1	1	1297.663330729	1297.665330729	38000.000	81000.000	1.0000
236	Waveform 1	1	1297.763330729	1297.764664062	38000.000	81000.000	1.0000
236	Spectrogram 1	1	1297.763330729	1297.764664062	38000.000	81000.000	1.0000
237	Waveform 1	1	1297.857330729	1297.858664062	38000.000	81000.000	1.0000
237	Spectrogram 1	1	1297.857330729	1297.858664062	38000.000	81000.000	1.0000
238	Waveform 1	1	1297.946664062	1297.948664063	38000.000	81000.000	1.0000
238	Spectrogram 1	1	1297.946664062	1297.948664063	38000.000	81000.000	1.0000
239	Waveform 1	1	1298.043330729	1298.045330729	38000.000	81000.000	1.0000
239	Spectrogram 1	1	1298.043330729	1298.045330729	38000.000	81000.000	1.0000
240	Waveform 1	1	1298.237997396	1298.239330729	38000.000	81000.000	1.0000
240	Spectrogram 1	1	1298.237997396	1298.239330729	38000.000	81000.000	1.0000
241	Waveform 1	1	1298.340664062	1298.341997396	38000.000	81000.000	1.0000
241	Spectrogram 1	1	1298.340664062	1298.341997396	38000.000	81000.000	1.0000
242	Waveform 1	1	1298.528664062	1298.530664062	38000.000	81000.000	1.0000
242	Spectrogram 1	1	1298.528664062	1298.530664062	38000.000	81000.000	1.0000
243	Waveform 1	1	1299.558664062	1299.559997396	38000.000	81000.000	1.0000
243	Spectrogram 1	1	1299.558664062	1299.559997396	38000.000	81000.000	1.0000
244	Waveform 1	1	1299.637330729	1299.639330729	38000.000	81000.000	1.0000
244	Spectrogram 1	1	1299.637330729	1299.639330729	38000.000	81000.000	1.0000
245	Waveform 1	1	1299.716664062	1299.718664063	38000.000	81000.000	1.0000
245	Spectrogram 1	1	1299.716664062	1299.718664063	38000.000	81000.000	1.0000
246	Waveform 1	1	1299.798664062	1299.799997396	38000.000	81000.000	1.0000
246	Spectrogram 1	1	1299.798664062	1299.799997396	38000.000	81000.000	1.0000
247	Waveform 1	1	1299.878664062	1299.879997396	38000.000	81000.000	1.0000
247	Spectrogram 1	1	1299.878664062	1299.879997396	38000.000	81000.000	1.0000
248	Waveform 1	1	1299.957997396	1299.959330729	38000.000	81000.000	1.0000
248	Spectrogram 1	1	1299.957997396	1299.959330729	38000.000	81000.000	1.0000
249	Waveform 1	1	1300.013997396	1300.015330729	38000.000	81000.000	1.0000
249	Spectrogram 1	1	1300.013997396	1300.015330729	38000.000	81000.000	1.0000
250	Waveform 1	1	1300.385330729	1300.388664062	38000.000	81000.000	1.0000
250	Spectrogram 1	1	1300.385330729	1300.388664062	38000.000	81000.000	1.0000
251	Waveform 1	1	1300.467997396	1300.469330729	38000.000	81000.000	1.0000
251	Spectrogram 1	1	1300.467997396	1300.469330729	38000.000	81000.000	1.0000
252	Waveform 1	1	1300.553330729	1300.555330729	38000.000	81000.000	1.0000
252	Spectrogram 1	1	1300.553330729	1300.555330729	38000.000	81000.000	1.0000
253	Waveform 1	1	1300.632664062	1300.634664062	38000.000	81000.000	1.0000
253	Spectrogram 1	1	1300.632664062	1300.634664062	38000.000	81000.000	1.0000
254	Waveform 1	1	1300.717330729	1300.719997396	38000.000	81000.000	1.0000
254	Spectrogram 1	1	1300.717330729	1300.719997396	38000.000	81000.000	1.0000
255	Waveform 1	1	1300.810664062	1300.812664062	38000.000	81000.000	1.0000
255	Spectrogram 1	1	1300.810664062	1300.812664062	38000.000	81000.000	1.0000
256	Waveform 1	1	1300.894664062	1300.895997396	38000.000	81000.000	1.0000
256	Spectrogram 1	1	1300.894664062	1300.895997396	38000.000	81000.000	1.0000
257	Waveform 1	1	1301.150664063	1301.151997396	38000.000	81000.000	1.0000
257	Spectrogram 1	1	1301.150664063	1301.151997396	38000.000	81000.000	1.0000
258	Waveform 1	1	1301.229330729	1301.231330729	38000.000	81000.000	0.6667
258	Spectrogram 1	1	1301.229330729	1301.231330729	38000.000	81000.000	0.6667
259	Waveform 1	1	1301.344664062	1301.345997396	38000.000	81000.000	1.0000
259	Spectrogram 1	1	1301.344664062	1301.345997396	38000.000	81000.000	1.0000
260	Waveform 1	1	1301.431997396	1301.433330729	38000.000	81000.000	1.0000
260	Spectrogram 1	1	1301.431997396	1301.433330729	38000.000	81000.000	1.0000
261	Waveform 1	1	1301.518664062	1301.519997396	38000.000	81000.000	1.0000
261	Spectrogram 1	1	1301.518664062	1301.519997396	38000.000	81000.000	1.0000
262	Waveform 1	1	1301.600664062	1301.601997396	38000.000	81000.000	1.0000
262	Spectrogram 1	1	1301.600664062	1301.601997396	38000.000	81000.000	1.0000
263	Waveform 1	1	1301.669330729	1301.670664063	38000.000	81000.000	1.0000
263	Spectrogram 1	1	1301.669330729	1301.670664063	38000.000	81000.000	1.0000
264	Waveform 1	1	1302.023997396	1302.034664063	38000.000	81000.000	0.2500
264	Spectrogram 1	1	1302.023997396	1302.034664063	38000.000	81000.000	0.2500
265	Waveform 1	1	1302.107330729	1302.108664062	38000.000	81000.000	1.0000
265	Spectrogram 1	1	1302.107330729	1302.108664062	38000.000	81000.000	1.0000
266	Waveform 1	1	1302.191997396	1302.193330729	38000.000	81000.000	1.0000
266	Spectrogram 1	1	1302.191997396	1302.193330729	38000.000	81000.000	1.0000
267	Waveform 1	1	1302.273330729	1302.275330729	38000.000	81000.000	1.0000
267	Spectrogram 1	1	1302.273330729	1302.275330729	38000.000	81000.000	1.0000
268	Waveform 1	1	1302.358664062	1302.360664062	38000.000	81000.000	1.0000
268	Spectrogram 1	1	1302.358664062	1302.360664062	38000.000	81000.000	1.0000
269	Waveform 1	1	1302.441997396	1302.443997396	38000.000	81000.000	1.0000
269	Spectrogram 1	1	1302.441997396	1302.443997396	38000.000	81000.000	1.0000
270	Waveform 1	1	1302.525330729	1302.527330729	38000.000	81000.000	1.0000
270	Spectrogram 1	1	1302.525330729	1302.527330729	38000.000	81000.000	1.0000
271	Waveform 1	1	1302.611330729	1302.613330729	38000.000	81000.000	1.0000
271	Spectrogram 1	1	1302.611330729	1302.613330729	38000.000	81000.000	1.0000
272	Waveform 1	1	1302.697997396	1302.700664062	38000.000	81000.000	1.0000
272	Spectrogram 1	1	1302.697997396	1302.700664062	38000.000	81000.000	1.0000
273	Waveform 1	1	1302.781330729	1302.782664062	38000.000	81000.000	1.0000
273	Spectrogram 1	1	1302.781330729	1302.782664062	38000.000	81000.000	1.0000
274	Waveform 1	1	1302.937997396	1302.940664062	38000.000	81000.000	1.0000
274	Spectrogram 1	1	1302.937997396	1302.940664062	38000.000	81000.000	1.0000
275	Waveform 1	1	1302.977997396	1302.979330729	38000.000	81000.000	1.0000
275	Spectrogram 1	1	1302.977997396	1302.979330729	38000.000	81000.000	1.0000
276	Waveform 1	1	1303.021997396	1303.023330729	38000.000	81000.000	1.0000
276	Spectrogram 1	1	1303.021997396	1303.023330729	38000.000	81000.000	1.0000
277	Waveform 1	1	1303.142664062	1303.144664062	38000.000	81000.000	1.0000
277	Spectrogram 1	1	1303.142664062	1303.144664062	38000.000	81000.000	1.0000
278	Waveform 1	1	1303.219330729	1303.220664062	38000.000	81000.000	1.0000
278	Spectrogram 1	1	1303.219330729	1303.220664062	38000.000	81000.000	1.0000
279	Waveform 1	1	1303.745330729	1303.747330729	38000.000	81000.000	1.0000
279	Spectrogram 1	1	1303.745330729	1303.747330729	38000.000	81000.000	1.0000
280	Waveform 1	1	1303.836664062	1303.839330729	38000.000	81000.000	1.0000
280	Spectrogram 1	1	1303.836664062	1303.839330729	38000.000	81000.000	1.0000
281	Waveform 1	1	1303.917997396	1303.920664063	38000.000	81000.000	1.0000
281	Spectrogram 1	1	1303.917997396	1303.920664063	38000.000	81000.000	1.0000
282	Waveform 1	1	1303.996664063	1303.999997396	38000.000	81000.000	1.0000
282	Spectrogram 1	1	1303.996664063	1303.999997396	38000.000	81000.000	1.0000
283	Waveform 1	1	1304.182664062	1304.184664062	38000.000	81000.000	1.0000
283	Spectrogram 1	1	1304.182664062	1304.184664062	38000.000	81000.000	1.0000
284	Waveform 1	1	1304.270664062	1304.272664062	38000.000	81000.000	1.0000
284	Spectrogram 1	1	1304.270664062	1304.272664062	38000.000	81000.000	1.0000
285	Waveform 1	1	1306.481997396	1306.483330729	38000.000	81000.000	1.0000
285	Spectrogram 1	1	1306.481997396	1306.483330729	38000.000	81000.000	1.0000
286	Waveform 1	1	1306.579997396	1306.581330729	38000.000	81000.000	1.0000
286	Spectrogram 1	1	1306.579997396	1306.581330729	38000.000	81000.000	1.0000
287	Waveform 1	1	1306.669330729	1306.670664063	38000.000	81000.000	1.0000
287	Spectrogram 1	1	1306.669330729	1306.670664063	38000.000	81000.000	1.0000
288	Waveform 1	1	1306.930664062	1306.931997396	38000.000	81000.000	1.0000
288	Spectrogram 1	1	1306.930664062	1306.931997396	38000.000	81000.000	1.0000
289	Waveform 1	1	1307.024664062	1307.025997396	38000.000	81000.000	1.0000
289	Spectrogram 1	1	1307.024664062	1307.025997396	38000.000	81000.000	1.0000
290	Waveform 1	1	1307.117997396	1307.119330729	38000.000	81000.000	1.0000
290	Spectrogram 1	1	1307.117997396	1307.119330729	38000.000	81000.000	1.0000
291	Waveform 1	1	1307.211330729	1307.213330729	38000.000	81000.000	1.0000
291	Spectrogram 1	1	1307.211330729	1307.213330729	38000.000	81000.000	1.0000
292	Waveform 1	1	1307.306664062	1307.308664062	38000.000	81000.000	1.0000
292	Spectrogram 1	1	1307.306664062	1307.308664062	38000.000	81000.000	1.0000
293	Waveform 1	1	1307.401330729	1307.402664062	38000.000	81000.000	1.0000
293	Spectrogram 1	1	1307.401330729	1307.402664062	38000.000	81000.000	1.0000
294	Waveform 1	1	1307.493330729	1307.494664062	38000.000	81000.000	1.0000
294	Spectrogram 1	1	1307.493330729	1307.494664062	38000.000	81000.000	1.0000
295	Waveform 1	1	1307.582664063	1307.585330729	38000.000	81000.000	1.0000
295	Spectrogram 1	1	1307.582664063	1307.585330729	38000.000	81000.000	1.0000
296	Waveform 1	1	1307.674664062	1307.677997396	38000.000	81000.000	1.0000
296	Spectrogram 1	1	1307.674664062	1307.677997396	38000.000	81000.000	1.0000
297	Waveform 1	1	1307.772664062	1307.775330729	38000.000	81000.000	1.0000
297	Spectrogram 1	1	1307.772664062	1307.775330729	38000.000	81000.000	1.0000
298	Waveform 1	1	1307.865330729	1307.868664062	38000.000	81000.000	0.6000
298	Spectrogram 1	1	1307.865330729	1307.868664062	38000.000	81000.000	0.6000
299	Waveform 1	1	1307.960664062	1307.963330729	38000.000	81000.000	1.0000
299	Spectrogram 1	1	1307.960664062	1307.963330729	38000.000	81000.000	1.0000
300	Waveform 1	1	1308.053997396	1308.056664062	38000.000	81000.000	1.0000
300	Spectrogram 1	1	1308.053997396	1308.056664062	38000.000	81000.000	1.0000
301	Waveform 1	1	1308.337997396	1308.339997396	38000.000	81000.000	1.0000
301	Spectrogram 1	1	1308.337997396	1308.339997396	38000.000	81000.000	1.0000
302	Waveform 1	1	1308.425997396	1308.428664063	38000.000	81000.000	1.0000
302	Spectrogram 1	1	1308.425997396	1308.428664063	38000.000	81000.000	1.0000
303	Waveform 1	1	1308.606664062	1308.608664062	38000.000	81000.000	1.0000
303	Spectrogram 1	1	1308.606664062	1308.608664062	38000.000	81000.000	1.0000
304	Waveform 1	1	1309.677997396	1309.679330729	38000.000	81000.000	1.0000
304	Spectrogram 1	1	1309.677997396	1309.679330729	38000.000	81000.000	1.0000
305	Waveform 1	1	1310.266664063	1310.267997396	38000.000	81000.000	1.0000
305	Spectrogram 1	1	1310.266664063	1310.267997396	38000.000	81000.000	1.0000
306	Waveform 1	1	1310.377330729	1310.379330729	38000.000	81000.000	1.0000
306	Spectrogram 1	1	1310.377330729	1310.379330729	38000.000	81000.000	1.0000
307	Waveform 1	1	1310.460664062	1310.461997396	38000.000	81000.000	1.0000
307	Spectrogram 1	1	1310.460664062	1310.461997396	38000.000	81000.000	1.0000
308	Waveform 1	1	1310.535330729	1310.536664062	38000.000	81000.000	1.0000
308	Spectrogram 1	1	1310.535330729	1310.536664062	38000.000	81000.000	1.0000
309	Waveform 1	1	1310.603330729	1310.609330729	38000.000	81000.000	0.2222
309	Spectrogram 1	1	1310.603330729	1310.609330729	38000.000	81000.000	0.2222
310	Waveform 1	1	1311.024664062	1311.026664063	38000.000	81000.000	1.0000
310	Spectrogram 1	1	1311.024664062	1311.026664063	38000.000	81000.000	1.0000
311	Waveform 1	1	1311.110664062	1311.112664063	38000.000	81000.000	1.0000
311	Spectrogram 1	1	1311.110664062	1311.112664063	38000.000	81000.000	1.0000
312	Waveform 1	1	1311.195997396	1311.197330729	38000.000	81000.000	1.0000
312	Spectrogram 1	1	1311.195997396	1311.197330729	38000.000	81000.000	1.0000
313	Waveform 1	1	1311.279997396	1311.282664062	38000.000	81000.000	1.0000
313	Spectrogram 1	1	1311.279997396	1311.282664062	38000.000	81000.000	1.0000
314	Waveform 1	1	1311.371330729	1311.372664063	38000.000	81000.000	1.0000
314	Spectrogram 1	1	1311.371330729	1311.372664063	38000.000	81000.000	1.0000
315	Waveform 1	1	1311.461330729	1311.463997396	38000.000	81000.000	1.0000
315	Spectrogram 1	1	1311.461330729	1311.463997396	38000.000	81000.000	1.0000
316	Waveform 1	1	1311.553997396	1311.555330729	38000.000	81000.000	1.0000
316	Spectrogram 1	1	1311.553997396	1311.555330729	38000.000	81000.000	1.0000
317	Waveform 1	1	1311.646664062	1311.649997396	38000.000	81000.000	1.0000
317	Spectrogram 1	1	1311.646664062	1311.649997396	38000.000	81000.000	1.0000
318	Waveform 1	1	1315.297997396	1315.299330729	38000.000	81000.000	1.0000
318	Spectrogram 1	1	1315.297997396	1315.299330729	38000.000	81000.000	1.0000
319	Waveform 1	1	1320.684664062	1320.686664062	38000.000	81000.000	1.0000
319	Spectrogram 1	1	1320.684664062	1320.686664062	38000.000	81000.000	1.0000
320	Waveform 1	1	1320.777997396	1320.779997396	38000.000	81000.000	1.0000
320	Spectrogram 1	1	1320.777997396	1320.779997396	38000.000	81000.000	1.0000
321	Waveform 1	1	1320.867997396	1320.869997396	38000.000	81000.000	1.0000
321	Spectrogram 1	1	1320.867997396	1320.869997396	38000.000	81000.000	1.0000
322	Waveform 1	1	1321.008664062	1321.010664062	38000.000	81000.000	1.0000
322	Spectrogram 1	1	1321.008664062	1321.010664062	38000.000	81000.000	1.0000
323	Waveform 1	1	1321.230664062	1321.232664062	38000.000	81000.000	1.0000
323	Spectrogram 1	1	1321.230664062	1321.232664062	38000.000	81000.000	1.0000
324	Waveform 1	1	1337.277330729	1337.278664062	38000.000	81000.000	1.0000
324	Spectrogram 1	1	1337.277330729	1337.278664062	38000.000	81000.000	1.0000
325	Waveform 1	1	1337.535330729	1337.536664062	38000.000	81000.000	1.0000
325	Spectrogram 1	1	1337.535330729	1337.536664062	38000.000	81000.000	1.0000
326	Waveform 1	1	1359.369330729	1359.370664062	38000.000	81000.000	1.0000
326	Spectrogram 1	1	1359.369330729	1359.370664062	38000.000	81000.000	1.0000
327	Waveform 1	1	1361.639330729	1361.640664063	38000.000	81000.000	1.0000
327	Spectrogram 1	1	1361.639330729	1361.640664063	38000.000	81000.000	1.0000
328	Waveform 1	1	1366.647997396	1366.649330729	38000.000	81000.000	1.0000
328	Spectrogram 1	1	1366.647997396	1366.649330729	38000.000	81000.000	1.0000
329	Waveform 1	1	1366.935330729	1366.936664062	38000.000	81000.000	1.0000
329	Spectrogram 1	1	1366.935330729	1366.936664062	38000.000	81000.000	1.0000
330	Waveform 1	1	1373.573997396	1373.575330729	38000.000	81000.000	1.0000
330	Spectrogram 1	1	1373.573997396	1373.575330729	38000.000	81000.000	1.0000
331	Waveform 1	1	1377.069997396	1377.073330729	38000.000	81000.000	0.8000
331	Spectrogram 1	1	1377.069997396	1377.073330729	38000.000	81000.000	0.8000
332	Waveform 1	1	1377.149330729	1377.150664063	38000.000	81000.000	1.0000
332	Spectrogram 1	1	1377.149330729	1377.150664063	38000.000	81000.000	1.0000
333	Waveform 1	1	1380.048664062	1380.049997396	38000.000	81000.000	1.0000
333	Spectrogram 1	1	1380.048664062	1380.049997396	38000.000	81000.000	1.0000
334	Waveform 1	1	1380.143997396	1380.145330729	38000.000	81000.000	1.0000
334	Spectrogram 1	1	1380.143997396	1380.145330729	38000.000	81000.000	1.0000
335	Waveform 1	1	1380.601330729	1380.603997396	38000.000	81000.000	0.7500
335	Spectrogram 1	1	1380.601330729	1380.603997396	38000.000	81000.000	0.7500
336	Waveform 1	1	1381.484664062	1381.485997396	38000.000	81000.000	1.0000
336	Spectrogram 1	1	1381.484664062	1381.485997396	38000.000	81000.000	1.0000
337	Waveform 1	1	1384.325330729	1384.326664062	38000.000	81000.000	1.0000
337	Spectrogram 1	1	1384.325330729	1384.326664062	38000.000	81000.000	1.0000
338	Waveform 1	1	1385.629997396	1385.631997396	38000.000	81000.000	1.0000
338	Spectrogram 1	1	1385.629997396	1385.631997396	38000.000	81000.000	1.0000
339	Waveform 1	1	1385.693997396	1385.696664062	38000.000	81000.000	0.7500
339	Spectrogram 1	1	1385.693997396	1385.696664062	38000.000	81000.000	0.7500
340	Waveform 1	1	1388.142664062	1388.143997396	38000.000	81000.000	1.0000
340	Spectrogram 1	1	1388.142664062	1388.143997396	38000.000	81000.000	1.0000
341	Waveform 1	1	1390.399997396	1390.401997396	38000.000	81000.000	1.0000
341	Spectrogram 1	1	1390.399997396	1390.401997396	38000.000	81000.000	1.0000
342	Waveform 1	1	1390.581330729	1390.583997396	38000.000	81000.000	1.0000
342	Spectrogram 1	1	1390.581330729	1390.583997396	38000.000	81000.000	1.0000
343	Waveform 1	1	1390.655330729	1390.658664062	38000.000	81000.000	0.8000
343	Spectrogram 1	1	1390.655330729	1390.658664062	38000.000	81000.000	0.8000
344	Waveform 1	1	1390.724664062	1390.727330729	38000.000	81000.000	0.7500
344	Spectrogram 1	1	1390.724664062	1390.727330729	38000.000	81000.000	0.7500
345	Waveform 1	1	1392.800664062	1392.801997396	38000.000	81000.000	1.0000
345	Spectrogram 1	1	1392.800664062	1392.801997396	38000.000	81000.000	1.0000
346	Waveform 1	1	1393.085997396	1393.087330729	38000.000	81000.000	1.0000
346	Spectrogram 1	1	1393.085997396	1393.087330729	38000.000	81000.000	1.0000
347	Waveform 1	1	1393.270664062	1393.275330729	38000.000	81000.000	0.4286
347	Spectrogram 1	1	1393.270664062	1393.275330729	38000.000	81000.000	0.4286
348	Waveform 1	1	1394.103330729	1394.104664062	38000.000	81000.000	1.0000
348	Spectrogram 1	1	1394.103330729	1394.104664062	38000.000	81000.000	1.0000
349	Waveform 1	1	1394.509330729	1394.510664062	38000.000	81000.000	1.0000
349	Spectrogram 1	1	1394.509330729	1394.510664062	38000.000	81000.000	1.0000
350	Waveform 1	1	1394.657330729	1394.661997396	38000.000	81000.000	0.5714
350	Spectrogram 1	1	1394.657330729	1394.661997396	38000.000	81000.000	0.5714
351	Waveform 1	1	1394.899330729	1394.906664062	38000.000	81000.000	0.8182
351	Spectrogram 1	1	1394.899330729	1394.906664062	38000.000	81000.000	0.8182
352	Waveform 1	1	1394.949997396	1394.956664062	38000.000	81000.000	0.6000
352	Spectrogram 1	1	1394.949997396	1394.956664062	38000.000	81000.000	0.6000
353	Waveform 1	1	1394.991330729	1394.993997396	38000.000	81000.000	0.5000
353	Spectrogram 1	1	1394.991330729	1394.993997396	38000.000	81000.000	0.5000
354	Waveform 1	1	1400.619330729	1400.621997396	38000.000	81000.000	0.7500
354	Spectrogram 1	1	1400.619330729	1400.621997396	38000.000	81000.000	0.7500
355	Waveform 1	1	1400.701997396	1400.704664062	38000.000	81000.000	0.7500
355	Spectrogram 1	1	1400.701997396	1400.704664062	38000.000	81000.000	0.7500
356	Waveform 1	1	1400.955997396	1400.957997396	38000.000	81000.000	1.0000
356	Spectrogram 1	1	1400.955997396	1400.957997396	38000.000	81000.000	1.0000
357	Waveform 1	1	1405.843997396	1405.846664062	38000.000	81000.000	0.7500
357	Spectrogram 1	1	1405.843997396	1405.846664062	38000.000	81000.000	0.7500
358	Waveform 1	1	1406.732664062	1406.733997396	38000.000	81000.000	1.0000
358	Spectrogram 1	1	1406.732664062	1406.733997396	38000.000	81000.000	1.0000
359	Waveform 1	1	1423.546664062	1423.554664063	38000.000	81000.000	0.7500
359	Spectrogram 1	1	1423.546664062	1423.554664063	38000.000	81000.000	0.7500
360	Waveform 1	1	1424.173330729	1424.179330729	38000.000	81000.000	0.3333
360	Spectrogram 1	1	1424.173330729	1424.179330729	38000.000	81000.000	0.3333
361	Waveform 1	1	1424.469997396	1424.473330729	38000.000	81000.000	0.8000
361	Spectrogram 1	1	1424.469997396	1424.473330729	38000.000	81000.000	0.8000
362	Waveform 1	1	1432.135330729	1432.136664062	38000.000	81000.000	1.0000
362	Spectrogram 1	1	1432.135330729	1432.136664062	38000.000	81000.000	1.0000
363	Waveform 1	1	1435.503330729	1435.504664062	38000.000	81000.000	1.0000
363	Spectrogram 1	1	1435.503330729	1435.504664062	38000.000	81000.000	1.0000
364	Waveform 1	1	1445.936664062	1445.938664063	38000.000	81000.000	1.0000
364	Spectrogram 1	1	1445.936664062	1445.938664063	38000.000	81000.000	1.0000
365	Waveform 1	1	1446.051997396	1446.053997396	38000.000	81000.000	1.0000
365	Spectrogram 1	1	1446.051997396	1446.053997396	38000.000	81000.000	1.0000
366	Waveform 1	1	1446.100664062	1446.102664063	38000.000	81000.000	1.0000
366	Spectrogram 1	1	1446.100664062	1446.102664063	38000.000	81000.000	1.0000
367	Waveform 1	1	1446.147330729	1446.151997396	38000.000	81000.000	0.8571
367	Spectrogram 1	1	1446.147330729	1446.151997396	38000.000	81000.000	0.8571
368	Waveform 1	1	1446.317330729	1446.321330729	38000.000	81000.000	0.6667
368	Spectrogram 1	1	1446.317330729	1446.321330729	38000.000	81000.000	0.6667
369	Waveform 1	1	1446.481997396	1446.487330729	38000.000	81000.000	0.7500
369	Spectrogram 1	1	1446.481997396	1446.487330729	38000.000	81000.000	0.7500
370	Waveform 1	1	1446.669330729	1446.672664062	38000.000	81000.000	0.6000
370	Spectrogram 1	1	1446.669330729	1446.672664062	38000.000	81000.000	0.6000
371	Waveform 1	1	1447.237997396	1447.239330729	38000.000	81000.000	1.0000
371	Spectrogram 1	1	1447.237997396	1447.239330729	38000.000	81000.000	1.0000
372	Waveform 1	1	1447.985997396	1447.990664062	38000.000	81000.000	0.8571
372	Spectrogram 1	1	1447.985997396	1447.990664062	38000.000	81000.000	0.8571
373	Waveform 1	1	1456.447330729	1456.449330729	38000.000	81000.000	1.0000
373	Spectrogram 1	1	1456.447330729	1456.449330729	38000.000	81000.000	1.0000
374	Waveform 1	1	1456.647997396	1456.649330729	38000.000	81000.000	1.0000
374	Spectrogram 1	1	1456.647997396	1456.649330729	38000.000	81000.000	1.0000
375	Waveform 1	1	1456.743330729	1456.744664062	38000.000	81000.000	1.0000
375	Spectrogram 1	1	1456.743330729	1456.744664062	38000.000	81000.000	1.0000
376	Waveform 1	1	1469.728664063	1469.730664062	38000.000	81000.000	1.0000
376	Spectrogram 1	1	1469.728664063	1469.730664062	38000.000	81000.000	1.0000
377	Waveform 1	1	1471.970664062	1471.971997396	38000.000	81000.000	1.0000
377	Spectrogram 1	1	1471.970664062	1471.971997396	38000.000	81000.000	1.0000
378	Waveform 1	1	1495.252664062	1495.254664062	38000.000	81000.000	1.0000
378	Spectrogram 1	1	1495.252664062	1495.254664062	38000.000	81000.000	1.0000
379	Waveform 1	1	1495.533997396	1495.535330729	38000.000	81000.000	1.0000
379	Spectrogram 1	1	1495.533997396	1495.535330729	38000.000	81000.000	1.0000
380	Waveform 1	1	1495.824664063	1495.826664062	38000.000	81000.000	1.0000
380	Spectrogram 1	1	1495.824664063	1495.826664062	38000.000	81000.000	1.0000
381	Waveform 1	1	1496.381997396	1496.383330729	38000.000	81000.000	1.0000
381	Spectrogram 1	1	1496.381997396	1496.383330729	38000.000	81000.000	1.0000
382	Waveform 1	1	1783.569997396	1783.577997396	38000.000	81000.000	0.2500
382	Spectrogram 1	1	1783.569997396	1783.577997396	38000.000	81000.000	0.2500
383	Waveform 1	1	1784.332664063	1784.337997396	38000.000	81000.000	0.2500
383	Spectrogram 1	1	1784.332664063	1784.337997396	38000.000	81000.000	0.2500
384	Waveform 1	1	1784.507997396	1784.511997396	38000.000	81000.000	0.3333
384	Spectrogram 1	1	1784.507997396	1784.511997396	38000.000	81000.000	0.3333
