Selection	View	Channel	Begin Time (s)	End Time (s)	Low Freq (Hz)	High Freq (Hz)	Occupancy
1	Waveform 1	1	126.451330729	126.453330729	22000.000	38000.000	1.0000
1	Spectrogram 1	1	126.451330729	126.453330729	22000.000	38000.000	1.0000
2	Waveform 1	1	135.071997396	135.077330729	22000.000	38000.000	0.2500
2	Spectrogram 1	1	135.071997396	135.077330729	22000.000	38000.000	0.2500
3	Waveform 1	1	135.981997396	136.001997396	22000.000	38000.000	0.1667
3	Spectrogram 1	1	135.981997396	136.001997396	22000.000	38000.000	0.1667
4	Waveform 1	1	136.376664062	136.380664062	22000.000	38000.000	0.3333
4	Spectrogram 1	1	136.376664062	136.380664062	22000.000	38000.000	0.3333
5	Waveform 1	1	136.633997396	136.652664062	22000.000	38000.000	0.1071
5	Spectrogram 1	1	136.633997396	136.652664062	22000.000	38000.000	0.1071
6	Waveform 1	1	344.985997396	344.996664062	22000.000	38000.000	0.2500
6	Spectrogram 1	1	344.985997396	344.996664062	22000.000	38000.000	0.2500
7	Waveform 1	1	345.509330729	345.513997396	22000.000	38000.000	0.4286
7	Spectrogram 1	1	345.509330729	345.513997396	22000.000	38000.000	0.4286
8	Waveform 1	1	345.755330729	345.775330729	22000.000	38000.000	0.3000
8	Spectrogram 1	1	345.755330729	345.775330729	22000.000	38000.000	0.3000
9	Waveform 1	1	544.195330729	544.209997396	22000.000	38000.000	0.0909
9	Spectrogram 1	1	544.195330729	544.209997396	22000.000	38000.000	0.0909
10	Waveform 1	1	1228.564664063	1228.579997396	22000.000	38000.000	0.0870
10	Spectrogram 1	1	1228.564664063	1228.579997396	22000.000	38000.000	0.0870
11	Waveform 1	1	1231.092664063	1231.099997396	22000.000	38000.000	0.6364
11	Spectrogram 1	1	1231.092664063	1231.099997396	22000.000	38000.000	0.6364
12	Waveform 1	1	1231.237330729	1231.238664062	22000.000	38000.000	1.0000
12	Spectrogram 1	1	1231.237330729	1231.238664062	22000.000	38000.000	1.0000
13	Waveform 1	1	1231.467330729	1231.475997396	22000.000	38000.000	0.3077
13	Spectrogram 1	1	1231.467330729	1231.475997396	22000.000	38000.000	0.3077
14	Waveform 1	1	1235.035330729	1235.037330729	22000.000	38000.000	0.6667
14	Spectrogram 1	1	1235.035330729	1235.037330729	22000.000	38000.000	0.6667
15	Waveform 1	1	1258.815997396	1258.829330729	22000.000	38000.000	0.2000
15	Spectrogram 1	1	1258.815997396	1258.829330729	22000.000	38000.000	0.2000
16	Waveform 1	1	1269.973997396	1269.987330729	22000.000	38000.000	0.1000
16	Spectrogram 1	1	1269.973997396	1269.987330729	22000.000	38000.000	0.1000
17	Waveform 1	1	1313.713997396	1313.715330729	22000.000	38000.000	1.0000
17	Spectrogram 1	1	1313.713997396	1313.715330729	22000.000	38000.000	1.0000
18	Waveform 1	1	1314.097997396	1314.100664062	22000.000	38000.000	0.5000
18	Spectrogram 1	1	1314.097997396	1314.100664062	22000.000	38000.000	0.5000
19	Waveform 1	1	1317.663997396	1317.672664062	22000.000	38000.000	0.5385
19	Spectrogram 1	1	1317.663997396	1317.672664062	22000.000	38000.000	0.5385
20	Waveform 1	1	1318.180664062	1318.194664062	22000.000	38000.000	0.1905
20	Spectrogram 1	1	1318.180664062	1318.194664062	22000.000	38000.000	0.1905
21	Waveform 1	1	1321.871997396	1321.885997396	22000.000	38000.000	0.1429
21	Spectrogram 1	1	1321.871997396	1321.885997396	22000.000	38000.000	0.1429
22	Waveform 1	1	1323.524664062	1323.531997396	22000.000	38000.000	0.1818
22	Spectrogram 1	1	1323.524664062	1323.531997396	22000.000	38000.000	0.1818
23	Waveform 1	1	1325.557330729	1325.569330729	22000.000	38000.000	0.5000
23	Spectrogram 1	1	1325.557330729	1325.569330729	22000.000	38000.000	0.5000
24	Waveform 1	1	1326.123997396	1326.126664062	22000.000	38000.000	1.0000
24	Spectrogram 1	1	1326.123997396	1326.126664062	22000.000	38000.000	1.0000
25	Waveform 1	1	1326.511330729	1326.521997396	22000.000	38000.000	0.3125
25	Spectrogram 1	1	1326.511330729	1326.521997396	22000.000	38000.000	0.3125
26	Waveform 1	1	1330.418664062	1330.419997396	22000.000	38000.000	1.0000
26	Spectrogram 1	1	1330.418664062	1330.419997396	22000.000	38000.000	1.0000
27	Waveform 1	1	1330.817997396	1330.819330729	22000.000	38000.000	1.0000
27	Spectrogram 1	1	1330.817997396	1330.819330729	22000.000	38000.000	1.0000
28	Waveform 1	1	1331.321997396	1331.326664062	22000.000	38000.000	0.2857
28	Spectrogram 1	1	1331.321997396	1331.326664062	22000.000	38000.000	0.2857
29	Waveform 1	1	1346.943997396	1346.962664062	22000.000	38000.000	0.2500
29	Spectrogram 1	1	1346.943997396	1346.962664062	22000.000	38000.000	0.2500
30	Waveform 1	1	1347.718664063	1347.725997396	22000.000	38000.000	0.2727
30	Spectrogram 1	1	1347.718664063	1347.725997396	22000.000	38000.000	0.2727
31	Waveform 1	1	1348.980664062	1348.983330729	22000.000	38000.000	1.0000
31	Spectrogram 1	1	1348.980664062	1348.983330729	22000.000	38000.000	1.0000
32	Waveform 1	1	1349.513997396	1349.526664063	22000.000	38000.000	0.1053
32	Spectrogram 1	1	1349.513997396	1349.526664063	22000.000	38000.000	0.1053
33	Waveform 1	1	1533.905330729	1533.911997396	22000.000	38000.000	0.4000
33	Spectrogram 1	1	1533.905330729	1533.911997396	22000.000	38000.000	0.4000
34	Waveform 1	1	1544.095997396	1544.106664062	22000.000	38000.000	0.1875
34	Spectrogram 1	1	1544.095997396	1544.106664062	22000.000	38000.000	0.1875
35	Waveform 1	1	1550.383997396	1550.385330729	22000.000	38000.000	1.0000
35	Spectrogram 1	1	1550.383997396	1550.385330729	22000.000	38000.000	1.0000
36	Waveform 1	1	1550.648664062	1550.661330729	22000.000	38000.000	0.1579
36	Spectrogram 1	1	1550.648664062	1550.661330729	22000.000	38000.000	0.1579
37	Waveform 1	1	1553.361330729	1553.365997396	22000.000	38000.000	0.2857
37	Spectrogram 1	1	1553.361330729	1553.365997396	22000.000	38000.000	0.2857
38	Waveform 1	1	1553.571997396	1553.575997396	22000.000	38000.000	0.8333
38	Spectrogram 1	1	1553.571997396	1553.575997396	22000.000	38000.000	0.8333
39	Waveform 1	1	1645.839997396	1645.845997396	22000.000	38000.000	0.3333
39	Spectrogram 1	1	1645.839997396	1645.845997396	22000.000	38000.000	0.3333
40	Waveform 1	1	1650.804664063	1650.824664063	22000.000	38000.000	0.3667
40	Spectrogram 1	1	1650.804664063	1650.824664063	22000.000	38000.000	0.3667
41	Waveform 1	1	1650.955330729	1650.963330729	22000.000	38000.000	0.3333
41	Spectrogram 1	1	1650.955330729	1650.963330729	22000.000	38000.000	0.3333
42	Waveform 1	1	1651.320664062	1651.325997396	22000.000	38000.000	0.5000
42	Spectrogram 1	1	1651.320664062	1651.325997396	22000.000	38000.000	0.5000
43	Waveform 1	1	1651.623997396	1651.628664062	22000.000	38000.000	0.5714
43	Spectrogram 1	1	1651.623997396	1651.628664062	22000.000	38000.000	0.5714
44	Waveform 1	1	1651.868664062	1651.888664062	22000.000	38000.000	0.3667
44	Spectrogram 1	1	1651.868664062	1651.888664062	22000.000	38000.000	0.3667
45	Waveform 1	1	1652.124664062	1652.137997396	22000.000	38000.000	0.5500
45	Spectrogram 1	1	1652.124664062	1652.137997396	22000.000	38000.000	0.5500
46	Waveform 1	1	1652.390664063	1652.402664062	22000.000	38000.000	0.3333
46	Spectrogram 1	1	1652.390664063	1652.402664062	22000.000	38000.000	0.3333
47	Waveform 1	1	1652.628664062	1652.649330729	22000.000	38000.000	0.4516
47	Spectrogram 1	1	1652.628664062	1652.649330729	22000.000	38000.000	0.4516
48	Waveform 1	1	1653.133997396	1653.139997396	22000.000	38000.000	0.6667
48	Spectrogram 1	1	1653.133997396	1653.139997396	22000.000	38000.000	0.6667
49	Waveform 1	1	1653.654664062	1653.670664063	22000.000	38000.000	0.3750
49	Spectrogram 1	1	1653.654664062	1653.670664063	22000.000	38000.000	0.3750
50	Waveform 1	1	1655.171997396	1655.189997396	22000.000	38000.000	0.2963
50	Spectrogram 1	1	1655.171997396	1655.189997396	22000.000	38000.000	0.2963
