Selection	View	Channel	Begin Time (s)	End Time (s)	Low Freq (Hz)	High Freq (Hz)	Occupancy
1	Waveform 1	1	810.505997396	810.507330729	38000.000	81000.000	1.0000
1	Spectrogram 1	1	810.505997396	810.507330729	38000.000	81000.000	1.0000
2	Waveform 1	1	849.741330729	849.742664063	38000.000	81000.000	1.0000
2	Spectrogram 1	1	849.741330729	849.742664063	38000.000	81000.000	1.0000
3	Waveform 1	1	849.989997396	849.991330729	38000.000	81000.000	1.0000
3	Spectrogram 1	1	849.989997396	849.991330729	38000.000	81000.000	1.0000
4	Waveform 1	1	850.279997396	850.282664063	38000.000	81000.000	1.0000
4	Spectrogram 1	1	850.279997396	850.282664063	38000.000	81000.000	1.0000
5	Waveform 1	1	850.331997396	850.333997396	38000.000	81000.000	1.0000
5	Spectrogram 1	1	850.331997396	850.333997396	38000.000	81000.000	1.0000
6	Waveform 1	1	864.301330729	864.303997396	38000.000	81000.000	0.7500
6	Spectrogram 1	1	864.301330729	864.303997396	38000.000	81000.000	0.7500
7	Waveform 1	1	864.381330729	864.383330729	38000.000	81000.000	1.0000
7	Spectrogram 1	1	864.381330729	864.383330729	38000.000	81000.000	1.0000
8	Waveform 1	1	864.465330729	864.470664063	38000.000	81000.000	0.5000
8	Spectrogram 1	1	864.465330729	864.470664063	38000.000	81000.000	0.5000
9	Waveform 1	1	864.783330729	864.784664063	38000.000	81000.000	1.0000
9	Spectrogram 1	1	864.783330729	864.784664063	38000.000	81000.000	1.0000
10	Waveform 1	1	866.438664063	866.439997396	38000.000	81000.000	1.0000
10	Spectrogram 1	1	866.438664063	866.439997396	38000.000	81000.000	1.0000
11	Waveform 1	1	866.526664063	866.527997396	38000.000	81000.000	1.0000
11	Spectrogram 1	1	866.526664063	866.527997396	38000.000	81000.000	1.0000
12	Waveform 1	1	866.897330729	866.899330729	38000.000	81000.000	1.0000
12	Spectrogram 1	1	866.897330729	866.899330729	38000.000	81000.000	1.0000
13	Waveform 1	1	867.148664063	867.152664063	38000.000	81000.000	0.6667
13	Spectrogram 1	1	867.148664063	867.152664063	38000.000	81000.000	0.6667
14	Waveform 1	1	867.219997396	867.221330729	38000.000	81000.000	1.0000
14	Spectrogram 1	1	867.219997396	867.221330729	38000.000	81000.000	1.0000
15	Waveform 1	1	867.626664063	867.628664063	38000.000	81000.000	0.6667
15	Spectrogram 1	1	867.626664063	867.628664063	38000.000	81000.000	0.6667
16	Waveform 1	1	867.713997396	867.715330729	38000.000	81000.000	1.0000
16	Spectrogram 1	1	867.713997396	867.715330729	38000.000	81000.000	1.0000
17	Waveform 1	1	867.797330729	867.800664063	38000.000	81000.000	1.0000
17	Spectrogram 1	1	867.797330729	867.800664063	38000.000	81000.000	1.0000
18	Waveform 1	1	868.193330729	868.194664063	38000.000	81000.000	1.0000
18	Spectrogram 1	1	868.193330729	868.194664063	38000.000	81000.000	1.0000
19	Waveform 1	1	1195.920664063	1195.921997396	38000.000	81000.000	1.0000
19	Spectrogram 1	1	1195.920664063	1195.921997396	38000.000	81000.000	1.0000
20	Waveform 1	1	1196.728664063	1196.729997396	38000.000	81000.000	1.0000
20	Spectrogram 1	1	1196.728664063	1196.729997396	38000.000	81000.000	1.0000
21	Waveform 1	1	1196.923997396	1196.925330729	38000.000	81000.000	1.0000
21	Spectrogram 1	1	1196.923997396	1196.925330729	38000.000	81000.000	1.0000
22	Waveform 1	1	1197.414664062	1197.416664062	38000.000	81000.000	1.0000
22	Spectrogram 1	1	1197.414664062	1197.416664062	38000.000	81000.000	1.0000
23	Waveform 1	1	1197.526664063	1197.528664062	38000.000	81000.000	0.6667
23	Spectrogram 1	1	1197.526664063	1197.528664062	38000.000	81000.000	0.6667
24	Waveform 1	1	1197.721997396	1197.724664062	38000.000	81000.000	0.7500
24	Spectrogram 1	1	1197.721997396	1197.724664062	38000.000	81000.000	0.7500
25	Waveform 1	1	1198.020664062	1198.021997396	38000.000	81000.000	1.0000
25	Spectrogram 1	1	1198.020664062	1198.021997396	38000.000	81000.000	1.0000
26	Waveform 1	1	1198.312664062	1198.313997396	38000.000	81000.000	1.0000
26	Spectrogram 1	1	1198.312664062	1198.313997396	38000.000	81000.000	1.0000
27	Waveform 1	1	1198.899997396	1198.901997396	38000.000	81000.000	1.0000
27	Spectrogram 1	1	1198.899997396	1198.901997396	38000.000	81000.000	1.0000
28	Waveform 1	1	1199.163330729	1199.164664062	38000.000	81000.000	1.0000
28	Spectrogram 1	1	1199.163330729	1199.164664062	38000.000	81000.000	1.0000
29	Waveform 1	1	1199.357997396	1199.359330729	38000.000	81000.000	1.0000
29	Spectrogram 1	1	1199.357997396	1199.359330729	38000.000	81000.000	1.0000
30	Waveform 1	1	1266.322664062	1266.326664062	38000.000	81000.000	0.3333
30	Spectrogram 1	1	1266.322664062	1266.326664062	38000.000	81000.000	0.3333
31	Waveform 1	1	1267.417997396	1267.423330729	38000.000	81000.000	0.5000
31	Spectrogram 1	1	1267.417997396	1267.423330729	38000.000	81000.000	0.5000
32	Waveform 1	1	1267.523330729	1267.528664062	38000.000	81000.000	0.6250
32	Spectrogram 1	1	1267.523330729	1267.528664062	38000.000	81000.000	0.6250
33	Waveform 1	1	1268.010664062	1268.012664062	38000.000	81000.000	1.0000
33	Spectrogram 1	1	1268.010664062	1268.012664062	38000.000	81000.000	1.0000
34	Waveform 1	1	1268.117330729	1268.119330729	38000.000	81000.000	1.0000
34	Spectrogram 1	1	1268.117330729	1268.119330729	38000.000	81000.000	1.0000
35	Waveform 1	1	1268.309997396	1268.312664062	38000.000	81000.000	1.0000
35	Spectrogram 1	1	1268.309997396	1268.312664062	38000.000	81000.000	1.0000
36	Waveform 1	1	1268.612664063	1268.615330729	38000.000	81000.000	1.0000
36	Spectrogram 1	1	1268.612664063	1268.615330729	38000.000	81000.000	1.0000
