Selection	View	Channel	Begin Time (s)	End Time (s)	Low Freq (Hz)	High Freq (Hz)	Occupancy
1	Waveform 1	1	1403.863997396	1403.865330729	38000.000	81000.000	1.0000
1	Spectrogram 1	1	1403.863997396	1403.865330729	38000.000	81000.000	1.0000
2	Waveform 1	1	1403.955330729	1403.957997396	38000.000	81000.000	0.5000
2	Spectrogram 1	1	1403.955330729	1403.957997396	38000.000	81000.000	0.5000
3	Waveform 1	1	1404.109997396	1404.113997396	38000.000	81000.000	0.3333
3	Spectrogram 1	1	1404.109997396	1404.113997396	38000.000	81000.000	0.3333
4	Waveform 1	1	1404.684664062	1404.685997396	38000.000	81000.000	1.0000
4	Spectrogram 1	1	1404.684664062	1404.685997396	38000.000	81000.000	1.0000
5	Waveform 1	1	1404.913330729	1404.922664062	38000.000	81000.000	0.2143
5	Spectrogram 1	1	1404.913330729	1404.922664062	38000.000	81000.000	0.2143
6	Waveform 1	1	1417.398664062	1417.399997396	38000.000	81000.000	1.0000
6	Spectrogram 1	1	1417.398664062	1417.399997396	38000.000	81000.000	1.0000
7	Waveform 1	1	1448.421997396	1448.423997396	38000.000	81000.000	0.6667
7	Spectrogram 1	1	1448.421997396	1448.423997396	38000.000	81000.000	0.6667
8	Waveform 1	1	1448.537997396	1448.543330729	38000.000	81000.000	0.2500
8	Spectrogram 1	1	1448.537997396	1448.543330729	38000.000	81000.000	0.2500
9	Waveform 1	1	1448.593330729	1448.600664062	38000.000	81000.000	0.5455
9	Spectrogram 1	1	1448.593330729	1448.600664062	38000.000	81000.000	0.5455
10	Waveform 1	1	1448.653330729	1448.660664063	38000.000	81000.000	0.5455
10	Spectrogram 1	1	1448.653330729	1448.660664063	38000.000	81000.000	0.5455
11	Waveform 1	1	1448.705997396	1448.710664062	38000.000	81000.000	0.2857
11	Spectrogram 1	1	1448.705997396	1448.710664062	38000.000	81000.000	0.2857
12	Waveform 1	1	1448.754664062	1448.761330729	38000.000	81000.000	0.3000
12	Spectrogram 1	1	1448.754664062	1448.761330729	38000.000	81000.000	0.3000
13	Waveform 1	1	1448.796664062	1448.802664062	38000.000	81000.000	0.4444
13	Spectrogram 1	1	1448.796664062	1448.802664062	38000.000	81000.000	0.4444
14	Waveform 1	1	1448.835997396	1448.839330729	38000.000	81000.000	0.6000
14	Spectrogram 1	1	1448.835997396	1448.839330729	38000.000	81000.000	0.6000
15	Waveform 1	1	1449.203330729	1449.211330729	38000.000	81000.000	0.5000
15	Spectrogram 1	1	1449.203330729	1449.211330729	38000.000	81000.000	0.5000
16	Waveform 1	1	1449.251330729	1449.257997396	38000.000	81000.000	0.6000
16	Spectrogram 1	1	1449.251330729	1449.257997396	38000.000	81000.000	0.6000
17	Waveform 1	1	1449.432664062	1449.433997396	38000.000	81000.000	1.0000
17	Spectrogram 1	1	1449.432664062	1449.433997396	38000.000	81000.000	1.0000
18	Waveform 1	1	1449.487330729	1449.495997396	38000.000	81000.000	0.4615
18	Spectrogram 1	1	1449.487330729	1449.495997396	38000.000	81000.000	0.4615
19	Waveform 1	1	1449.575330729	1449.579330729	38000.000	81000.000	0.3333
19	Spectrogram 1	1	1449.575330729	1449.579330729	38000.000	81000.000	0.3333
20	Waveform 1	1	1449.759997396	1449.761330729	38000.000	81000.000	1.0000
20	Spectrogram 1	1	1449.759997396	1449.761330729	38000.000	81000.000	1.0000
21	Waveform 1	1	1450.807330729	1450.809997396	38000.000	81000.000	0.5000
21	Spectrogram 1	1	1450.807330729	1450.809997396	38000.000	81000.000	0.5000
22	Waveform 1	1	1451.833997396	1451.835330729	38000.000	81000.000	1.0000
22	Spectrogram 1	1	1451.833997396	1451.835330729	38000.000	81000.000	1.0000
23	Waveform 1	1	1452.124664062	1452.127997396	38000.000	81000.000	0.4000
23	Spectrogram 1	1	1452.124664062	1452.127997396	38000.000	81000.000	0.4000
24	Waveform 1	1	1452.225997396	1452.227330729	38000.000	81000.000	1.0000
24	Spectrogram 1	1	1452.225997396	1452.227330729	38000.000	81000.000	1.0000
25	Waveform 1	1	1452.753330729	1452.754664062	38000.000	81000.000	1.0000
25	Spectrogram 1	1	1452.753330729	1452.754664062	38000.000	81000.000	1.0000
26	Waveform 1	1	1452.895997396	1452.897330729	38000.000	81000.000	1.0000
26	Spectrogram 1	1	1452.895997396	1452.897330729	38000.000	81000.000	1.0000
27	Waveform 1	1	1453.047997396	1453.049997396	38000.000	81000.000	0.6667
27	Spectrogram 1	1	1453.047997396	1453.049997396	38000.000	81000.000	0.6667
28	Waveform 1	1	1453.271330729	1453.273330729	38000.000	81000.000	0.6667
28	Spectrogram 1	1	1453.271330729	1453.273330729	38000.000	81000.000	0.6667
29	Waveform 1	1	1453.380664063	1453.386664062	38000.000	81000.000	0.3333
29	Spectrogram 1	1	1453.380664063	1453.386664062	38000.000	81000.000	0.3333
30	Waveform 1	1	1453.711997396	1453.720664062	38000.000	81000.000	0.4615
30	Spectrogram 1	1	1453.711997396	1453.720664062	38000.000	81000.000	0.4615
31	Waveform 1	1	1454.271330729	1454.272664062	38000.000	81000.000	1.0000
31	Spectrogram 1	1	1454.271330729	1454.272664062	38000.000	81000.000	1.0000
32	Waveform 1	1	1454.329997396	1454.339330729	38000.000	81000.000	0.2143
32	Spectrogram 1	1	1454.329997396	1454.339330729	38000.000	81000.000	0.2143
33	Waveform 1	1	1454.404664062	1454.413330729	38000.000	81000.000	0.2308
33	Spectrogram 1	1	1454.404664062	1454.413330729	38000.000	81000.000	0.2308
34	Waveform 1	1	1454.470664062	1454.475997396	38000.000	81000.000	0.3750
34	Spectrogram 1	1	1454.470664062	1454.475997396	38000.000	81000.000	0.3750
35	Waveform 1	1	1454.530664062	1454.535997396	38000.000	81000.000	0.2500
35	Spectrogram 1	1	1454.530664062	1454.535997396	38000.000	81000.000	0.2500
36	Waveform 1	1	1454.584664062	1454.587997396	38000.000	81000.000	0.6000
36	Spectrogram 1	1	1454.584664062	1454.587997396	38000.000	81000.000	0.6000
37	Waveform 1	1	1454.976664063	1454.981997396	38000.000	81000.000	0.6250
37	Spectrogram 1	1	1454.976664063	1454.981997396	38000.000	81000.000	0.6250
38	Waveform 1	1	1455.066664062	1455.069330729	38000.000	81000.000	0.7500
38	Spectrogram 1	1	1455.066664062	1455.069330729	38000.000	81000.000	0.7500
39	Waveform 1	1	1455.142664062	1455.149330729	38000.000	81000.000	0.5000
39	Spectrogram 1	1	1455.142664062	1455.149330729	38000.000	81000.000	0.5000
40	Waveform 1	1	1455.293997396	1455.299330729	38000.000	81000.000	0.6250
40	Spectrogram 1	1	1455.293997396	1455.299330729	38000.000	81000.000	0.6250
41	Waveform 1	1	1455.372664063	1455.373997396	38000.000	81000.000	1.0000
41	Spectrogram 1	1	1455.372664063	1455.373997396	38000.000	81000.000	1.0000
42	Waveform 1	1	1455.443997396	1455.449997396	38000.000	81000.000	0.3333
42	Spectrogram 1	1	1455.443997396	1455.449997396	38000.000	81000.000	0.3333
43	Waveform 1	1	1455.518664062	1455.523997396	38000.000	81000.000	0.3750
43	Spectrogram 1	1	1455.518664062	1455.523997396	38000.000	81000.000	0.3750
44	Waveform 1	1	1455.599330729	1455.601997396	38000.000	81000.000	0.5000
44	Spectrogram 1	1	1455.599330729	1455.601997396	38000.000	81000.000	0.5000
45	Waveform 1	1	1457.237997396	1457.239330729	38000.000	81000.000	1.0000
45	Spectrogram 1	1	1457.237997396	1457.239330729	38000.000	81000.000	1.0000
46	Waveform 1	1	1472.484664062	1472.489330729	38000.000	81000.000	0.2857
46	Spectrogram 1	1	1472.484664062	1472.489330729	38000.000	81000.000	0.2857
47	Waveform 1	1	1472.622664063	1472.626664062	38000.000	81000.000	0.3333
47	Spectrogram 1	1	1472.622664063	1472.626664062	38000.000	81000.000	0.3333
48	Waveform 1	1	1472.721330729	1472.726664063	38000.000	81000.000	0.2500
48	Spectrogram 1	1	1472.721330729	1472.726664063	38000.000	81000.000	0.2500
49	Waveform 1	1	1473.687330729	1473.688664063	38000.000	81000.000	1.0000
49	Spectrogram 1	1	1473.687330729	1473.688664063	38000.000	81000.000	1.0000
50	Waveform 1	1	1484.003997396	1484.005330729	38000.000	81000.000	1.0000
50	Spectrogram 1	1	1484.003997396	1484.005330729	38000.000	81000.000	1.0000
51	Waveform 1	1	1484.337997396	1484.339330729	38000.000	81000.000	1.0000
51	Spectrogram 1	1	1484.337997396	1484.339330729	38000.000	81000.000	1.0000
52	Waveform 1	1	1484.495330729	1484.497330729	38000.000	81000.000	1.0000
52	Spectrogram 1	1	1484.495330729	1484.497330729	38000.000	81000.000	1.0000
53	Waveform 1	1	1484.715997396	1484.717997396	38000.000	81000.000	0.6667
53	Spectrogram 1	1	1484.715997396	1484.717997396	38000.000	81000.000	0.6667
54	Waveform 1	1	1484.896664062	1484.898664062	38000.000	81000.000	0.6667
54	Spectrogram 1	1	1484.896664062	1484.898664062	38000.000	81000.000	0.6667
55	Waveform 1	1	1485.111330729	1485.112664063	38000.000	81000.000	1.0000
55	Spectrogram 1	1	1485.111330729	1485.112664063	38000.000	81000.000	1.0000
56	Waveform 1	1	1485.343330729	1485.354664062	38000.000	81000.000	0.2941
56	Spectrogram 1	1	1485.343330729	1485.354664062	38000.000	81000.000	0.2941
57	Waveform 1	1	1486.365997396	1486.369330729	38000.000	81000.000	0.6000
57	Spectrogram 1	1	1486.365997396	1486.369330729	38000.000	81000.000	0.6000
58	Waveform 1	1	1500.494664062	1500.495997396	38000.000	81000.000	1.0000
58	Spectrogram 1	1	1500.494664062	1500.495997396	38000.000	81000.000	1.0000
59	Waveform 1	1	1500.606664062	1500.608664062	38000.000	81000.000	0.6667
59	Spectrogram 1	1	1500.606664062	1500.608664062	38000.000	81000.000	0.6667
60	Waveform 1	1	1500.710664062	1500.719997396	38000.000	81000.000	0.2857
60	Spectrogram 1	1	1500.710664062	1500.719997396	38000.000	81000.000	0.2857
61	Waveform 1	1	1501.124664062	1501.135997396	38000.000	81000.000	0.2353
61	Spectrogram 1	1	1501.124664062	1501.135997396	38000.000	81000.000	0.2353
62	Waveform 1	1	1501.303997396	1501.313997396	38000.000	81000.000	0.2667
62	Spectrogram 1	1	1501.303997396	1501.313997396	38000.000	81000.000	0.2667
63	Waveform 1	1	1501.482664062	1501.483997396	38000.000	81000.000	1.0000
63	Spectrogram 1	1	1501.482664062	1501.483997396	38000.000	81000.000	1.0000
64	Waveform 1	1	1501.581997396	1501.591330729	38000.000	81000.000	0.2857
64	Spectrogram 1	1	1501.581997396	1501.591330729	38000.000	81000.000	0.2857
65	Waveform 1	1	1501.671997396	1501.675997396	38000.000	81000.000	0.5000
65	Spectrogram 1	1	1501.671997396	1501.675997396	38000.000	81000.000	0.5000
66	Waveform 1	1	1501.789330729	1501.798664062	38000.000	81000.000	0.2143
66	Spectrogram 1	1	1501.789330729	1501.798664062	38000.000	81000.000	0.2143
67	Waveform 1	1	1501.874664062	1501.878664062	38000.000	81000.000	0.5000
67	Spectrogram 1	1	1501.874664062	1501.878664062	38000.000	81000.000	0.5000
68	Waveform 1	1	1501.971330729	1501.977997396	38000.000	81000.000	0.4000
68	Spectrogram 1	1	1501.971330729	1501.977997396	38000.000	81000.000	0.4000
69	Waveform 1	1	1502.075997396	1502.086664062	38000.000	81000.000	0.2500
69	Spectrogram 1	1	1502.075997396	1502.086664062	38000.000	81000.000	0.2500
70	Waveform 1	1	1502.179330729	1502.189330729	38000.000	81000.000	0.3333
70	Spectrogram 1	1	1502.179330729	1502.189330729	38000.000	81000.000	0.3333
71	Waveform 1	1	1502.308664062	1502.315997396	38000.000	81000.000	0.5455
71	Spectrogram 1	1	1502.308664062	1502.315997396	38000.000	81000.000	0.5455
72	Waveform 1	1	1502.387997396	1502.391330729	38000.000	81000.000	0.4000
72	Spectrogram 1	1	1502.387997396	1502.391330729	38000.000	81000.000	0.4000
73	Waveform 1	1	1522.497997396	1522.499330729	38000.000	81000.000	1.0000
73	Spectrogram 1	1	1522.497997396	1522.499330729	38000.000	81000.000	1.0000
74	Waveform 1	1	1522.884664062	1522.887330729	38000.000	81000.000	0.7500
74	Spectrogram 1	1	1522.884664062	1522.887330729	38000.000	81000.000	0.7500
75	Waveform 1	1	1523.029997396	1523.031997396	38000.000	81000.000	1.0000
75	Spectrogram 1	1	1523.029997396	1523.031997396	38000.000	81000.000	1.0000
76	Waveform 1	1	1523.151330729	1523.153997396	38000.000	81000.000	0.5000
76	Spectrogram 1	1	1523.151330729	1523.153997396	38000.000	81000.000	0.5000
77	Waveform 1	1	1524.279330729	1524.282664062	38000.000	81000.000	0.4000
77	Spectrogram 1	1	1524.279330729	1524.282664062	38000.000	81000.000	0.4000
78	Waveform 1	1	1530.959997396	1530.961330729	38000.000	81000.000	1.0000
78	Spectrogram 1	1	1530.959997396	1530.961330729	38000.000	81000.000	1.0000
79	Waveform 1	1	1532.596664062	1532.598664062	38000.000	81000.000	1.0000
79	Spectrogram 1	1	1532.596664062	1532.598664062	38000.000	81000.000	1.0000
80	Waveform 1	1	1532.843997396	1532.848664062	38000.000	81000.000	0.2857
80	Spectrogram 1	1	1532.843997396	1532.848664062	38000.000	81000.000	0.2857
81	Waveform 1	1	1533.547997396	1533.551330729	38000.000	81000.000	0.4000
81	Spectrogram 1	1	1533.547997396	1533.551330729	38000.000	81000.000	0.4000
82	Waveform 1	1	1534.846664062	1534.851330729	38000.000	81000.000	0.2857
82	Spectrogram 1	1	1534.846664062	1534.851330729	38000.000	81000.000	0.2857
83	Waveform 1	1	1541.413997396	1541.417330729	38000.000	81000.000	0.4000
83	Spectrogram 1	1	1541.413997396	1541.417330729	38000.000	81000.000	0.4000
84	Waveform 1	1	1541.663997396	1541.667330729	38000.000	81000.000	0.6000
84	Spectrogram 1	1	1541.663997396	1541.667330729	38000.000	81000.000	0.6000
85	Waveform 1	1	1542.082664063	1542.083997396	38000.000	81000.000	1.0000
85	Spectrogram 1	1	1542.082664063	1542.083997396	38000.000	81000.000	1.0000
86	Waveform 1	1	1542.433997396	1542.437330729	38000.000	81000.000	0.4000
86	Spectrogram 1	1	1542.433997396	1542.437330729	38000.000	81000.000	0.4000
87	Waveform 1	1	1542.579997396	1542.583997396	38000.000	81000.000	0.8333
87	Spectrogram 1	1	1542.579997396	1542.583997396	38000.000	81000.000	0.8333
88	Waveform 1	1	1542.699997396	1542.704664062	38000.000	81000.000	0.4286
88	Spectrogram 1	1	1542.699997396	1542.704664062	38000.000	81000.000	0.4286
89	Waveform 1	1	1542.891997396	1542.911330729	38000.000	81000.000	0.2414
89	Spectrogram 1	1	1542.891997396	1542.911330729	38000.000	81000.000	0.2414
90	Waveform 1	1	1543.126664062	1543.137997396	38000.000	81000.000	0.3529
90	Spectrogram 1	1	1543.126664062	1543.137997396	38000.000	81000.000	0.3529
91	Waveform 1	1	1543.239997396	1543.241997396	38000.000	81000.000	0.6667
91	Spectrogram 1	1	1543.239997396	1543.241997396	38000.000	81000.000	0.6667
92	Waveform 1	1	1543.374664062	1543.395330729	38000.000	81000.000	0.3548
92	Spectrogram 1	1	1543.374664062	1543.395330729	38000.000	81000.000	0.3548
93	Waveform 1	1	1543.485330729	1543.495997396	38000.000	81000.000	0.2500
93	Spectrogram 1	1	1543.485330729	1543.495997396	38000.000	81000.000	0.2500
94	Waveform 1	1	1543.603330729	1543.623330729	38000.000	81000.000	0.2000
94	Spectrogram 1	1	1543.603330729	1543.623330729	38000.000	81000.000	0.2000
95	Waveform 1	1	1543.711330729	1543.712664062	38000.000	81000.000	1.0000
95	Spectrogram 1	1	1543.711330729	1543.712664062	38000.000	81000.000	1.0000
96	Waveform 1	1	1543.833330729	1543.849997396	38000.000	81000.000	0.2000
96	Spectrogram 1	1	1543.833330729	1543.849997396	38000.000	81000.000	0.2000
97	Waveform 1	1	1543.953997396	1543.955330729	38000.000	81000.000	1.0000
97	Spectrogram 1	1	1543.953997396	1543.955330729	38000.000	81000.000	1.0000
98	Waveform 1	1	1544.214664062	1544.219330729	38000.000	81000.000	0.4286
98	Spectrogram 1	1	1544.214664062	1544.219330729	38000.000	81000.000	0.4286
99	Waveform 1	1	1544.334664062	1544.338664062	38000.000	81000.000	0.5000
99	Spectrogram 1	1	1544.334664062	1544.338664062	38000.000	81000.000	0.5000
100	Waveform 1	1	1544.453330729	1544.457997396	38000.000	81000.000	0.2857
100	Spectrogram 1	1	1544.453330729	1544.457997396	38000.000	81000.000	0.2857
101	Waveform 1	1	1544.683330729	1544.684664062	38000.000	81000.000	1.0000
101	Spectrogram 1	1	1544.683330729	1544.684664062	38000.000	81000.000	1.0000
102	Waveform 1	1	1544.779330729	1544.781330729	38000.000	81000.000	1.0000
102	Spectrogram 1	1	1544.779330729	1544.781330729	38000.000	81000.000	1.0000
103	Waveform 1	1	1545.017997396	1545.019997396	38000.000	81000.000	1.0000
103	Spectrogram 1	1	1545.017997396	1545.019997396	38000.000	81000.000	1.0000
104	Waveform 1	1	1545.114664062	1545.121330729	38000.000	81000.000	0.2000
104	Spectrogram 1	1	1545.114664062	1545.121330729	38000.000	81000.000	0.2000
105	Waveform 1	1	1545.221997396	1545.223997396	38000.000	81000.000	0.6667
105	Spectrogram 1	1	1545.221997396	1545.223997396	38000.000	81000.000	0.6667
106	Waveform 1	1	1562.289330729	1562.290664062	38000.000	81000.000	1.0000
106	Spectrogram 1	1	1562.289330729	1562.290664062	38000.000	81000.000	1.0000
107	Waveform 1	1	1562.347330729	1562.349997396	38000.000	81000.000	0.5000
107	Spectrogram 1	1	1562.347330729	1562.349997396	38000.000	81000.000	0.5000
108	Waveform 1	1	1562.395330729	1562.399330729	38000.000	81000.000	0.5000
108	Spectrogram 1	1	1562.395330729	1562.399330729	38000.000	81000.000	0.5000
109	Waveform 1	1	1562.504664062	1562.507997396	38000.000	81000.000	0.6000
109	Spectrogram 1	1	1562.504664062	1562.507997396	38000.000	81000.000	0.6000
110	Waveform 1	1	1562.549997396	1562.555330729	38000.000	81000.000	0.6250
110	Spectrogram 1	1	1562.549997396	1562.555330729	38000.000	81000.000	0.6250
111	Waveform 1	1	1562.611997396	1562.617997396	38000.000	81000.000	0.3333
111	Spectrogram 1	1	1562.611997396	1562.617997396	38000.000	81000.000	0.3333
112	Waveform 1	1	1562.693330729	1562.702664062	38000.000	81000.000	0.2857
112	Spectrogram 1	1	1562.693330729	1562.702664062	38000.000	81000.000	0.2857
113	Waveform 1	1	1563.042664062	1563.051997396	38000.000	81000.000	0.2143
113	Spectrogram 1	1	1563.042664062	1563.051997396	38000.000	81000.000	0.2143
114	Waveform 1	1	1563.253330729	1563.263997396	38000.000	81000.000	0.3750
114	Spectrogram 1	1	1563.253330729	1563.263997396	38000.000	81000.000	0.3750
115	Waveform 1	1	1563.304664063	1563.311330729	38000.000	81000.000	0.4000
115	Spectrogram 1	1	1563.304664063	1563.311330729	38000.000	81000.000	0.4000
116	Waveform 1	1	1563.365330729	1563.371330729	38000.000	81000.000	0.3333
116	Spectrogram 1	1	1563.365330729	1563.371330729	38000.000	81000.000	0.3333
117	Waveform 1	1	1563.471330729	1563.474664062	38000.000	81000.000	0.4000
117	Spectrogram 1	1	1563.471330729	1563.474664062	38000.000	81000.000	0.4000
118	Waveform 1	1	1563.521330729	1563.525330729	38000.000	81000.000	0.3333
118	Spectrogram 1	1	1563.521330729	1563.525330729	38000.000	81000.000	0.3333
119	Waveform 1	1	1564.036664062	1564.040664062	38000.000	81000.000	0.5000
119	Spectrogram 1	1	1564.036664062	1564.040664062	38000.000	81000.000	0.5000
120	Waveform 1	1	1564.127330729	1564.137997396	38000.000	81000.000	0.3125
120	Spectrogram 1	1	1564.127330729	1564.137997396	38000.000	81000.000	0.3125
121	Waveform 1	1	1564.204664062	1564.209330729	38000.000	81000.000	0.5714
121	Spectrogram 1	1	1564.204664062	1564.209330729	38000.000	81000.000	0.5714
122	Waveform 1	1	1564.263330729	1564.265997396	38000.000	81000.000	0.5000
122	Spectrogram 1	1	1564.263330729	1564.265997396	38000.000	81000.000	0.5000
123	Waveform 1	1	1565.580664062	1565.585997396	38000.000	81000.000	0.2500
123	Spectrogram 1	1	1565.580664062	1565.585997396	38000.000	81000.000	0.2500
124	Waveform 1	1	1565.755330729	1565.759330729	38000.000	81000.000	0.5000
124	Spectrogram 1	1	1565.755330729	1565.759330729	38000.000	81000.000	0.5000
125	Waveform 1	1	1565.838664062	1565.842664063	38000.000	81000.000	0.3333
125	Spectrogram 1	1	1565.838664062	1565.842664063	38000.000	81000.000	0.3333
126	Waveform 1	1	1566.023330729	1566.024664062	38000.000	81000.000	1.0000
126	Spectrogram 1	1	1566.023330729	1566.024664062	38000.000	81000.000	1.0000
127	Waveform 1	1	1566.219330729	1566.223997396	38000.000	81000.000	0.2857
127	Spectrogram 1	1	1566.219330729	1566.223997396	38000.000	81000.000	0.2857
128	Waveform 1	1	1566.600664062	1566.609330729	38000.000	81000.000	0.2308
128	Spectrogram 1	1	1566.600664062	1566.609330729	38000.000	81000.000	0.2308
129	Waveform 1	1	1566.722664062	1566.730664062	38000.000	81000.000	0.3333
129	Spectrogram 1	1	1566.722664062	1566.730664062	38000.000	81000.000	0.3333
130	Waveform 1	1	1566.801997396	1566.813997396	38000.000	81000.000	0.2222
130	Spectrogram 1	1	1566.801997396	1566.813997396	38000.000	81000.000	0.2222
131	Waveform 1	1	1566.962664062	1566.973997396	38000.000	81000.000	0.5294
131	Spectrogram 1	1	1566.962664062	1566.973997396	38000.000	81000.000	0.5294
132	Waveform 1	1	1567.107997396	1567.119330729	38000.000	81000.000	0.3529
132	Spectrogram 1	1	1567.107997396	1567.119330729	38000.000	81000.000	0.3529
133	Waveform 1	1	1567.414664062	1567.423997396	38000.000	81000.000	0.2143
133	Spectrogram 1	1	1567.414664062	1567.423997396	38000.000	81000.000	0.2143
134	Waveform 1	1	1567.503997396	1567.507330729	38000.000	81000.000	0.4000
134	Spectrogram 1	1	1567.503997396	1567.507330729	38000.000	81000.000	0.4000
135	Waveform 1	1	1567.599997396	1567.605997396	38000.000	81000.000	0.3333
135	Spectrogram 1	1	1567.599997396	1567.605997396	38000.000	81000.000	0.3333
136	Waveform 1	1	1568.263330729	1568.267997396	38000.000	81000.000	0.2857
136	Spectrogram 1	1	1568.263330729	1568.267997396	38000.000	81000.000	0.2857
137	Waveform 1	1	1568.349330729	1568.355997396	38000.000	81000.000	0.2000
137	Spectrogram 1	1	1568.349330729	1568.355997396	38000.000	81000.000	0.2000
138	Waveform 1	1	1568.399330729	1568.406664062	38000.000	81000.000	0.3636
138	Spectrogram 1	1	1568.399330729	1568.406664062	38000.000	81000.000	0.3636
139	Waveform 1	1	1568.457330729	1568.463997396	38000.000	81000.000	0.3000
139	Spectrogram 1	1	1568.457330729	1568.463997396	38000.000	81000.000	0.3000
140	Waveform 1	1	1568.507997396	1568.511330729	38000.000	81000.000	0.4000
140	Spectrogram 1	1	1568.507997396	1568.511330729	38000.000	81000.000	0.4000
141	Waveform 1	1	1568.552664062	1568.555997396	38000.000	81000.000	0.4000
141	Spectrogram 1	1	1568.552664062	1568.555997396	38000.000	81000.000	0.4000
142	Waveform 1	1	1568.739330729	1568.742664062	38000.000	81000.000	0.6000
142	Spectrogram 1	1	1568.739330729	1568.742664062	38000.000	81000.000	0.6000
143	Waveform 1	1	1568.809997396	1568.817997396	38000.000	81000.000	0.4167
143	Spectrogram 1	1	1568.809997396	1568.817997396	38000.000	81000.000	0.4167
144	Waveform 1	1	1568.862664063	1568.863997396	38000.000	81000.000	1.0000
144	Spectrogram 1	1	1568.862664063	1568.863997396	38000.000	81000.000	1.0000
145	Waveform 1	1	1568.920664063	1568.932664062	38000.000	81000.000	0.2778
145	Spectrogram 1	1	1568.920664063	1568.932664062	38000.000	81000.000	0.2778
146	Waveform 1	1	1568.973997396	1568.976664063	38000.000	81000.000	0.5000
146	Spectrogram 1	1	1568.973997396	1568.976664063	38000.000	81000.000	0.5000
147	Waveform 1	1	1569.015997396	1569.019330729	38000.000	81000.000	0.6000
147	Spectrogram 1	1	1569.015997396	1569.019330729	38000.000	81000.000	0.6000
148	Waveform 1	1	1569.111997396	1569.113330729	38000.000	81000.000	1.0000
148	Spectrogram 1	1	1569.111997396	1569.113330729	38000.000	81000.000	1.0000
149	Waveform 1	1	1569.183997396	1569.196664062	38000.000	81000.000	0.4211
149	Spectrogram 1	1	1569.183997396	1569.196664062	38000.000	81000.000	0.4211
150	Waveform 1	1	1569.326664062	1569.338664062	38000.000	81000.000	0.2222
150	Spectrogram 1	1	1569.326664062	1569.338664062	38000.000	81000.000	0.2222
151	Waveform 1	1	1569.410664063	1569.425330729	38000.000	81000.000	0.2273
151	Spectrogram 1	1	1569.410664063	1569.425330729	38000.000	81000.000	0.2273
152	Waveform 1	1	1569.524664062	1569.531330729	38000.000	81000.000	0.4000
152	Spectrogram 1	1	1569.524664062	1569.531330729	38000.000	81000.000	0.4000
153	Waveform 1	1	1569.927997396	1569.931997396	38000.000	81000.000	0.3333
153	Spectrogram 1	1	1569.927997396	1569.931997396	38000.000	81000.000	0.3333
154	Waveform 1	1	1586.885330729	1586.886664062	38000.000	81000.000	1.0000
154	Spectrogram 1	1	1586.885330729	1586.886664062	38000.000	81000.000	1.0000
155	Waveform 1	1	1587.341330729	1587.343997396	38000.000	81000.000	0.5000
155	Spectrogram 1	1	1587.341330729	1587.343997396	38000.000	81000.000	0.5000
156	Waveform 1	1	1587.394664062	1587.395997396	38000.000	81000.000	1.0000
156	Spectrogram 1	1	1587.394664062	1587.395997396	38000.000	81000.000	1.0000
157	Waveform 1	1	1587.491330729	1587.492664062	38000.000	81000.000	1.0000
157	Spectrogram 1	1	1587.491330729	1587.492664062	38000.000	81000.000	1.0000
158	Waveform 1	1	1587.689997396	1587.697997396	38000.000	81000.000	0.2500
158	Spectrogram 1	1	1587.689997396	1587.697997396	38000.000	81000.000	0.2500
159	Waveform 1	1	1587.779330729	1587.781330729	38000.000	81000.000	1.0000
159	Spectrogram 1	1	1587.779330729	1587.781330729	38000.000	81000.000	1.0000
160	Waveform 1	1	1587.840664062	1587.841997396	38000.000	81000.000	1.0000
160	Spectrogram 1	1	1587.840664062	1587.841997396	38000.000	81000.000	1.0000
161	Waveform 1	1	1587.905997396	1587.915997396	38000.000	81000.000	0.3333
161	Spectrogram 1	1	1587.905997396	1587.915997396	38000.000	81000.000	0.3333
162	Waveform 1	1	1588.044664063	1588.045997396	38000.000	81000.000	1.0000
162	Spectrogram 1	1	1588.044664063	1588.045997396	38000.000	81000.000	1.0000
163	Waveform 1	1	1588.157997396	1588.162664062	38000.000	81000.000	0.2857
163	Spectrogram 1	1	1588.157997396	1588.162664062	38000.000	81000.000	0.2857
164	Waveform 1	1	1588.207330729	1588.212664062	38000.000	81000.000	0.2500
164	Spectrogram 1	1	1588.207330729	1588.212664062	38000.000	81000.000	0.2500
165	Waveform 1	1	1588.646664062	1588.647997396	38000.000	81000.000	1.0000
165	Spectrogram 1	1	1588.646664062	1588.647997396	38000.000	81000.000	1.0000
166	Waveform 1	1	1588.782664062	1588.793330729	38000.000	81000.000	0.3125
166	Spectrogram 1	1	1588.782664062	1588.793330729	38000.000	81000.000	0.3125
167	Waveform 1	1	1588.868664062	1588.879330729	38000.000	81000.000	0.2500
167	Spectrogram 1	1	1588.868664062	1588.879330729	38000.000	81000.000	0.2500
168	Waveform 1	1	1590.523330729	1590.524664062	38000.000	81000.000	1.0000
168	Spectrogram 1	1	1590.523330729	1590.524664062	38000.000	81000.000	1.0000
169	Waveform 1	1	1605.247330729	1605.248664062	38000.000	81000.000	1.0000
169	Spectrogram 1	1	1605.247330729	1605.248664062	38000.000	81000.000	1.0000
170	Waveform 1	1	1605.610664062	1605.613330729	38000.000	81000.000	0.7500
170	Spectrogram 1	1	1605.610664062	1605.613330729	38000.000	81000.000	0.7500
171	Waveform 1	1	1605.753997396	1605.759330729	38000.000	81000.000	0.5000
171	Spectrogram 1	1	1605.753997396	1605.759330729	38000.000	81000.000	0.5000
172	Waveform 1	1	1606.104664062	1606.107997396	38000.000	81000.000	0.6000
172	Spectrogram 1	1	1606.104664062	1606.107997396	38000.000	81000.000	0.6000
173	Waveform 1	1	1606.443330729	1606.444664062	38000.000	81000.000	1.0000
173	Spectrogram 1	1	1606.443330729	1606.444664062	38000.000	81000.000	1.0000
174	Waveform 1	1	1607.403997396	1607.407330729	38000.000	81000.000	0.4000
174	Spectrogram 1	1	1607.403997396	1607.407330729	38000.000	81000.000	0.4000
175	Waveform 1	1	1611.428664063	1611.429997396	38000.000	81000.000	1.0000
175	Spectrogram 1	1	1611.428664063	1611.429997396	38000.000	81000.000	1.0000
176	Waveform 1	1	1611.987330729	1611.988664062	38000.000	81000.000	1.0000
176	Spectrogram 1	1	1611.987330729	1611.988664062	38000.000	81000.000	1.0000
177	Waveform 1	1	1612.238664062	1612.241997396	38000.000	81000.000	0.4000
177	Spectrogram 1	1	1612.238664062	1612.241997396	38000.000	81000.000	0.4000
178	Waveform 1	1	1615.605997396	1615.607330729	38000.000	81000.000	1.0000
178	Spectrogram 1	1	1615.605997396	1615.607330729	38000.000	81000.000	1.0000
179	Waveform 1	1	1615.732664062	1615.735997396	38000.000	81000.000	0.4000
179	Spectrogram 1	1	1615.732664062	1615.735997396	38000.000	81000.000	0.4000
180	Waveform 1	1	1615.863997396	1615.867330729	38000.000	81000.000	0.4000
180	Spectrogram 1	1	1615.863997396	1615.867330729	38000.000	81000.000	0.4000
181	Waveform 1	1	1616.003330729	1616.007330729	38000.000	81000.000	0.3333
181	Spectrogram 1	1	1616.003330729	1616.007330729	38000.000	81000.000	0.3333
182	Waveform 1	1	1616.798664062	1616.799997396	38000.000	81000.000	1.0000
182	Spectrogram 1	1	1616.798664062	1616.799997396	38000.000	81000.000	1.0000
183	Waveform 1	1	1617.441330729	1617.445330729	38000.000	81000.000	0.3333
183	Spectrogram 1	1	1617.441330729	1617.445330729	38000.000	81000.000	0.3333
184	Waveform 1	1	1624.199330729	1624.201330729	38000.000	81000.000	1.0000
184	Spectrogram 1	1	1624.199330729	1624.201330729	38000.000	81000.000	1.0000
185	Waveform 1	1	1624.374664062	1624.375997396	38000.000	81000.000	1.0000
185	Spectrogram 1	1	1624.374664062	1624.375997396	38000.000	81000.000	1.0000
186	Waveform 1	1	1624.563997396	1624.565330729	38000.000	81000.000	1.0000
186	Spectrogram 1	1	1624.563997396	1624.565330729	38000.000	81000.000	1.0000
187	Waveform 1	1	1637.579997396	1637.581330729	38000.000	81000.000	1.0000
187	Spectrogram 1	1	1637.579997396	1637.581330729	38000.000	81000.000	1.0000
188	Waveform 1	1	1637.958664063	1637.960664062	38000.000	81000.000	1.0000
188	Spectrogram 1	1	1637.958664063	1637.960664062	38000.000	81000.000	1.0000
189	Waveform 1	1	1663.645997396	1663.647330729	38000.000	81000.000	1.0000
189	Spectrogram 1	1	1663.645997396	1663.647330729	38000.000	81000.000	1.0000
190	Waveform 1	1	1664.124664062	1664.127997396	38000.000	81000.000	0.6000
190	Spectrogram 1	1	1664.124664062	1664.127997396	38000.000	81000.000	0.6000
191	Waveform 1	1	1666.887997396	1666.889330729	38000.000	81000.000	1.0000
191	Spectrogram 1	1	1666.887997396	1666.889330729	38000.000	81000.000	1.0000
192	Waveform 1	1	1666.977997396	1666.979330729	38000.000	81000.000	1.0000
192	Spectrogram 1	1	1666.977997396	1666.979330729	38000.000	81000.000	1.0000
193	Waveform 1	1	1667.573997396	1667.577997396	38000.000	81000.000	0.3333
193	Spectrogram 1	1	1667.573997396	1667.577997396	38000.000	81000.000	0.3333
194	Waveform 1	1	1667.637997396	1667.642664062	38000.000	81000.000	0.4286
194	Spectrogram 1	1	1667.637997396	1667.642664062	38000.000	81000.000	0.4286
195	Waveform 1	1	1667.728664063	1667.729997396	38000.000	81000.000	1.0000
195	Spectrogram 1	1	1667.728664063	1667.729997396	38000.000	81000.000	1.0000
196	Waveform 1	1	1673.963997396	1673.966664062	38000.000	81000.000	0.5000
196	Spectrogram 1	1	1673.963997396	1673.966664062	38000.000	81000.000	0.5000
197	Waveform 1	1	1674.033330729	1674.037330729	38000.000	81000.000	0.3333
197	Spectrogram 1	1	1674.033330729	1674.037330729	38000.000	81000.000	0.3333
198	Waveform 1	1	1674.083997396	1674.089997396	38000.000	81000.000	0.3333
198	Spectrogram 1	1	1674.083997396	1674.089997396	38000.000	81000.000	0.3333
199	Waveform 1	1	1674.144664062	1674.149997396	38000.000	81000.000	0.5000
199	Spectrogram 1	1	1674.144664062	1674.149997396	38000.000	81000.000	0.5000
200	Waveform 1	1	1674.263330729	1674.269330729	38000.000	81000.000	0.3333
200	Spectrogram 1	1	1674.263330729	1674.269330729	38000.000	81000.000	0.3333
201	Waveform 1	1	1674.321997396	1674.333997396	38000.000	81000.000	0.2222
201	Spectrogram 1	1	1674.321997396	1674.333997396	38000.000	81000.000	0.2222
202	Waveform 1	1	1674.398664062	1674.409330729	38000.000	81000.000	0.3750
202	Spectrogram 1	1	1674.398664062	1674.409330729	38000.000	81000.000	0.3750
203	Waveform 1	1	1674.452664062	1674.457997396	38000.000	81000.000	0.5000
203	Spectrogram 1	1	1674.452664062	1674.457997396	38000.000	81000.000	0.5000
204	Waveform 1	1	1674.505997396	1674.509997396	38000.000	81000.000	0.3333
204	Spectrogram 1	1	1674.505997396	1674.509997396	38000.000	81000.000	0.3333
205	Waveform 1	1	1676.508664062	1676.509997396	38000.000	81000.000	1.0000
205	Spectrogram 1	1	1676.508664062	1676.509997396	38000.000	81000.000	1.0000
206	Waveform 1	1	1684.545997396	1684.547330729	38000.000	81000.000	1.0000
206	Spectrogram 1	1	1684.545997396	1684.547330729	38000.000	81000.000	1.0000
207	Waveform 1	1	1712.265330729	1712.266664063	38000.000	81000.000	1.0000
207	Spectrogram 1	1	1712.265330729	1712.266664063	38000.000	81000.000	1.0000
208	Waveform 1	1	1712.477330729	1712.481330729	38000.000	81000.000	0.5000
208	Spectrogram 1	1	1712.477330729	1712.481330729	38000.000	81000.000	0.5000
209	Waveform 1	1	1712.575997396	1712.577330729	38000.000	81000.000	1.0000
209	Spectrogram 1	1	1712.575997396	1712.577330729	38000.000	81000.000	1.0000
210	Waveform 1	1	1718.799330729	1718.800664062	38000.000	81000.000	1.0000
210	Spectrogram 1	1	1718.799330729	1718.800664062	38000.000	81000.000	1.0000
211	Waveform 1	1	1726.269997396	1726.271330729	38000.000	81000.000	1.0000
211	Spectrogram 1	1	1726.269997396	1726.271330729	38000.000	81000.000	1.0000
212	Waveform 1	1	1730.103330729	1730.105330729	38000.000	81000.000	1.0000
212	Spectrogram 1	1	1730.103330729	1730.105330729	38000.000	81000.000	1.0000
213	Waveform 1	1	1730.848664062	1730.849997396	38000.000	81000.000	1.0000
213	Spectrogram 1	1	1730.848664062	1730.849997396	38000.000	81000.000	1.0000
214	Waveform 1	1	1731.272664062	1731.277330729	38000.000	81000.000	0.2857
214	Spectrogram 1	1	1731.272664062	1731.277330729	38000.000	81000.000	0.2857
215	Waveform 1	1	1731.479330729	1731.482664062	38000.000	81000.000	0.4000
215	Spectrogram 1	1	1731.479330729	1731.482664062	38000.000	81000.000	0.4000
216	Waveform 1	1	1731.545997396	1731.550664062	38000.000	81000.000	0.4286
216	Spectrogram 1	1	1731.545997396	1731.550664062	38000.000	81000.000	0.4286
217	Waveform 1	1	1731.778664062	1731.783330729	38000.000	81000.000	0.2857
217	Spectrogram 1	1	1731.778664062	1731.783330729	38000.000	81000.000	0.2857
218	Waveform 1	1	1731.858664062	1731.871997396	38000.000	81000.000	0.2000
218	Spectrogram 1	1	1731.858664062	1731.871997396	38000.000	81000.000	0.2000
219	Waveform 1	1	1732.093330729	1732.102664063	38000.000	81000.000	0.3571
219	Spectrogram 1	1	1732.093330729	1732.102664063	38000.000	81000.000	0.3571
220	Waveform 1	1	1732.170664063	1732.180664062	38000.000	81000.000	0.3333
220	Spectrogram 1	1	1732.170664063	1732.180664062	38000.000	81000.000	0.3333
221	Waveform 1	1	1732.237997396	1732.242664062	38000.000	81000.000	0.5714
221	Spectrogram 1	1	1732.237997396	1732.242664062	38000.000	81000.000	0.5714
222	Waveform 1	1	1732.450664062	1732.452664062	38000.000	81000.000	1.0000
222	Spectrogram 1	1	1732.450664062	1732.452664062	38000.000	81000.000	1.0000
223	Waveform 1	1	1732.517997396	1732.520664062	38000.000	81000.000	0.5000
223	Spectrogram 1	1	1732.517997396	1732.520664062	38000.000	81000.000	0.5000
224	Waveform 1	1	1744.692664062	1744.693997396	38000.000	81000.000	1.0000
224	Spectrogram 1	1	1744.692664062	1744.693997396	38000.000	81000.000	1.0000
225	Waveform 1	1	1744.778664062	1744.779997396	38000.000	81000.000	1.0000
225	Spectrogram 1	1	1744.778664062	1744.779997396	38000.000	81000.000	1.0000
226	Waveform 1	1	1757.071330729	1757.073997396	38000.000	81000.000	0.5000
226	Spectrogram 1	1	1757.071330729	1757.073997396	38000.000	81000.000	0.5000
227	Waveform 1	1	1757.349330729	1757.351330729	38000.000	81000.000	0.6667
227	Spectrogram 1	1	1757.349330729	1757.351330729	38000.000	81000.000	0.6667
228	Waveform 1	1	1782.770664062	1782.771997396	38000.000	81000.000	1.0000
228	Spectrogram 1	1	1782.770664062	1782.771997396	38000.000	81000.000	1.0000
229	Waveform 1	1	1783.279997396	1783.285997396	38000.000	81000.000	0.4444
229	Spectrogram 1	1	1783.279997396	1783.285997396	38000.000	81000.000	0.4444
230	Waveform 1	1	1784.010664062	1784.015330729	38000.000	81000.000	0.2857
230	Spectrogram 1	1	1784.010664062	1784.015330729	38000.000	81000.000	0.2857
231	Waveform 1	1	1784.379330729	1784.380664063	38000.000	81000.000	1.0000
231	Spectrogram 1	1	1784.379330729	1784.380664063	38000.000	81000.000	1.0000
232	Waveform 1	1	1788.489330729	1788.491330729	38000.000	81000.000	1.0000
232	Spectrogram 1	1	1788.489330729	1788.491330729	38000.000	81000.000	1.0000
233	Waveform 1	1	1789.199997396	1789.201330729	38000.000	81000.000	1.0000
233	Spectrogram 1	1	1789.199997396	1789.201330729	38000.000	81000.000	1.0000
234	Waveform 1	1	1789.329997396	1789.331997396	38000.000	81000.000	1.0000
234	Spectrogram 1	1	1789.329997396	1789.331997396	38000.000	81000.000	1.0000
235	Waveform 1	1	1789.397997396	1789.399330729	38000.000	81000.000	1.0000
235	Spectrogram 1	1	1789.397997396	1789.399330729	38000.000	81000.000	1.0000
236	Waveform 1	1	1789.970664062	1789.971997396	38000.000	81000.000	1.0000
236	Spectrogram 1	1	1789.970664062	1789.971997396	38000.000	81000.000	1.0000
237	Waveform 1	1	1792.153330729	1792.154664062	38000.000	81000.000	1.0000
237	Spectrogram 1	1	1792.153330729	1792.154664062	38000.000	81000.000	1.0000
238	Waveform 1	1	1792.713997396	1792.715330729	38000.000	81000.000	1.0000
238	Spectrogram 1	1	1792.713997396	1792.715330729	38000.000	81000.000	1.0000
239	Waveform 1	1	1792.932664062	1792.933997396	38000.000	81000.000	1.0000
239	Spectrogram 1	1	1792.932664062	1792.933997396	38000.000	81000.000	1.0000
240	Waveform 1	1	1793.142664062	1793.143997396	38000.000	81000.000	1.0000
240	Spectrogram 1	1	1793.142664062	1793.143997396	38000.000	81000.000	1.0000
241	Waveform 1	1	1793.640664063	1793.641997396	38000.000	81000.000	1.0000
241	Spectrogram 1	1	1793.640664063	1793.641997396	38000.000	81000.000	1.0000
242	Waveform 1	1	1793.723330729	1793.727997396	38000.000	81000.000	0.4286
242	Spectrogram 1	1	1793.723330729	1793.727997396	38000.000	81000.000	0.4286
