Selection	View	Channel	Begin Time (s)	End Time (s)	Low Freq (Hz)	High Freq (Hz)	Occupancy
1	Waveform 1	1	49.541330729	49.579997396	22000.000	38000.000	0.1897
1	Spectrogram 1	1	49.541330729	49.579997396	22000.000	38000.000	0.1897
2	Waveform 1	1	49.837997396	49.853330729	22000.000	38000.000	0.1739
2	Spectrogram 1	1	49.837997396	49.853330729	22000.000	38000.000	0.1739
3	Waveform 1	1	50.141330729	50.181330729	22000.000	38000.000	0.4167
3	Spectrogram 1	1	50.141330729	50.181330729	22000.000	38000.000	0.4167
4	Waveform 1	1	50.430664062	50.479997396	22000.000	38000.000	0.4189
4	Spectrogram 1	1	50.430664062	50.479997396	22000.000	38000.000	0.4189
5	Waveform 1	1	50.721330729	50.794664062	22000.000	38000.000	0.4636
5	Spectrogram 1	1	50.721330729	50.794664062	22000.000	38000.000	0.4636
6	Waveform 1	1	51.158664063	51.234664063	22000.000	38000.000	0.5351
6	Spectrogram 1	1	51.158664063	51.234664063	22000.000	38000.000	0.5351
7	Waveform 1	1	51.456664063	51.528664062	22000.000	38000.000	0.4630
7	Spectrogram 1	1	51.456664063	51.528664062	22000.000	38000.000	0.4630
8	Waveform 1	1	51.747997396	51.845997396	22000.000	38000.000	0.3673
8	Spectrogram 1	1	51.747997396	51.845997396	22000.000	38000.000	0.3673
9	Waveform 1	1	52.191997396	52.261330729	22000.000	38000.000	0.4038
9	Spectrogram 1	1	52.191997396	52.261330729	22000.000	38000.000	0.4038
10	Waveform 1	1	52.488664062	52.575997396	22000.000	38000.000	0.3969
10	Spectrogram 1	1	52.488664062	52.575997396	22000.000	38000.000	0.3969
11	Waveform 1	1	52.923330729	53.017330729	22000.000	38000.000	0.4255
11	Spectrogram 1	1	52.923330729	53.017330729	22000.000	38000.000	0.4255
12	Waveform 1	1	53.217997396	53.279997396	22000.000	38000.000	0.4086
12	Spectrogram 1	1	53.217997396	53.279997396	22000.000	38000.000	0.4086
13	Waveform 1	1	53.509997396	53.578664063	22000.000	38000.000	0.3398
13	Spectrogram 1	1	53.509997396	53.578664063	22000.000	38000.000	0.3398
14	Waveform 1	1	53.813997396	53.868664063	22000.000	38000.000	0.5366
14	Spectrogram 1	1	53.813997396	53.868664063	22000.000	38000.000	0.5366
15	Waveform 1	1	54.115330729	54.168664062	22000.000	38000.000	0.3500
15	Spectrogram 1	1	54.115330729	54.168664062	22000.000	38000.000	0.3500
16	Waveform 1	1	54.402664063	54.475997396	22000.000	38000.000	0.3273
16	Spectrogram 1	1	54.402664063	54.475997396	22000.000	38000.000	0.3273
17	Waveform 1	1	54.713330729	54.741330729	22000.000	38000.000	0.5952
17	Spectrogram 1	1	54.713330729	54.741330729	22000.000	38000.000	0.5952
18	Waveform 1	1	54.989330729	55.057330729	22000.000	38000.000	0.3627
18	Spectrogram 1	1	54.989330729	55.057330729	22000.000	38000.000	0.3627
19	Waveform 1	1	55.156664062	55.205330729	22000.000	38000.000	0.3151
19	Spectrogram 1	1	55.156664062	55.205330729	22000.000	38000.000	0.3151
20	Waveform 1	1	55.443330729	55.495997396	22000.000	38000.000	0.3291
20	Spectrogram 1	1	55.443330729	55.495997396	22000.000	38000.000	0.3291
21	Waveform 1	1	55.729997396	55.795330729	22000.000	38000.000	0.3980
21	Spectrogram 1	1	55.729997396	55.795330729	22000.000	38000.000	0.3980
22	Waveform 1	1	56.168664062	56.242664062	22000.000	38000.000	0.4054
22	Spectrogram 1	1	56.168664062	56.242664062	22000.000	38000.000	0.4054
23	Waveform 1	1	56.462664063	56.513330729	22000.000	38000.000	0.3947
23	Spectrogram 1	1	56.462664063	56.513330729	22000.000	38000.000	0.3947
24	Waveform 1	1	56.762664063	56.833330729	22000.000	38000.000	0.5000
24	Spectrogram 1	1	56.762664063	56.833330729	22000.000	38000.000	0.5000
25	Waveform 1	1	57.229997396	57.303330729	22000.000	38000.000	0.3636
25	Spectrogram 1	1	57.229997396	57.303330729	22000.000	38000.000	0.3636
26	Waveform 1	1	57.526664063	57.600664063	22000.000	38000.000	0.3153
26	Spectrogram 1	1	57.526664063	57.600664063	22000.000	38000.000	0.3153
27	Waveform 1	1	57.829330729	57.921330729	22000.000	38000.000	0.2899
27	Spectrogram 1	1	57.829330729	57.921330729	22000.000	38000.000	0.2899
28	Waveform 1	1	58.132664062	58.203330729	22000.000	38000.000	0.3585
28	Spectrogram 1	1	58.132664062	58.203330729	22000.000	38000.000	0.3585
29	Waveform 1	1	58.441330729	58.539330729	22000.000	38000.000	0.3197
29	Spectrogram 1	1	58.441330729	58.539330729	22000.000	38000.000	0.3197
30	Waveform 1	1	58.902664063	58.991330729	22000.000	38000.000	0.4135
30	Spectrogram 1	1	58.902664063	58.991330729	22000.000	38000.000	0.4135
31	Waveform 1	1	59.215330729	59.283997396	22000.000	38000.000	0.2816
31	Spectrogram 1	1	59.215330729	59.283997396	22000.000	38000.000	0.2816
32	Waveform 1	1	59.600664063	59.693997396	22000.000	38000.000	0.2643
32	Spectrogram 1	1	59.600664063	59.693997396	22000.000	38000.000	0.2643
33	Waveform 1	1	60.037330729	60.135997396	22000.000	38000.000	0.3649
33	Spectrogram 1	1	60.037330729	60.135997396	22000.000	38000.000	0.3649
34	Waveform 1	1	60.357997396	60.439330729	22000.000	38000.000	0.2705
34	Spectrogram 1	1	60.357997396	60.439330729	22000.000	38000.000	0.2705
35	Waveform 1	1	61.047330729	61.101997396	22000.000	38000.000	0.2195
35	Spectrogram 1	1	61.047330729	61.101997396	22000.000	38000.000	0.2195
36	Waveform 1	1	61.475997396	61.569997396	22000.000	38000.000	0.2979
36	Spectrogram 1	1	61.475997396	61.569997396	22000.000	38000.000	0.2979
37	Waveform 1	1	61.989330729	62.044664062	22000.000	38000.000	0.2410
37	Spectrogram 1	1	61.989330729	62.044664062	22000.000	38000.000	0.2410
38	Waveform 1	1	62.403330729	62.487330729	22000.000	38000.000	0.3254
38	Spectrogram 1	1	62.403330729	62.487330729	22000.000	38000.000	0.3254
39	Waveform 1	1	62.811997396	62.857330729	22000.000	38000.000	0.3382
39	Spectrogram 1	1	62.811997396	62.857330729	22000.000	38000.000	0.3382
40	Waveform 1	1	63.114664062	63.138664062	22000.000	38000.000	0.2500
40	Spectrogram 1	1	63.114664062	63.138664062	22000.000	38000.000	0.2500
41	Waveform 1	1	63.315997396	63.397997396	22000.000	38000.000	0.3333
41	Spectrogram 1	1	63.315997396	63.397997396	22000.000	38000.000	0.3333
42	Waveform 1	1	63.962664063	64.039997396	22000.000	38000.000	0.4310
42	Spectrogram 1	1	63.962664063	64.039997396	22000.000	38000.000	0.4310
43	Waveform 1	1	64.311997396	64.333997396	22000.000	38000.000	0.2121
43	Spectrogram 1	1	64.311997396	64.333997396	22000.000	38000.000	0.2121
44	Waveform 1	1	64.777997396	64.834664062	22000.000	38000.000	0.3412
44	Spectrogram 1	1	64.777997396	64.834664062	22000.000	38000.000	0.3412
45	Waveform 1	1	65.311997396	65.332664062	22000.000	38000.000	0.2258
45	Spectrogram 1	1	65.311997396	65.332664062	22000.000	38000.000	0.2258
46	Waveform 1	1	65.632664062	65.685330729	22000.000	38000.000	0.2278
46	Spectrogram 1	1	65.632664062	65.685330729	22000.000	38000.000	0.2278
47	Waveform 1	1	66.112664062	66.119997396	22000.000	38000.000	0.3636
47	Spectrogram 1	1	66.112664062	66.119997396	22000.000	38000.000	0.3636
48	Waveform 1	1	66.406664062	66.432664062	22000.000	38000.000	0.4615
48	Spectrogram 1	1	66.406664062	66.432664062	22000.000	38000.000	0.4615
49	Waveform 1	1	66.767330729	66.776664062	22000.000	38000.000	0.5000
49	Spectrogram 1	1	66.767330729	66.776664062	22000.000	38000.000	0.5000
50	Waveform 1	1	67.149997396	67.151997396	22000.000	38000.000	0.6667
50	Spectrogram 1	1	67.149997396	67.151997396	22000.000	38000.000	0.6667
51	Waveform 1	1	160.602664062	160.609997396	22000.000	38000.000	0.3636
51	Spectrogram 1	1	160.602664062	160.609997396	22000.000	38000.000	0.3636
52	Waveform 1	1	278.991997396	279.018664062	22000.000	38000.000	0.1000
52	Spectrogram 1	1	278.991997396	279.018664062	22000.000	38000.000	0.1000
53	Waveform 1	1	279.705330729	279.727997396	22000.000	38000.000	0.1471
53	Spectrogram 1	1	279.705330729	279.727997396	22000.000	38000.000	0.1471
54	Waveform 1	1	279.973330729	280.001330729	22000.000	38000.000	0.4762
54	Spectrogram 1	1	279.973330729	280.001330729	22000.000	38000.000	0.4762
55	Waveform 1	1	280.548664062	280.586664063	22000.000	38000.000	0.2456
55	Spectrogram 1	1	280.548664062	280.586664063	22000.000	38000.000	0.2456
56	Waveform 1	1	281.387330729	281.443997396	22000.000	38000.000	0.2235
56	Spectrogram 1	1	281.387330729	281.443997396	22000.000	38000.000	0.2235
57	Waveform 1	1	281.817997396	281.831330729	22000.000	38000.000	0.2000
57	Spectrogram 1	1	281.817997396	281.831330729	22000.000	38000.000	0.2000
58	Waveform 1	1	282.114664062	282.166664062	22000.000	38000.000	0.3590
58	Spectrogram 1	1	282.114664062	282.166664062	22000.000	38000.000	0.3590
59	Waveform 1	1	282.545330729	282.577330729	22000.000	38000.000	0.1875
59	Spectrogram 1	1	282.545330729	282.577330729	22000.000	38000.000	0.1875
60	Waveform 1	1	282.837997396	282.894664062	22000.000	38000.000	0.4000
60	Spectrogram 1	1	282.837997396	282.894664062	22000.000	38000.000	0.4000
61	Waveform 1	1	282.975997396	283.003330729	22000.000	38000.000	0.6585
61	Spectrogram 1	1	282.975997396	283.003330729	22000.000	38000.000	0.6585
62	Waveform 1	1	283.107997396	283.120664062	22000.000	38000.000	0.5789
62	Spectrogram 1	1	283.107997396	283.120664062	22000.000	38000.000	0.5789
63	Waveform 1	1	283.379997396	283.391997396	22000.000	38000.000	0.3889
63	Spectrogram 1	1	283.379997396	283.391997396	22000.000	38000.000	0.3889
64	Waveform 1	1	283.493997396	283.495330729	22000.000	38000.000	1.0000
64	Spectrogram 1	1	283.493997396	283.495330729	22000.000	38000.000	1.0000
65	Waveform 1	1	285.026664063	285.081330729	22000.000	38000.000	0.2317
65	Spectrogram 1	1	285.026664063	285.081330729	22000.000	38000.000	0.2317
66	Waveform 1	1	285.298664062	285.347330729	22000.000	38000.000	0.3288
66	Spectrogram 1	1	285.298664062	285.347330729	22000.000	38000.000	0.3288
67	Waveform 1	1	285.703997396	285.763997396	22000.000	38000.000	0.3556
67	Spectrogram 1	1	285.703997396	285.763997396	22000.000	38000.000	0.3556
68	Waveform 1	1	285.959997396	285.974664062	22000.000	38000.000	0.4545
68	Spectrogram 1	1	285.959997396	285.974664062	22000.000	38000.000	0.4545
69	Waveform 1	1	286.285997396	286.351330729	22000.000	38000.000	0.4388
69	Spectrogram 1	1	286.285997396	286.351330729	22000.000	38000.000	0.4388
70	Waveform 1	1	286.579330729	286.635997396	22000.000	38000.000	0.5294
70	Spectrogram 1	1	286.579330729	286.635997396	22000.000	38000.000	0.5294
71	Waveform 1	1	286.871330729	286.887330729	22000.000	38000.000	0.4167
71	Spectrogram 1	1	286.871330729	286.887330729	22000.000	38000.000	0.4167
72	Waveform 1	1	287.175997396	287.234664062	22000.000	38000.000	0.5227
72	Spectrogram 1	1	287.175997396	287.234664062	22000.000	38000.000	0.5227
73	Waveform 1	1	287.469997396	287.547330729	22000.000	38000.000	0.3190
73	Spectrogram 1	1	287.469997396	287.547330729	22000.000	38000.000	0.3190
74	Waveform 1	1	287.747997396	287.828664062	22000.000	38000.000	0.5041
74	Spectrogram 1	1	287.747997396	287.828664062	22000.000	38000.000	0.5041
75	Waveform 1	1	287.942664063	287.995997396	22000.000	38000.000	0.2750
75	Spectrogram 1	1	287.942664063	287.995997396	22000.000	38000.000	0.2750
76	Waveform 1	1	288.102664062	288.146664063	22000.000	38000.000	0.4545
76	Spectrogram 1	1	288.102664062	288.146664063	22000.000	38000.000	0.4545
77	Waveform 1	1	288.394664062	288.406664062	22000.000	38000.000	0.1667
77	Spectrogram 1	1	288.394664062	288.406664062	22000.000	38000.000	0.1667
78	Waveform 1	1	288.678664062	288.739997396	22000.000	38000.000	0.3804
78	Spectrogram 1	1	288.678664062	288.739997396	22000.000	38000.000	0.3804
79	Waveform 1	1	288.985330729	289.050664063	22000.000	38000.000	0.3367
79	Spectrogram 1	1	288.985330729	289.050664063	22000.000	38000.000	0.3367
80	Waveform 1	1	289.808664062	289.867330729	22000.000	38000.000	0.4545
80	Spectrogram 1	1	289.808664062	289.867330729	22000.000	38000.000	0.4545
81	Waveform 1	1	290.116664062	290.188664062	22000.000	38000.000	0.3981
81	Spectrogram 1	1	290.116664062	290.188664062	22000.000	38000.000	0.3981
82	Waveform 1	1	290.699997396	290.742664063	22000.000	38000.000	0.2656
82	Spectrogram 1	1	290.699997396	290.742664063	22000.000	38000.000	0.2656
83	Waveform 1	1	291.379997396	291.425997396	22000.000	38000.000	0.2464
83	Spectrogram 1	1	291.379997396	291.425997396	22000.000	38000.000	0.2464
84	Waveform 1	1	292.221330729	292.259997396	22000.000	38000.000	0.2241
84	Spectrogram 1	1	292.221330729	292.259997396	22000.000	38000.000	0.2241
85	Waveform 1	1	293.121997396	293.154664062	22000.000	38000.000	0.3673
85	Spectrogram 1	1	293.121997396	293.154664062	22000.000	38000.000	0.3673
86	Waveform 1	1	293.728664063	293.746664062	22000.000	38000.000	0.4444
86	Spectrogram 1	1	293.728664063	293.746664062	22000.000	38000.000	0.4444
87	Waveform 1	1	343.135330729	343.136664063	22000.000	38000.000	1.0000
87	Spectrogram 1	1	343.135330729	343.136664063	22000.000	38000.000	1.0000
88	Waveform 1	1	454.718664063	454.719997396	22000.000	38000.000	1.0000
88	Spectrogram 1	1	454.718664063	454.719997396	22000.000	38000.000	1.0000
89	Waveform 1	1	809.967330729	809.968664063	22000.000	38000.000	1.0000
89	Spectrogram 1	1	809.967330729	809.968664063	22000.000	38000.000	1.0000
90	Waveform 1	1	811.578664063	811.583330729	22000.000	38000.000	0.4286
90	Spectrogram 1	1	811.578664063	811.583330729	22000.000	38000.000	0.4286
91	Waveform 1	1	813.123330729	813.124664063	22000.000	38000.000	1.0000
91	Spectrogram 1	1	813.123330729	813.124664063	22000.000	38000.000	1.0000
92	Waveform 1	1	813.669330729	813.673330729	22000.000	38000.000	0.3333
92	Spectrogram 1	1	813.669330729	813.673330729	22000.000	38000.000	0.3333
93	Waveform 1	1	1064.041330729	1064.045330729	22000.000	38000.000	0.6667
93	Spectrogram 1	1	1064.041330729	1064.045330729	22000.000	38000.000	0.6667
94	Waveform 1	1	1190.869330729	1190.871330729	22000.000	38000.000	0.6667
94	Spectrogram 1	1	1190.869330729	1190.871330729	22000.000	38000.000	0.6667
95	Waveform 1	1	1526.486664063	1526.487997396	22000.000	38000.000	1.0000
95	Spectrogram 1	1	1526.486664063	1526.487997396	22000.000	38000.000	1.0000
96	Waveform 1	1	1761.806664062	1761.816664062	22000.000	38000.000	0.4000
96	Spectrogram 1	1	1761.806664062	1761.816664062	22000.000	38000.000	0.4000
97	Waveform 1	1	1762.675330729	1762.703330729	22000.000	38000.000	0.1905
97	Spectrogram 1	1	1762.675330729	1762.703330729	22000.000	38000.000	0.1905
98	Waveform 1	1	1763.062664062	1763.063997396	22000.000	38000.000	1.0000
98	Spectrogram 1	1	1763.062664062	1763.063997396	22000.000	38000.000	1.0000
99	Waveform 1	1	1763.427997396	1763.433330729	22000.000	38000.000	0.3750
99	Spectrogram 1	1	1763.427997396	1763.433330729	22000.000	38000.000	0.3750
100	Waveform 1	1	1763.801997396	1763.803997396	22000.000	38000.000	0.6667
100	Spectrogram 1	1	1763.801997396	1763.803997396	22000.000	38000.000	0.6667
101	Waveform 1	1	1764.302664062	1764.312664062	22000.000	38000.000	0.2000
101	Spectrogram 1	1	1764.302664062	1764.312664062	22000.000	38000.000	0.2000
102	Waveform 1	1	1764.680664062	1764.689330729	22000.000	38000.000	0.3846
102	Spectrogram 1	1	1764.680664062	1764.689330729	22000.000	38000.000	0.3846
103	Waveform 1	1	1765.560664062	1765.597330729	22000.000	38000.000	0.0727
103	Spectrogram 1	1	1765.560664062	1765.597330729	22000.000	38000.000	0.0727
104	Waveform 1	1	1766.339330729	1766.392664062	22000.000	38000.000	0.1125
104	Spectrogram 1	1	1766.339330729	1766.392664062	22000.000	38000.000	0.1125
105	Waveform 1	1	1766.851330729	1766.894664062	22000.000	38000.000	0.0769
105	Spectrogram 1	1	1766.851330729	1766.894664062	22000.000	38000.000	0.0769
106	Waveform 1	1	1767.640664063	1767.649330729	22000.000	38000.000	0.4615
106	Spectrogram 1	1	1767.640664063	1767.649330729	22000.000	38000.000	0.4615
107	Waveform 1	1	1768.431997396	1768.436664062	22000.000	38000.000	0.5714
107	Spectrogram 1	1	1768.431997396	1768.436664062	22000.000	38000.000	0.5714
108	Waveform 1	1	1769.007330729	1769.009330729	22000.000	38000.000	0.6667
108	Spectrogram 1	1	1769.007330729	1769.009330729	22000.000	38000.000	0.6667
109	Waveform 1	1	1769.396664062	1769.403330729	22000.000	38000.000	0.3000
109	Spectrogram 1	1	1769.396664062	1769.403330729	22000.000	38000.000	0.3000
110	Waveform 1	1	1769.913997396	1769.922664062	22000.000	38000.000	0.1538
110	Spectrogram 1	1	1769.913997396	1769.922664062	22000.000	38000.000	0.1538
