Selection	View	Channel	Begin Time (s)	End Time (s)	Low Freq (Hz)	High Freq (Hz)	Occupancy
1	Waveform 1	1	440.260664062	440.261997396	38000.000	81000.000	1.0000
1	Spectrogram 1	1	440.260664062	440.261997396	38000.000	81000.000	1.0000
2	Waveform 1	1	440.633330729	440.636664063	38000.000	81000.000	0.6000
2	Spectrogram 1	1	440.633330729	440.636664063	38000.000	81000.000	0.6000
3	Waveform 1	1	441.375330729	441.377330729	38000.000	81000.000	0.6667
3	Spectrogram 1	1	441.375330729	441.377330729	38000.000	81000.000	0.6667
4	Waveform 1	1	441.464664062	441.466664063	38000.000	81000.000	1.0000
4	Spectrogram 1	1	441.464664062	441.466664063	38000.000	81000.000	1.0000
5	Waveform 1	1	441.556664062	441.565997396	38000.000	81000.000	0.2143
5	Spectrogram 1	1	441.556664062	441.565997396	38000.000	81000.000	0.2143
6	Waveform 1	1	441.646664063	441.648664063	38000.000	81000.000	1.0000
6	Spectrogram 1	1	441.646664063	441.648664063	38000.000	81000.000	1.0000
7	Waveform 1	1	441.737330729	441.745997396	38000.000	81000.000	0.3077
7	Spectrogram 1	1	441.737330729	441.745997396	38000.000	81000.000	0.3077
8	Waveform 1	1	441.827997396	441.839330729	38000.000	81000.000	0.2353
8	Spectrogram 1	1	441.827997396	441.839330729	38000.000	81000.000	0.2353
9	Waveform 1	1	441.919330729	441.932664063	38000.000	81000.000	0.3000
9	Spectrogram 1	1	441.919330729	441.932664063	38000.000	81000.000	0.3000
10	Waveform 1	1	442.009330729	442.016664063	38000.000	81000.000	0.3636
10	Spectrogram 1	1	442.009330729	442.016664063	38000.000	81000.000	0.3636
11	Waveform 1	1	442.097330729	442.109330729	38000.000	81000.000	0.5556
11	Spectrogram 1	1	442.097330729	442.109330729	38000.000	81000.000	0.5556
12	Waveform 1	1	442.192664063	442.209330729	38000.000	81000.000	0.2000
12	Spectrogram 1	1	442.192664063	442.209330729	38000.000	81000.000	0.2000
13	Waveform 1	1	442.285330729	442.301330729	38000.000	81000.000	0.2500
13	Spectrogram 1	1	442.285330729	442.301330729	38000.000	81000.000	0.2500
14	Waveform 1	1	442.376664062	442.379997396	38000.000	81000.000	1.0000
14	Spectrogram 1	1	442.376664062	442.379997396	38000.000	81000.000	1.0000
15	Waveform 1	1	442.467997396	442.487330729	38000.000	81000.000	0.2069
15	Spectrogram 1	1	442.467997396	442.487330729	38000.000	81000.000	0.2069
16	Waveform 1	1	442.561997396	442.577997396	38000.000	81000.000	0.3333
16	Spectrogram 1	1	442.561997396	442.577997396	38000.000	81000.000	0.3333
17	Waveform 1	1	442.731997396	442.751997396	38000.000	81000.000	0.2000
17	Spectrogram 1	1	442.731997396	442.751997396	38000.000	81000.000	0.2000
18	Waveform 1	1	442.819330729	442.840664062	38000.000	81000.000	0.2500
18	Spectrogram 1	1	442.819330729	442.840664062	38000.000	81000.000	0.2500
19	Waveform 1	1	442.909997396	442.913330729	38000.000	81000.000	1.0000
19	Spectrogram 1	1	442.909997396	442.913330729	38000.000	81000.000	1.0000
20	Waveform 1	1	442.996664062	443.019997396	38000.000	81000.000	0.3429
20	Spectrogram 1	1	442.996664062	443.019997396	38000.000	81000.000	0.3429
21	Waveform 1	1	443.085330729	443.089330729	38000.000	81000.000	1.0000
21	Spectrogram 1	1	443.085330729	443.089330729	38000.000	81000.000	1.0000
22	Waveform 1	1	443.175330729	443.205330729	38000.000	81000.000	0.4444
22	Spectrogram 1	1	443.175330729	443.205330729	38000.000	81000.000	0.4444
23	Waveform 1	1	443.255997396	443.284664062	38000.000	81000.000	0.4651
23	Spectrogram 1	1	443.255997396	443.284664062	38000.000	81000.000	0.4651
24	Waveform 1	1	443.351997396	443.383330729	38000.000	81000.000	0.2128
24	Spectrogram 1	1	443.351997396	443.383330729	38000.000	81000.000	0.2128
25	Waveform 1	1	443.435997396	443.462664062	38000.000	81000.000	0.5000
25	Spectrogram 1	1	443.435997396	443.462664062	38000.000	81000.000	0.5000
26	Waveform 1	1	443.521330729	443.549997396	38000.000	81000.000	0.2558
26	Spectrogram 1	1	443.521330729	443.549997396	38000.000	81000.000	0.2558
27	Waveform 1	1	443.609330729	443.635330729	38000.000	81000.000	0.5641
27	Spectrogram 1	1	443.609330729	443.635330729	38000.000	81000.000	0.5641
28	Waveform 1	1	443.699997396	443.727997396	38000.000	81000.000	0.2381
28	Spectrogram 1	1	443.699997396	443.727997396	38000.000	81000.000	0.2381
29	Waveform 1	1	443.787997396	443.820664062	38000.000	81000.000	0.3469
29	Spectrogram 1	1	443.787997396	443.820664062	38000.000	81000.000	0.3469
30	Waveform 1	1	443.881330729	443.903330729	38000.000	81000.000	0.6667
30	Spectrogram 1	1	443.881330729	443.903330729	38000.000	81000.000	0.6667
31	Waveform 1	1	443.975330729	444.001997396	38000.000	81000.000	0.4500
31	Spectrogram 1	1	443.975330729	444.001997396	38000.000	81000.000	0.4500
32	Waveform 1	1	444.068664062	444.094664062	38000.000	81000.000	0.5385
32	Spectrogram 1	1	444.068664062	444.094664062	38000.000	81000.000	0.5385
33	Waveform 1	1	444.161330729	444.177997396	38000.000	81000.000	0.6400
33	Spectrogram 1	1	444.161330729	444.177997396	38000.000	81000.000	0.6400
34	Waveform 1	1	444.251997396	444.268664062	38000.000	81000.000	0.4800
34	Spectrogram 1	1	444.251997396	444.268664062	38000.000	81000.000	0.4800
35	Waveform 1	1	444.433997396	444.445330729	38000.000	81000.000	0.6471
35	Spectrogram 1	1	444.433997396	444.445330729	38000.000	81000.000	0.6471
36	Waveform 1	1	444.521330729	444.543997396	38000.000	81000.000	0.2647
36	Spectrogram 1	1	444.521330729	444.543997396	38000.000	81000.000	0.2647
37	Waveform 1	1	444.603997396	444.616664062	38000.000	81000.000	0.5789
37	Spectrogram 1	1	444.603997396	444.616664062	38000.000	81000.000	0.5789
38	Waveform 1	1	444.701997396	444.727997396	38000.000	81000.000	0.2821
38	Spectrogram 1	1	444.701997396	444.727997396	38000.000	81000.000	0.2821
39	Waveform 1	1	444.801330729	444.812664063	38000.000	81000.000	0.2941
39	Spectrogram 1	1	444.801330729	444.812664063	38000.000	81000.000	0.2941
40	Waveform 1	1	444.898664063	444.900664062	38000.000	81000.000	1.0000
40	Spectrogram 1	1	444.898664063	444.900664062	38000.000	81000.000	1.0000
41	Waveform 1	1	444.997997396	445.026664063	38000.000	81000.000	0.2326
41	Spectrogram 1	1	444.997997396	445.026664063	38000.000	81000.000	0.2326
42	Waveform 1	1	445.091330729	445.109997396	38000.000	81000.000	0.3214
42	Spectrogram 1	1	445.091330729	445.109997396	38000.000	81000.000	0.3214
43	Waveform 1	1	445.276664063	445.279330729	38000.000	81000.000	1.0000
43	Spectrogram 1	1	445.276664063	445.279330729	38000.000	81000.000	1.0000
44	Waveform 1	1	445.375330729	445.377330729	38000.000	81000.000	1.0000
44	Spectrogram 1	1	445.375330729	445.377330729	38000.000	81000.000	1.0000
45	Waveform 1	1	445.667997396	445.683330729	38000.000	81000.000	0.2174
45	Spectrogram 1	1	445.667997396	445.683330729	38000.000	81000.000	0.2174
46	Waveform 1	1	446.060664062	446.061997396	38000.000	81000.000	1.0000
46	Spectrogram 1	1	446.060664062	446.061997396	38000.000	81000.000	1.0000
47	Waveform 1	1	446.255330729	446.257330729	38000.000	81000.000	0.6667
47	Spectrogram 1	1	446.255330729	446.257330729	38000.000	81000.000	0.6667
48	Waveform 1	1	446.450664062	446.453997396	38000.000	81000.000	0.4000
48	Spectrogram 1	1	446.450664062	446.453997396	38000.000	81000.000	0.4000
