Selection	View	Channel	Begin Time (s)	End Time (s)	Low Freq (Hz)	High Freq (Hz)	Occupancy
1	Waveform 1	1	94.403997396	94.405330729	22000.000	38000.000	1.0000
1	Spectrogram 1	1	94.403997396	94.405330729	22000.000	38000.000	1.0000
2	Waveform 1	1	95.070664062	95.073997396	22000.000	38000.000	0.8000
2	Spectrogram 1	1	95.070664062	95.073997396	22000.000	38000.000	0.8000
3	Waveform 1	1	96.499997396	96.513997396	22000.000	38000.000	0.0952
3	Spectrogram 1	1	96.499997396	96.513997396	22000.000	38000.000	0.0952
4	Waveform 1	1	96.797330729	96.805330729	22000.000	38000.000	0.3333
4	Spectrogram 1	1	96.797330729	96.805330729	22000.000	38000.000	0.3333
5	Waveform 1	1	97.453997396	97.455330729	22000.000	38000.000	1.0000
5	Spectrogram 1	1	97.453997396	97.455330729	22000.000	38000.000	1.0000
6	Waveform 1	1	97.897330729	97.906664062	22000.000	38000.000	0.1429
6	Spectrogram 1	1	97.897330729	97.906664062	22000.000	38000.000	0.1429
7	Waveform 1	1	101.054664062	101.057997396	22000.000	38000.000	0.6000
7	Spectrogram 1	1	101.054664062	101.057997396	22000.000	38000.000	0.6000
8	Waveform 1	1	147.497330729	147.503997396	22000.000	38000.000	0.3000
8	Spectrogram 1	1	147.497330729	147.503997396	22000.000	38000.000	0.3000
9	Waveform 1	1	148.739997396	148.773997396	22000.000	38000.000	0.0784
9	Spectrogram 1	1	148.739997396	148.773997396	22000.000	38000.000	0.0784
10	Waveform 1	1	149.453997396	149.475997396	22000.000	38000.000	0.1212
10	Spectrogram 1	1	149.453997396	149.475997396	22000.000	38000.000	0.1212
11	Waveform 1	1	150.109330729	150.114664062	22000.000	38000.000	0.3750
11	Spectrogram 1	1	150.109330729	150.114664062	22000.000	38000.000	0.3750
12	Waveform 1	1	150.405997396	150.425330729	22000.000	38000.000	0.1034
12	Spectrogram 1	1	150.405997396	150.425330729	22000.000	38000.000	0.1034
13	Waveform 1	1	151.123330729	151.130664062	22000.000	38000.000	0.4545
13	Spectrogram 1	1	151.123330729	151.130664062	22000.000	38000.000	0.4545
14	Waveform 1	1	151.383997396	151.385330729	22000.000	38000.000	1.0000
14	Spectrogram 1	1	151.383997396	151.385330729	22000.000	38000.000	1.0000
15	Waveform 1	1	153.631997396	153.636664062	22000.000	38000.000	0.5714
15	Spectrogram 1	1	153.631997396	153.636664062	22000.000	38000.000	0.5714
16	Waveform 1	1	154.175997396	154.195330729	22000.000	38000.000	0.1379
16	Spectrogram 1	1	154.175997396	154.195330729	22000.000	38000.000	0.1379
17	Waveform 1	1	167.277330729	167.281330729	22000.000	38000.000	0.6667
17	Spectrogram 1	1	167.277330729	167.281330729	22000.000	38000.000	0.6667
18	Waveform 1	1	167.544664063	167.549997396	22000.000	38000.000	0.3750
18	Spectrogram 1	1	167.544664063	167.549997396	22000.000	38000.000	0.3750
19	Waveform 1	1	167.821330729	167.824664063	22000.000	38000.000	0.6000
19	Spectrogram 1	1	167.821330729	167.824664063	22000.000	38000.000	0.6000
20	Waveform 1	1	167.953997396	167.975997396	22000.000	38000.000	0.1212
20	Spectrogram 1	1	167.953997396	167.975997396	22000.000	38000.000	0.1212
21	Waveform 1	1	168.941997396	168.967997396	22000.000	38000.000	0.0769
21	Spectrogram 1	1	168.941997396	168.967997396	22000.000	38000.000	0.0769
22	Waveform 1	1	169.479330729	169.480664062	22000.000	38000.000	1.0000
22	Spectrogram 1	1	169.479330729	169.480664062	22000.000	38000.000	1.0000
23	Waveform 1	1	170.768664062	170.781997396	22000.000	38000.000	0.1000
23	Spectrogram 1	1	170.768664062	170.781997396	22000.000	38000.000	0.1000
24	Waveform 1	1	171.219997396	171.229330729	22000.000	38000.000	0.1429
24	Spectrogram 1	1	171.219997396	171.229330729	22000.000	38000.000	0.1429
25	Waveform 1	1	171.601330729	171.628664062	22000.000	38000.000	0.0732
25	Spectrogram 1	1	171.601330729	171.628664062	22000.000	38000.000	0.0732
26	Waveform 1	1	171.906664062	171.920664062	22000.000	38000.000	0.0952
26	Spectrogram 1	1	171.906664062	171.920664062	22000.000	38000.000	0.0952
27	Waveform 1	1	172.419330729	172.437997396	22000.000	38000.000	0.1071
27	Spectrogram 1	1	172.419330729	172.437997396	22000.000	38000.000	0.1071
28	Waveform 1	1	172.711997396	172.724664062	22000.000	38000.000	0.1053
28	Spectrogram 1	1	172.711997396	172.724664062	22000.000	38000.000	0.1053
29	Waveform 1	1	172.986664062	172.990664063	22000.000	38000.000	0.3333
29	Spectrogram 1	1	172.986664062	172.990664063	22000.000	38000.000	0.3333
30	Waveform 1	1	173.763997396	173.765330729	22000.000	38000.000	1.0000
30	Spectrogram 1	1	173.763997396	173.765330729	22000.000	38000.000	1.0000
31	Waveform 1	1	176.326664062	176.348664063	22000.000	38000.000	0.1212
31	Spectrogram 1	1	176.326664062	176.348664063	22000.000	38000.000	0.1212
32	Waveform 1	1	176.585997396	176.593997396	22000.000	38000.000	0.2500
32	Spectrogram 1	1	176.585997396	176.593997396	22000.000	38000.000	0.2500
33	Waveform 1	1	179.127330729	179.129997396	22000.000	38000.000	0.5000
33	Spectrogram 1	1	179.127330729	179.129997396	22000.000	38000.000	0.5000
34	Waveform 1	1	179.648664062	179.686664063	22000.000	38000.000	0.1053
34	Spectrogram 1	1	179.648664062	179.686664063	22000.000	38000.000	0.1053
35	Waveform 1	1	182.096664062	182.103997396	22000.000	38000.000	0.1818
35	Spectrogram 1	1	182.096664062	182.103997396	22000.000	38000.000	0.1818
36	Waveform 1	1	220.285330729	220.286664062	22000.000	38000.000	1.0000
36	Spectrogram 1	1	220.285330729	220.286664062	22000.000	38000.000	1.0000
37	Waveform 1	1	260.828664062	260.841997396	22000.000	38000.000	0.1500
37	Spectrogram 1	1	260.828664062	260.841997396	22000.000	38000.000	0.1500
38	Waveform 1	1	261.398664063	261.413330729	22000.000	38000.000	0.1364
38	Spectrogram 1	1	261.398664063	261.413330729	22000.000	38000.000	0.1364
39	Waveform 1	1	261.681997396	261.689330729	22000.000	38000.000	0.1818
39	Spectrogram 1	1	261.681997396	261.689330729	22000.000	38000.000	0.1818
40	Waveform 1	1	262.057330729	262.093997396	22000.000	38000.000	0.1636
40	Spectrogram 1	1	262.057330729	262.093997396	22000.000	38000.000	0.1636
41	Waveform 1	1	262.346664062	262.364664062	22000.000	38000.000	0.0741
41	Spectrogram 1	1	262.346664062	262.364664062	22000.000	38000.000	0.0741
42	Waveform 1	1	262.755330729	262.785997396	22000.000	38000.000	0.1304
42	Spectrogram 1	1	262.755330729	262.785997396	22000.000	38000.000	0.1304
43	Waveform 1	1	263.035330729	263.061997396	22000.000	38000.000	0.0750
43	Spectrogram 1	1	263.035330729	263.061997396	22000.000	38000.000	0.0750
44	Waveform 1	1	263.440664062	263.483997396	22000.000	38000.000	0.0769
44	Spectrogram 1	1	263.440664062	263.483997396	22000.000	38000.000	0.0769
45	Waveform 1	1	263.739997396	263.749997396	22000.000	38000.000	0.2000
45	Spectrogram 1	1	263.739997396	263.749997396	22000.000	38000.000	0.2000
46	Waveform 1	1	264.002664063	264.051997396	22000.000	38000.000	0.1351
46	Spectrogram 1	1	264.002664063	264.051997396	22000.000	38000.000	0.1351
47	Waveform 1	1	264.573330729	264.624664063	22000.000	38000.000	0.1039
47	Spectrogram 1	1	264.573330729	264.624664063	22000.000	38000.000	0.1039
48	Waveform 1	1	264.851997396	264.887997396	22000.000	38000.000	0.2037
48	Spectrogram 1	1	264.851997396	264.887997396	22000.000	38000.000	0.2037
49	Waveform 1	1	265.125330729	265.134664063	22000.000	38000.000	0.4286
49	Spectrogram 1	1	265.125330729	265.134664063	22000.000	38000.000	0.4286
50	Waveform 1	1	265.393997396	265.425997396	22000.000	38000.000	0.1250
50	Spectrogram 1	1	265.393997396	265.425997396	22000.000	38000.000	0.1250
51	Waveform 1	1	265.956664063	265.991330729	22000.000	38000.000	0.1538
51	Spectrogram 1	1	265.956664063	265.991330729	22000.000	38000.000	0.1538
52	Waveform 1	1	266.524664062	266.545330729	22000.000	38000.000	0.2258
52	Spectrogram 1	1	266.524664062	266.545330729	22000.000	38000.000	0.2258
53	Waveform 1	1	267.124664063	267.135997396	22000.000	38000.000	0.1765
53	Spectrogram 1	1	267.124664063	267.135997396	22000.000	38000.000	0.1765
54	Waveform 1	1	267.699330729	267.707330729	22000.000	38000.000	0.3333
54	Spectrogram 1	1	267.699330729	267.707330729	22000.000	38000.000	0.3333
55	Waveform 1	1	268.274664062	268.285330729	22000.000	38000.000	0.3750
55	Spectrogram 1	1	268.274664062	268.285330729	22000.000	38000.000	0.3750
56	Waveform 1	1	271.543330729	271.548664062	22000.000	38000.000	0.5000
56	Spectrogram 1	1	271.543330729	271.548664062	22000.000	38000.000	0.5000
57	Waveform 1	1	279.625330729	279.631330729	22000.000	38000.000	0.4444
57	Spectrogram 1	1	279.625330729	279.631330729	22000.000	38000.000	0.4444
58	Waveform 1	1	280.042664062	280.045330729	22000.000	38000.000	0.7500
58	Spectrogram 1	1	280.042664062	280.045330729	22000.000	38000.000	0.7500
59	Waveform 1	1	282.537997396	282.541330729	22000.000	38000.000	0.6000
59	Spectrogram 1	1	282.537997396	282.541330729	22000.000	38000.000	0.6000
60	Waveform 1	1	314.725997396	314.735997396	22000.000	38000.000	0.1333
60	Spectrogram 1	1	314.725997396	314.735997396	22000.000	38000.000	0.1333
61	Waveform 1	1	316.869997396	316.875330729	22000.000	38000.000	0.2500
61	Spectrogram 1	1	316.869997396	316.875330729	22000.000	38000.000	0.2500
62	Waveform 1	1	317.170664063	317.177997396	22000.000	38000.000	0.1818
62	Spectrogram 1	1	317.170664063	317.177997396	22000.000	38000.000	0.1818
63	Waveform 1	1	317.601330729	317.603330729	22000.000	38000.000	0.6667
63	Spectrogram 1	1	317.601330729	317.603330729	22000.000	38000.000	0.6667
64	Waveform 1	1	318.331330729	318.333330729	22000.000	38000.000	0.6667
64	Spectrogram 1	1	318.331330729	318.333330729	22000.000	38000.000	0.6667
65	Waveform 1	1	318.930664062	318.947330729	22000.000	38000.000	0.1600
65	Spectrogram 1	1	318.930664062	318.947330729	22000.000	38000.000	0.1600
66	Waveform 1	1	319.647330729	319.653997396	22000.000	38000.000	0.4000
66	Spectrogram 1	1	319.647330729	319.653997396	22000.000	38000.000	0.4000
67	Waveform 1	1	321.695330729	321.711997396	22000.000	38000.000	0.1600
67	Spectrogram 1	1	321.695330729	321.711997396	22000.000	38000.000	0.1600
68	Waveform 1	1	321.867330729	321.870664062	22000.000	38000.000	0.4000
68	Spectrogram 1	1	321.867330729	321.870664062	22000.000	38000.000	0.4000
69	Waveform 1	1	322.433997396	322.443330729	22000.000	38000.000	0.2143
69	Spectrogram 1	1	322.433997396	322.443330729	22000.000	38000.000	0.2143
70	Waveform 1	1	329.439997396	329.444664063	22000.000	38000.000	0.4286
70	Spectrogram 1	1	329.439997396	329.444664063	22000.000	38000.000	0.4286
71	Waveform 1	1	331.792664062	331.795997396	22000.000	38000.000	0.4000
71	Spectrogram 1	1	331.792664062	331.795997396	22000.000	38000.000	0.4000
72	Waveform 1	1	390.347997396	390.349330729	22000.000	38000.000	1.0000
72	Spectrogram 1	1	390.347997396	390.349330729	22000.000	38000.000	1.0000
73	Waveform 1	1	391.443330729	391.449997396	22000.000	38000.000	0.3000
73	Spectrogram 1	1	391.443330729	391.449997396	22000.000	38000.000	0.3000
74	Waveform 1	1	391.895997396	391.898664063	22000.000	38000.000	0.5000
74	Spectrogram 1	1	391.895997396	391.898664063	22000.000	38000.000	0.5000
75	Waveform 1	1	392.165330729	392.173997396	22000.000	38000.000	0.3077
75	Spectrogram 1	1	392.165330729	392.173997396	22000.000	38000.000	0.3077
76	Waveform 1	1	392.991997396	393.001997396	22000.000	38000.000	0.2000
76	Spectrogram 1	1	392.991997396	393.001997396	22000.000	38000.000	0.2000
77	Waveform 1	1	393.684664063	393.704664063	22000.000	38000.000	0.3000
77	Spectrogram 1	1	393.684664063	393.704664063	22000.000	38000.000	0.3000
78	Waveform 1	1	394.258664062	394.269330729	22000.000	38000.000	0.3125
78	Spectrogram 1	1	394.258664062	394.269330729	22000.000	38000.000	0.3125
79	Waveform 1	1	395.520664062	395.531997396	22000.000	38000.000	0.1176
79	Spectrogram 1	1	395.520664062	395.531997396	22000.000	38000.000	0.1176
80	Waveform 1	1	396.111997396	396.121330729	22000.000	38000.000	0.6429
80	Spectrogram 1	1	396.111997396	396.121330729	22000.000	38000.000	0.6429
81	Waveform 1	1	396.409997396	396.417330729	22000.000	38000.000	0.4545
81	Spectrogram 1	1	396.409997396	396.417330729	22000.000	38000.000	0.4545
82	Waveform 1	1	397.775997396	397.777997396	22000.000	38000.000	0.6667
82	Spectrogram 1	1	397.775997396	397.777997396	22000.000	38000.000	0.6667
83	Waveform 1	1	398.322664062	398.323997396	22000.000	38000.000	1.0000
83	Spectrogram 1	1	398.322664062	398.323997396	22000.000	38000.000	1.0000
84	Waveform 1	1	408.043330729	408.044664062	22000.000	38000.000	1.0000
84	Spectrogram 1	1	408.043330729	408.044664062	22000.000	38000.000	1.0000
85	Waveform 1	1	489.909330729	489.910664063	22000.000	38000.000	1.0000
85	Spectrogram 1	1	489.909330729	489.910664063	22000.000	38000.000	1.0000
86	Waveform 1	1	490.499330729	490.504664063	22000.000	38000.000	0.3750
86	Spectrogram 1	1	490.499330729	490.504664063	22000.000	38000.000	0.3750
87	Waveform 1	1	491.658664063	491.674664062	22000.000	38000.000	0.0833
87	Spectrogram 1	1	491.658664063	491.674664062	22000.000	38000.000	0.0833
88	Waveform 1	1	493.109997396	493.111997396	22000.000	38000.000	0.6667
88	Spectrogram 1	1	493.109997396	493.111997396	22000.000	38000.000	0.6667
89	Waveform 1	1	493.751997396	493.753997396	22000.000	38000.000	0.6667
89	Spectrogram 1	1	493.751997396	493.753997396	22000.000	38000.000	0.6667
90	Waveform 1	1	494.057997396	494.064664063	22000.000	38000.000	0.2000
90	Spectrogram 1	1	494.057997396	494.064664063	22000.000	38000.000	0.2000
91	Waveform 1	1	494.359330729	494.363997396	22000.000	38000.000	0.2857
91	Spectrogram 1	1	494.359330729	494.363997396	22000.000	38000.000	0.2857
92	Waveform 1	1	495.245330729	495.249997396	22000.000	38000.000	0.2857
92	Spectrogram 1	1	495.245330729	495.249997396	22000.000	38000.000	0.2857
93	Waveform 1	1	496.009997396	496.012664062	22000.000	38000.000	1.0000
93	Spectrogram 1	1	496.009997396	496.012664062	22000.000	38000.000	1.0000
94	Waveform 1	1	499.081330729	499.091997396	22000.000	38000.000	0.2500
94	Spectrogram 1	1	499.081330729	499.091997396	22000.000	38000.000	0.2500
95	Waveform 1	1	499.645997396	499.657330729	22000.000	38000.000	0.2353
95	Spectrogram 1	1	499.645997396	499.657330729	22000.000	38000.000	0.2353
96	Waveform 1	1	499.922664063	499.927997396	22000.000	38000.000	0.3750
96	Spectrogram 1	1	499.922664063	499.927997396	22000.000	38000.000	0.3750
97	Waveform 1	1	500.211997396	500.213330729	22000.000	38000.000	1.0000
97	Spectrogram 1	1	500.211997396	500.213330729	22000.000	38000.000	1.0000
98	Waveform 1	1	500.791330729	500.793330729	22000.000	38000.000	0.6667
98	Spectrogram 1	1	500.791330729	500.793330729	22000.000	38000.000	0.6667
99	Waveform 1	1	579.443997396	579.445330729	22000.000	38000.000	1.0000
99	Spectrogram 1	1	579.443997396	579.445330729	22000.000	38000.000	1.0000
100	Waveform 1	1	585.061997396	585.063997396	22000.000	38000.000	0.6667
100	Spectrogram 1	1	585.061997396	585.063997396	22000.000	38000.000	0.6667
101	Waveform 1	1	588.472664063	588.488664063	22000.000	38000.000	0.1250
101	Spectrogram 1	1	588.472664063	588.488664063	22000.000	38000.000	0.1250
102	Waveform 1	1	696.225997396	696.237997396	22000.000	38000.000	0.2222
102	Spectrogram 1	1	696.225997396	696.237997396	22000.000	38000.000	0.2222
103	Waveform 1	1	696.965330729	696.982664063	22000.000	38000.000	0.1923
103	Spectrogram 1	1	696.965330729	696.982664063	22000.000	38000.000	0.1923
104	Waveform 1	1	697.937330729	697.951330729	22000.000	38000.000	0.3333
104	Spectrogram 1	1	697.937330729	697.951330729	22000.000	38000.000	0.3333
105	Waveform 1	1	706.639330729	706.640664063	22000.000	38000.000	1.0000
105	Spectrogram 1	1	706.639330729	706.640664063	22000.000	38000.000	1.0000
106	Waveform 1	1	707.509330729	707.521997396	22000.000	38000.000	0.1579
106	Spectrogram 1	1	707.509330729	707.521997396	22000.000	38000.000	0.1579
107	Waveform 1	1	708.908664063	708.909997396	22000.000	38000.000	1.0000
107	Spectrogram 1	1	708.908664063	708.909997396	22000.000	38000.000	1.0000
108	Waveform 1	1	709.294664063	709.295997396	22000.000	38000.000	1.0000
108	Spectrogram 1	1	709.294664063	709.295997396	22000.000	38000.000	1.0000
109	Waveform 1	1	709.688664063	709.689997396	22000.000	38000.000	1.0000
109	Spectrogram 1	1	709.688664063	709.689997396	22000.000	38000.000	1.0000
110	Waveform 1	1	710.544664063	710.547997396	22000.000	38000.000	0.8000
110	Spectrogram 1	1	710.544664063	710.547997396	22000.000	38000.000	0.8000
111	Waveform 1	1	711.018664063	711.019997396	22000.000	38000.000	1.0000
111	Spectrogram 1	1	711.018664063	711.019997396	22000.000	38000.000	1.0000
112	Waveform 1	1	712.003997396	712.014664063	22000.000	38000.000	0.4375
112	Spectrogram 1	1	712.003997396	712.014664063	22000.000	38000.000	0.4375
113	Waveform 1	1	713.121330729	713.129997396	22000.000	38000.000	0.1538
113	Spectrogram 1	1	713.121330729	713.129997396	22000.000	38000.000	0.1538
114	Waveform 1	1	721.185997396	721.192664063	22000.000	38000.000	0.7000
114	Spectrogram 1	1	721.185997396	721.192664063	22000.000	38000.000	0.7000
115	Waveform 1	1	722.267330729	722.269997396	22000.000	38000.000	0.5000
115	Spectrogram 1	1	722.267330729	722.269997396	22000.000	38000.000	0.5000
116	Waveform 1	1	723.503997396	723.505997396	22000.000	38000.000	1.0000
116	Spectrogram 1	1	723.503997396	723.505997396	22000.000	38000.000	1.0000
117	Waveform 1	1	724.315997396	724.324664063	22000.000	38000.000	0.1538
117	Spectrogram 1	1	724.315997396	724.324664063	22000.000	38000.000	0.1538
118	Waveform 1	1	745.549330729	745.550664063	22000.000	38000.000	1.0000
118	Spectrogram 1	1	745.549330729	745.550664063	22000.000	38000.000	1.0000
119	Waveform 1	1	745.904664063	745.912664063	22000.000	38000.000	0.2500
119	Spectrogram 1	1	745.904664063	745.912664063	22000.000	38000.000	0.2500
120	Waveform 1	1	746.484664063	746.505997396	22000.000	38000.000	0.2812
120	Spectrogram 1	1	746.484664063	746.505997396	22000.000	38000.000	0.2812
121	Waveform 1	1	746.831330729	746.844664063	22000.000	38000.000	0.1000
121	Spectrogram 1	1	746.831330729	746.844664063	22000.000	38000.000	0.1000
122	Waveform 1	1	747.005997396	747.011330729	22000.000	38000.000	0.3750
122	Spectrogram 1	1	747.005997396	747.011330729	22000.000	38000.000	0.3750
123	Waveform 1	1	747.558664063	747.562664063	22000.000	38000.000	0.5000
123	Spectrogram 1	1	747.558664063	747.562664063	22000.000	38000.000	0.5000
124	Waveform 1	1	748.124664063	748.147330729	22000.000	38000.000	0.0882
124	Spectrogram 1	1	748.124664063	748.147330729	22000.000	38000.000	0.0882
125	Waveform 1	1	748.686664063	748.714664063	22000.000	38000.000	0.3095
125	Spectrogram 1	1	748.686664063	748.714664063	22000.000	38000.000	0.3095
126	Waveform 1	1	749.253997396	749.262664062	22000.000	38000.000	0.2308
126	Spectrogram 1	1	749.253997396	749.262664062	22000.000	38000.000	0.2308
127	Waveform 1	1	749.815330729	749.836664063	22000.000	38000.000	0.1250
127	Spectrogram 1	1	749.815330729	749.836664063	22000.000	38000.000	0.1250
128	Waveform 1	1	750.797330729	750.809330729	22000.000	38000.000	0.1667
128	Spectrogram 1	1	750.797330729	750.809330729	22000.000	38000.000	0.1667
129	Waveform 1	1	752.703997396	752.707330729	22000.000	38000.000	0.4000
129	Spectrogram 1	1	752.703997396	752.707330729	22000.000	38000.000	0.4000
130	Waveform 1	1	752.979997396	752.983997396	22000.000	38000.000	0.6667
130	Spectrogram 1	1	752.979997396	752.983997396	22000.000	38000.000	0.6667
131	Waveform 1	1	753.151997396	753.171330729	22000.000	38000.000	0.2414
131	Spectrogram 1	1	753.151997396	753.171330729	22000.000	38000.000	0.2414
132	Waveform 1	1	753.611997396	753.629330729	22000.000	38000.000	0.3846
132	Spectrogram 1	1	753.611997396	753.629330729	22000.000	38000.000	0.3846
133	Waveform 1	1	754.236664063	754.243330729	22000.000	38000.000	0.2000
133	Spectrogram 1	1	754.236664063	754.243330729	22000.000	38000.000	0.2000
134	Waveform 1	1	754.710664063	754.711997396	22000.000	38000.000	1.0000
134	Spectrogram 1	1	754.710664063	754.711997396	22000.000	38000.000	1.0000
135	Waveform 1	1	755.141997396	755.165330729	22000.000	38000.000	0.4000
135	Spectrogram 1	1	755.141997396	755.165330729	22000.000	38000.000	0.4000
136	Waveform 1	1	755.593330729	755.600664063	22000.000	38000.000	0.5455
136	Spectrogram 1	1	755.593330729	755.600664063	22000.000	38000.000	0.5455
137	Waveform 1	1	756.203330729	756.216664063	22000.000	38000.000	0.1500
137	Spectrogram 1	1	756.203330729	756.216664063	22000.000	38000.000	0.1500
138	Waveform 1	1	756.343330729	756.355330729	22000.000	38000.000	0.2222
138	Spectrogram 1	1	756.343330729	756.355330729	22000.000	38000.000	0.2222
139	Waveform 1	1	762.887997396	762.897330729	22000.000	38000.000	0.2143
139	Spectrogram 1	1	762.887997396	762.897330729	22000.000	38000.000	0.2143
140	Waveform 1	1	763.483997396	763.493330729	22000.000	38000.000	0.4286
140	Spectrogram 1	1	763.483997396	763.493330729	22000.000	38000.000	0.4286
141	Waveform 1	1	763.961997396	763.969997396	22000.000	38000.000	0.1667
141	Spectrogram 1	1	763.961997396	763.969997396	22000.000	38000.000	0.1667
142	Waveform 1	1	764.266664063	764.278664063	22000.000	38000.000	0.2778
142	Spectrogram 1	1	764.266664063	764.278664063	22000.000	38000.000	0.2778
143	Waveform 1	1	764.868664063	764.898664063	22000.000	38000.000	0.3111
143	Spectrogram 1	1	764.868664063	764.898664063	22000.000	38000.000	0.3111
144	Waveform 1	1	765.187997396	765.189330729	22000.000	38000.000	1.0000
144	Spectrogram 1	1	765.187997396	765.189330729	22000.000	38000.000	1.0000
145	Waveform 1	1	765.481997396	765.507997396	22000.000	38000.000	0.2051
145	Spectrogram 1	1	765.481997396	765.507997396	22000.000	38000.000	0.2051
146	Waveform 1	1	766.109330729	766.111330729	22000.000	38000.000	0.6667
146	Spectrogram 1	1	766.109330729	766.111330729	22000.000	38000.000	0.6667
147	Waveform 1	1	766.678664063	766.700664063	22000.000	38000.000	0.1212
147	Spectrogram 1	1	766.678664063	766.700664063	22000.000	38000.000	0.1212
148	Waveform 1	1	766.976664063	766.986664063	22000.000	38000.000	0.1333
148	Spectrogram 1	1	766.976664063	766.986664063	22000.000	38000.000	0.1333
149	Waveform 1	1	767.249330729	767.262664062	22000.000	38000.000	0.1500
149	Spectrogram 1	1	767.249330729	767.262664062	22000.000	38000.000	0.1500
150	Waveform 1	1	767.542664063	767.549330729	22000.000	38000.000	0.4000
150	Spectrogram 1	1	767.542664063	767.549330729	22000.000	38000.000	0.4000
151	Waveform 1	1	768.079330729	768.093997396	22000.000	38000.000	0.1818
151	Spectrogram 1	1	768.079330729	768.093997396	22000.000	38000.000	0.1818
152	Waveform 1	1	768.364664063	768.377330729	22000.000	38000.000	0.3684
152	Spectrogram 1	1	768.364664063	768.377330729	22000.000	38000.000	0.3684
153	Waveform 1	1	768.799330729	768.823330729	22000.000	38000.000	0.4167
153	Spectrogram 1	1	768.799330729	768.823330729	22000.000	38000.000	0.4167
154	Waveform 1	1	769.527330729	769.546664063	22000.000	38000.000	0.3103
154	Spectrogram 1	1	769.527330729	769.546664063	22000.000	38000.000	0.3103
155	Waveform 1	1	770.123997396	770.149330729	22000.000	38000.000	0.1316
155	Spectrogram 1	1	770.123997396	770.149330729	22000.000	38000.000	0.1316
156	Waveform 1	1	771.319330729	771.335997396	22000.000	38000.000	0.2800
156	Spectrogram 1	1	771.319330729	771.335997396	22000.000	38000.000	0.2800
157	Waveform 1	1	774.330664063	774.333997396	22000.000	38000.000	0.4000
157	Spectrogram 1	1	774.330664063	774.333997396	22000.000	38000.000	0.4000
158	Waveform 1	1	787.129330729	787.135997396	22000.000	38000.000	0.4000
158	Spectrogram 1	1	787.129330729	787.135997396	22000.000	38000.000	0.4000
159	Waveform 1	1	787.641330729	787.658664063	22000.000	38000.000	0.2308
159	Spectrogram 1	1	787.641330729	787.658664063	22000.000	38000.000	0.2308
160	Waveform 1	1	986.131330729	986.138664063	22000.000	38000.000	0.1818
160	Spectrogram 1	1	986.131330729	986.138664063	22000.000	38000.000	0.1818
161	Waveform 1	1	986.405997396	986.414664063	22000.000	38000.000	0.2308
161	Spectrogram 1	1	986.405997396	986.414664063	22000.000	38000.000	0.2308
162	Waveform 1	1	988.397330729	988.403997396	22000.000	38000.000	0.3000
162	Spectrogram 1	1	988.397330729	988.403997396	22000.000	38000.000	0.3000
163	Waveform 1	1	988.697997396	988.701997396	22000.000	38000.000	0.3333
163	Spectrogram 1	1	988.697997396	988.701997396	22000.000	38000.000	0.3333
164	Waveform 1	1	988.991997396	988.997330729	22000.000	38000.000	0.5000
164	Spectrogram 1	1	988.991997396	988.997330729	22000.000	38000.000	0.5000
165	Waveform 1	1	989.541330729	989.559997396	22000.000	38000.000	0.1786
165	Spectrogram 1	1	989.541330729	989.559997396	22000.000	38000.000	0.1786
166	Waveform 1	1	989.997330729	990.005330729	22000.000	38000.000	0.2500
166	Spectrogram 1	1	989.997330729	990.005330729	22000.000	38000.000	0.2500
167	Waveform 1	1	990.146664063	990.151997396	22000.000	38000.000	0.7500
167	Spectrogram 1	1	990.146664063	990.151997396	22000.000	38000.000	0.7500
168	Waveform 1	1	990.690664063	990.705997396	22000.000	38000.000	0.2174
168	Spectrogram 1	1	990.690664063	990.705997396	22000.000	38000.000	0.2174
169	Waveform 1	1	991.263997396	991.289997396	22000.000	38000.000	0.1026
169	Spectrogram 1	1	991.263997396	991.289997396	22000.000	38000.000	0.1026
170	Waveform 1	1	991.849330729	991.867330729	22000.000	38000.000	0.3333
170	Spectrogram 1	1	991.849330729	991.867330729	22000.000	38000.000	0.3333
171	Waveform 1	1	992.189330729	992.197330729	22000.000	38000.000	0.6667
171	Spectrogram 1	1	992.189330729	992.197330729	22000.000	38000.000	0.6667
172	Waveform 1	1	993.083997396	993.096664063	22000.000	38000.000	0.2105
172	Spectrogram 1	1	993.083997396	993.096664063	22000.000	38000.000	0.2105
173	Waveform 1	1	993.861997396	993.866664063	22000.000	38000.000	0.2857
173	Spectrogram 1	1	993.861997396	993.866664063	22000.000	38000.000	0.2857
174	Waveform 1	1	994.025997396	994.043330729	22000.000	38000.000	0.1538
174	Spectrogram 1	1	994.025997396	994.043330729	22000.000	38000.000	0.1538
175	Waveform 1	1	994.642664063	994.654664063	22000.000	38000.000	0.1667
175	Spectrogram 1	1	994.642664063	994.654664063	22000.000	38000.000	0.1667
176	Waveform 1	1	995.210664063	995.223330729	22000.000	38000.000	0.2105
176	Spectrogram 1	1	995.210664063	995.223330729	22000.000	38000.000	0.2105
177	Waveform 1	1	999.875330729	999.889330729	22000.000	38000.000	0.4286
177	Spectrogram 1	1	999.875330729	999.889330729	22000.000	38000.000	0.4286
178	Waveform 1	1	1000.487330729	1000.508664063	22000.000	38000.000	0.1875
178	Spectrogram 1	1	1000.487330729	1000.508664063	22000.000	38000.000	0.1875
179	Waveform 1	1	1001.070664063	1001.074664063	22000.000	38000.000	0.5000
179	Spectrogram 1	1	1001.070664063	1001.074664063	22000.000	38000.000	0.5000
180	Waveform 1	1	1004.069330729	1004.074664063	22000.000	38000.000	0.2500
180	Spectrogram 1	1	1004.069330729	1004.074664063	22000.000	38000.000	0.2500
181	Waveform 1	1	1005.917330729	1005.923997396	22000.000	38000.000	0.4000
181	Spectrogram 1	1	1005.917330729	1005.923997396	22000.000	38000.000	0.4000
182	Waveform 1	1	1006.038664063	1006.090664063	22000.000	38000.000	0.1154
182	Spectrogram 1	1	1006.038664063	1006.090664063	22000.000	38000.000	0.1154
183	Waveform 1	1	1006.347997396	1006.355997396	22000.000	38000.000	0.5000
183	Spectrogram 1	1	1006.347997396	1006.355997396	22000.000	38000.000	0.5000
184	Waveform 1	1	1006.819330729	1006.827330729	22000.000	38000.000	0.2500
184	Spectrogram 1	1	1006.819330729	1006.827330729	22000.000	38000.000	0.2500
185	Waveform 1	1	1008.709997396	1008.721330729	22000.000	38000.000	0.1765
185	Spectrogram 1	1	1008.709997396	1008.721330729	22000.000	38000.000	0.1765
186	Waveform 1	1	1009.068664063	1009.078664063	22000.000	38000.000	0.2000
186	Spectrogram 1	1	1009.068664063	1009.078664063	22000.000	38000.000	0.2000
187	Waveform 1	1	1009.361997396	1009.371997396	22000.000	38000.000	0.1333
187	Spectrogram 1	1	1009.361997396	1009.371997396	22000.000	38000.000	0.1333
188	Waveform 1	1	1009.965997396	1009.975330729	22000.000	38000.000	0.2857
188	Spectrogram 1	1	1009.965997396	1009.975330729	22000.000	38000.000	0.2857
189	Waveform 1	1	1010.176664063	1010.191330729	22000.000	38000.000	0.1818
189	Spectrogram 1	1	1010.176664063	1010.191330729	22000.000	38000.000	0.1818
190	Waveform 1	1	1010.749330729	1010.753997396	22000.000	38000.000	0.2857
190	Spectrogram 1	1	1010.749330729	1010.753997396	22000.000	38000.000	0.2857
191	Waveform 1	1	1011.428664063	1011.431330729	22000.000	38000.000	0.7500
191	Spectrogram 1	1	1011.428664063	1011.431330729	22000.000	38000.000	0.7500
192	Waveform 1	1	1011.865330729	1011.873997396	22000.000	38000.000	0.1538
192	Spectrogram 1	1	1011.865330729	1011.873997396	22000.000	38000.000	0.1538
193	Waveform 1	1	1012.454664063	1012.462664063	22000.000	38000.000	0.4167
193	Spectrogram 1	1	1012.454664063	1012.462664063	22000.000	38000.000	0.4167
194	Waveform 1	1	1013.093330729	1013.096664063	22000.000	38000.000	0.4000
194	Spectrogram 1	1	1013.093330729	1013.096664063	22000.000	38000.000	0.4000
195	Waveform 1	1	1013.577997396	1013.579997396	22000.000	38000.000	0.6667
195	Spectrogram 1	1	1013.577997396	1013.579997396	22000.000	38000.000	0.6667
196	Waveform 1	1	1013.695997396	1013.698664063	22000.000	38000.000	0.5000
196	Spectrogram 1	1	1013.695997396	1013.698664063	22000.000	38000.000	0.5000
197	Waveform 1	1	1015.609997396	1015.619997396	22000.000	38000.000	0.2000
197	Spectrogram 1	1	1015.609997396	1015.619997396	22000.000	38000.000	0.2000
198	Waveform 1	1	1016.338664063	1016.345330729	22000.000	38000.000	0.2000
198	Spectrogram 1	1	1016.338664063	1016.345330729	22000.000	38000.000	0.2000
199	Waveform 1	1	1017.395997396	1017.397997396	22000.000	38000.000	1.0000
199	Spectrogram 1	1	1017.395997396	1017.397997396	22000.000	38000.000	1.0000
200	Waveform 1	1	1028.457997396	1028.470664062	22000.000	38000.000	0.1053
200	Spectrogram 1	1	1028.457997396	1028.470664062	22000.000	38000.000	0.1053
201	Waveform 1	1	1029.054664063	1029.068664062	22000.000	38000.000	0.1429
201	Spectrogram 1	1	1029.054664063	1029.068664062	22000.000	38000.000	0.1429
202	Waveform 1	1	1031.477997396	1031.479330729	22000.000	38000.000	1.0000
202	Spectrogram 1	1	1031.477997396	1031.479330729	22000.000	38000.000	1.0000
203	Waveform 1	1	1031.667997396	1031.671330729	22000.000	38000.000	0.6000
203	Spectrogram 1	1	1031.667997396	1031.671330729	22000.000	38000.000	0.6000
204	Waveform 1	1	1032.013330729	1032.014664062	22000.000	38000.000	1.0000
204	Spectrogram 1	1	1032.013330729	1032.014664062	22000.000	38000.000	1.0000
205	Waveform 1	1	1033.198664063	1033.211330729	22000.000	38000.000	0.2632
205	Spectrogram 1	1	1033.198664063	1033.211330729	22000.000	38000.000	0.2632
206	Waveform 1	1	1034.637997396	1034.643997396	22000.000	38000.000	0.4444
206	Spectrogram 1	1	1034.637997396	1034.643997396	22000.000	38000.000	0.4444
207	Waveform 1	1	1111.205330729	1111.207997396	22000.000	38000.000	1.0000
207	Spectrogram 1	1	1111.205330729	1111.207997396	22000.000	38000.000	1.0000
208	Waveform 1	1	1113.068664062	1113.099330729	22000.000	38000.000	0.1304
208	Spectrogram 1	1	1113.068664062	1113.099330729	22000.000	38000.000	0.1304
209	Waveform 1	1	1113.381330729	1113.393330729	22000.000	38000.000	0.1111
209	Spectrogram 1	1	1113.381330729	1113.393330729	22000.000	38000.000	0.1111
210	Waveform 1	1	1113.667997396	1113.687997396	22000.000	38000.000	0.2333
210	Spectrogram 1	1	1113.667997396	1113.687997396	22000.000	38000.000	0.2333
211	Waveform 1	1	1114.870664062	1114.889330729	22000.000	38000.000	0.1786
211	Spectrogram 1	1	1114.870664062	1114.889330729	22000.000	38000.000	0.1786
212	Waveform 1	1	1115.754664062	1115.760664062	22000.000	38000.000	0.2222
212	Spectrogram 1	1	1115.754664062	1115.760664062	22000.000	38000.000	0.2222
213	Waveform 1	1	1116.343330729	1116.347997396	22000.000	38000.000	0.2857
213	Spectrogram 1	1	1116.343330729	1116.347997396	22000.000	38000.000	0.2857
214	Waveform 1	1	1116.631330729	1116.651330729	22000.000	38000.000	0.2333
214	Spectrogram 1	1	1116.631330729	1116.651330729	22000.000	38000.000	0.2333
215	Waveform 1	1	1116.932664062	1116.937997396	22000.000	38000.000	0.5000
215	Spectrogram 1	1	1116.932664062	1116.937997396	22000.000	38000.000	0.5000
216	Waveform 1	1	1117.213330729	1117.250664062	22000.000	38000.000	0.1071
216	Spectrogram 1	1	1117.213330729	1117.250664062	22000.000	38000.000	0.1071
217	Waveform 1	1	1118.094664062	1118.106664062	22000.000	38000.000	0.1111
217	Spectrogram 1	1	1118.094664062	1118.106664062	22000.000	38000.000	0.1111
218	Waveform 1	1	1118.377330729	1118.413330729	22000.000	38000.000	0.1296
218	Spectrogram 1	1	1118.377330729	1118.413330729	22000.000	38000.000	0.1296
219	Waveform 1	1	1118.676664062	1118.687997396	22000.000	38000.000	0.1176
219	Spectrogram 1	1	1118.676664062	1118.687997396	22000.000	38000.000	0.1176
220	Waveform 1	1	1118.833997396	1118.853330729	22000.000	38000.000	0.1034
220	Spectrogram 1	1	1118.833997396	1118.853330729	22000.000	38000.000	0.1034
221	Waveform 1	1	1119.093330729	1119.105330729	22000.000	38000.000	0.2222
221	Spectrogram 1	1	1119.093330729	1119.105330729	22000.000	38000.000	0.2222
222	Waveform 1	1	1119.675997396	1119.695997396	22000.000	38000.000	0.2000
222	Spectrogram 1	1	1119.675997396	1119.695997396	22000.000	38000.000	0.2000
223	Waveform 1	1	1119.978664063	1119.986664063	22000.000	38000.000	0.1667
223	Spectrogram 1	1	1119.978664063	1119.986664063	22000.000	38000.000	0.1667
224	Waveform 1	1	1120.263330729	1120.285330729	22000.000	38000.000	0.1212
224	Spectrogram 1	1	1120.263330729	1120.285330729	22000.000	38000.000	0.1212
225	Waveform 1	1	1120.828664062	1120.867330729	22000.000	38000.000	0.1379
225	Spectrogram 1	1	1120.828664062	1120.867330729	22000.000	38000.000	0.1379
226	Waveform 1	1	1121.419330729	1121.433997396	22000.000	38000.000	0.2273
226	Spectrogram 1	1	1121.419330729	1121.433997396	22000.000	38000.000	0.2273
227	Waveform 1	1	1121.700664062	1121.702664062	22000.000	38000.000	0.6667
227	Spectrogram 1	1	1121.700664062	1121.702664062	22000.000	38000.000	0.6667
228	Waveform 1	1	1121.973997396	1121.995997396	22000.000	38000.000	0.1818
228	Spectrogram 1	1	1121.973997396	1121.995997396	22000.000	38000.000	0.1818
229	Waveform 1	1	1122.555997396	1122.577330729	22000.000	38000.000	0.3438
229	Spectrogram 1	1	1122.555997396	1122.577330729	22000.000	38000.000	0.3438
230	Waveform 1	1	1123.139330729	1123.164664062	22000.000	38000.000	0.1316
230	Spectrogram 1	1	1123.139330729	1123.164664062	22000.000	38000.000	0.1316
231	Waveform 1	1	1123.429997396	1123.433997396	22000.000	38000.000	0.3333
231	Spectrogram 1	1	1123.429997396	1123.433997396	22000.000	38000.000	0.3333
232	Waveform 1	1	1124.272664062	1124.299997396	22000.000	38000.000	0.1463
232	Spectrogram 1	1	1124.272664062	1124.299997396	22000.000	38000.000	0.1463
233	Waveform 1	1	1125.645997396	1125.651997396	22000.000	38000.000	0.2222
233	Spectrogram 1	1	1125.645997396	1125.651997396	22000.000	38000.000	0.2222
234	Waveform 1	1	1126.772664062	1126.783330729	22000.000	38000.000	0.5000
234	Spectrogram 1	1	1126.772664062	1126.783330729	22000.000	38000.000	0.5000
235	Waveform 1	1	1127.916664062	1127.932664062	22000.000	38000.000	0.2500
235	Spectrogram 1	1	1127.916664062	1127.932664062	22000.000	38000.000	0.2500
236	Waveform 1	1	1138.835997396	1138.841997396	22000.000	38000.000	0.2222
236	Spectrogram 1	1	1138.835997396	1138.841997396	22000.000	38000.000	0.2222
237	Waveform 1	1	1141.416664062	1141.425997396	22000.000	38000.000	0.2857
237	Spectrogram 1	1	1141.416664062	1141.425997396	22000.000	38000.000	0.2857
238	Waveform 1	1	1143.356664062	1143.370664062	22000.000	38000.000	0.0952
238	Spectrogram 1	1	1143.356664062	1143.370664062	22000.000	38000.000	0.0952
239	Waveform 1	1	1145.300664062	1145.301997396	22000.000	38000.000	1.0000
239	Spectrogram 1	1	1145.300664062	1145.301997396	22000.000	38000.000	1.0000
240	Waveform 1	1	1151.295330729	1151.299997396	22000.000	38000.000	0.2857
240	Spectrogram 1	1	1151.295330729	1151.299997396	22000.000	38000.000	0.2857
241	Waveform 1	1	1152.875330729	1152.888664062	22000.000	38000.000	0.2000
241	Spectrogram 1	1	1152.875330729	1152.888664062	22000.000	38000.000	0.2000
242	Waveform 1	1	1153.676664062	1153.682664062	22000.000	38000.000	0.3333
242	Spectrogram 1	1	1153.676664062	1153.682664062	22000.000	38000.000	0.3333
243	Waveform 1	1	1156.406664062	1156.411997396	22000.000	38000.000	0.2500
243	Spectrogram 1	1	1156.406664062	1156.411997396	22000.000	38000.000	0.2500
244	Waveform 1	1	1157.127330729	1157.139330729	22000.000	38000.000	0.2778
244	Spectrogram 1	1	1157.127330729	1157.139330729	22000.000	38000.000	0.2778
245	Waveform 1	1	1158.392664062	1158.401330729	22000.000	38000.000	0.1538
245	Spectrogram 1	1	1158.392664062	1158.401330729	22000.000	38000.000	0.1538
246	Waveform 1	1	1159.652664062	1159.654664062	22000.000	38000.000	0.6667
246	Spectrogram 1	1	1159.652664062	1159.654664062	22000.000	38000.000	0.6667
247	Waveform 1	1	1216.246664063	1216.259997396	22000.000	38000.000	0.2000
247	Spectrogram 1	1	1216.246664063	1216.259997396	22000.000	38000.000	0.2000
248	Waveform 1	1	1216.800664062	1216.803997396	22000.000	38000.000	0.4000
248	Spectrogram 1	1	1216.800664062	1216.803997396	22000.000	38000.000	0.4000
249	Waveform 1	1	1218.794664063	1218.807330729	22000.000	38000.000	0.2105
249	Spectrogram 1	1	1218.794664063	1218.807330729	22000.000	38000.000	0.2105
250	Waveform 1	1	1219.759997396	1219.769997396	22000.000	38000.000	0.1333
250	Spectrogram 1	1	1219.759997396	1219.769997396	22000.000	38000.000	0.1333
251	Waveform 1	1	1222.135997396	1222.139330729	22000.000	38000.000	0.4000
251	Spectrogram 1	1	1222.135997396	1222.139330729	22000.000	38000.000	0.4000
252	Waveform 1	1	1222.387997396	1222.403330729	22000.000	38000.000	0.1739
252	Spectrogram 1	1	1222.387997396	1222.403330729	22000.000	38000.000	0.1739
253	Waveform 1	1	1222.935997396	1222.953330729	22000.000	38000.000	0.1923
253	Spectrogram 1	1	1222.935997396	1222.953330729	22000.000	38000.000	0.1923
254	Waveform 1	1	1223.191330729	1223.210664062	22000.000	38000.000	0.1034
254	Spectrogram 1	1	1223.191330729	1223.210664062	22000.000	38000.000	0.1034
255	Waveform 1	1	1223.358664062	1223.367997396	22000.000	38000.000	0.3571
255	Spectrogram 1	1	1223.358664062	1223.367997396	22000.000	38000.000	0.3571
256	Waveform 1	1	1223.901997396	1223.905330729	22000.000	38000.000	0.6000
256	Spectrogram 1	1	1223.901997396	1223.905330729	22000.000	38000.000	0.6000
257	Waveform 1	1	1224.179997396	1224.181330729	22000.000	38000.000	1.0000
257	Spectrogram 1	1	1224.179997396	1224.181330729	22000.000	38000.000	1.0000
258	Waveform 1	1	1224.729330729	1224.730664062	22000.000	38000.000	1.0000
258	Spectrogram 1	1	1224.729330729	1224.730664062	22000.000	38000.000	1.0000
259	Waveform 1	1	1225.726664063	1225.765997396	22000.000	38000.000	0.1525
259	Spectrogram 1	1	1225.726664063	1225.765997396	22000.000	38000.000	0.1525
260	Waveform 1	1	1226.269997396	1226.271997396	22000.000	38000.000	0.6667
260	Spectrogram 1	1	1226.269997396	1226.271997396	22000.000	38000.000	0.6667
261	Waveform 1	1	1226.523997396	1226.533330729	22000.000	38000.000	0.2857
261	Spectrogram 1	1	1226.523997396	1226.533330729	22000.000	38000.000	0.2857
262	Waveform 1	1	1226.785997396	1226.796664062	22000.000	38000.000	0.1875
262	Spectrogram 1	1	1226.785997396	1226.796664062	22000.000	38000.000	0.1875
263	Waveform 1	1	1228.026664063	1228.051997396	22000.000	38000.000	0.0789
263	Spectrogram 1	1	1228.026664063	1228.051997396	22000.000	38000.000	0.0789
264	Waveform 1	1	1228.269997396	1228.273997396	22000.000	38000.000	0.3333
264	Spectrogram 1	1	1228.269997396	1228.273997396	22000.000	38000.000	0.3333
265	Waveform 1	1	1229.196664062	1229.218664063	22000.000	38000.000	0.1515
265	Spectrogram 1	1	1229.196664062	1229.218664063	22000.000	38000.000	0.1515
266	Waveform 1	1	1229.479997396	1229.495330729	22000.000	38000.000	0.2609
266	Spectrogram 1	1	1229.479997396	1229.495330729	22000.000	38000.000	0.2609
267	Waveform 1	1	1232.419997396	1232.425330729	22000.000	38000.000	0.2500
267	Spectrogram 1	1	1232.419997396	1232.425330729	22000.000	38000.000	0.2500
268	Waveform 1	1	1233.528664062	1233.544664063	22000.000	38000.000	0.0833
268	Spectrogram 1	1	1233.528664062	1233.544664063	22000.000	38000.000	0.0833
269	Waveform 1	1	1234.709330729	1234.721330729	22000.000	38000.000	0.1111
269	Spectrogram 1	1	1234.709330729	1234.721330729	22000.000	38000.000	0.1111
270	Waveform 1	1	1235.507997396	1235.518664062	22000.000	38000.000	0.3125
270	Spectrogram 1	1	1235.507997396	1235.518664062	22000.000	38000.000	0.3125
271	Waveform 1	1	1235.779330729	1235.784664063	22000.000	38000.000	0.3750
271	Spectrogram 1	1	1235.779330729	1235.784664063	22000.000	38000.000	0.3750
272	Waveform 1	1	1236.981997396	1236.994664062	22000.000	38000.000	0.1053
272	Spectrogram 1	1	1236.981997396	1236.994664062	22000.000	38000.000	0.1053
273	Waveform 1	1	1237.243997396	1237.245330729	22000.000	38000.000	1.0000
273	Spectrogram 1	1	1237.243997396	1237.245330729	22000.000	38000.000	1.0000
274	Waveform 1	1	1237.979330729	1237.990664062	22000.000	38000.000	0.1765
274	Spectrogram 1	1	1237.979330729	1237.990664062	22000.000	38000.000	0.1765
275	Waveform 1	1	1238.149330729	1238.183997396	22000.000	38000.000	0.0769
275	Spectrogram 1	1	1238.149330729	1238.183997396	22000.000	38000.000	0.0769
276	Waveform 1	1	1238.315330729	1238.333997396	22000.000	38000.000	0.1429
276	Spectrogram 1	1	1238.315330729	1238.333997396	22000.000	38000.000	0.1429
277	Waveform 1	1	1238.626664062	1238.636664062	22000.000	38000.000	0.2000
277	Spectrogram 1	1	1238.626664062	1238.636664062	22000.000	38000.000	0.2000
278	Waveform 1	1	1241.318664062	1241.330664062	22000.000	38000.000	0.2778
278	Spectrogram 1	1	1241.318664062	1241.330664062	22000.000	38000.000	0.2778
279	Waveform 1	1	1241.557997396	1241.572664062	22000.000	38000.000	0.1818
279	Spectrogram 1	1	1241.557997396	1241.572664062	22000.000	38000.000	0.1818
280	Waveform 1	1	1241.950664062	1241.959997396	22000.000	38000.000	0.2143
280	Spectrogram 1	1	1241.950664062	1241.959997396	22000.000	38000.000	0.2143
281	Waveform 1	1	1242.893330729	1242.905330729	22000.000	38000.000	0.1667
281	Spectrogram 1	1	1242.893330729	1242.905330729	22000.000	38000.000	0.1667
282	Waveform 1	1	1243.049330729	1243.066664062	22000.000	38000.000	0.1923
282	Spectrogram 1	1	1243.049330729	1243.066664062	22000.000	38000.000	0.1923
283	Waveform 1	1	1243.195997396	1243.198664063	22000.000	38000.000	0.5000
283	Spectrogram 1	1	1243.195997396	1243.198664063	22000.000	38000.000	0.5000
284	Waveform 1	1	1243.452664062	1243.460664062	22000.000	38000.000	0.1667
284	Spectrogram 1	1	1243.452664062	1243.460664062	22000.000	38000.000	0.1667
285	Waveform 1	1	1243.701997396	1243.716664062	22000.000	38000.000	0.1818
285	Spectrogram 1	1	1243.701997396	1243.716664062	22000.000	38000.000	0.1818
286	Waveform 1	1	1243.939997396	1243.955997396	22000.000	38000.000	0.1667
286	Spectrogram 1	1	1243.939997396	1243.955997396	22000.000	38000.000	0.1667
287	Waveform 1	1	1244.083997396	1244.098664062	22000.000	38000.000	0.4545
287	Spectrogram 1	1	1244.083997396	1244.098664062	22000.000	38000.000	0.4545
288	Waveform 1	1	1244.321330729	1244.333997396	22000.000	38000.000	0.3684
288	Spectrogram 1	1	1244.321330729	1244.333997396	22000.000	38000.000	0.3684
289	Waveform 1	1	1244.478664063	1244.510664062	22000.000	38000.000	0.1667
289	Spectrogram 1	1	1244.478664063	1244.510664062	22000.000	38000.000	0.1667
290	Waveform 1	1	1244.743330729	1244.755330729	22000.000	38000.000	0.2778
290	Spectrogram 1	1	1244.743330729	1244.755330729	22000.000	38000.000	0.2778
291	Waveform 1	1	1244.880664063	1244.900664063	22000.000	38000.000	0.1333
291	Spectrogram 1	1	1244.880664063	1244.900664063	22000.000	38000.000	0.1333
292	Waveform 1	1	1245.023330729	1245.041997396	22000.000	38000.000	0.2143
292	Spectrogram 1	1	1245.023330729	1245.041997396	22000.000	38000.000	0.2143
293	Waveform 1	1	1245.653997396	1245.662664062	22000.000	38000.000	0.3077
293	Spectrogram 1	1	1245.653997396	1245.662664062	22000.000	38000.000	0.3077
294	Waveform 1	1	1245.801997396	1245.813330729	22000.000	38000.000	0.1765
294	Spectrogram 1	1	1245.801997396	1245.813330729	22000.000	38000.000	0.1765
295	Waveform 1	1	1246.305997396	1246.327330729	22000.000	38000.000	0.2188
295	Spectrogram 1	1	1246.305997396	1246.327330729	22000.000	38000.000	0.2188
296	Waveform 1	1	1247.521330729	1247.523330729	22000.000	38000.000	0.6667
296	Spectrogram 1	1	1247.521330729	1247.523330729	22000.000	38000.000	0.6667
297	Waveform 1	1	1248.437330729	1248.441997396	22000.000	38000.000	0.2857
297	Spectrogram 1	1	1248.437330729	1248.441997396	22000.000	38000.000	0.2857
298	Waveform 1	1	1249.738664062	1249.756664063	22000.000	38000.000	0.1852
298	Spectrogram 1	1	1249.738664062	1249.756664063	22000.000	38000.000	0.1852
299	Waveform 1	1	1290.088664062	1290.089997396	22000.000	38000.000	1.0000
299	Spectrogram 1	1	1290.088664062	1290.089997396	22000.000	38000.000	1.0000
300	Waveform 1	1	1421.918664062	1421.930664062	22000.000	38000.000	0.1667
300	Spectrogram 1	1	1421.918664062	1421.930664062	22000.000	38000.000	0.1667
301	Waveform 1	1	1422.605330729	1422.615997396	22000.000	38000.000	0.4375
301	Spectrogram 1	1	1422.605330729	1422.615997396	22000.000	38000.000	0.4375
302	Waveform 1	1	1422.871997396	1422.883330729	22000.000	38000.000	0.4706
302	Spectrogram 1	1	1422.871997396	1422.883330729	22000.000	38000.000	0.4706
303	Waveform 1	1	1423.285997396	1423.303330729	22000.000	38000.000	0.1538
303	Spectrogram 1	1	1423.285997396	1423.303330729	22000.000	38000.000	0.1538
304	Waveform 1	1	1423.549997396	1423.569997396	22000.000	38000.000	0.1333
304	Spectrogram 1	1	1423.549997396	1423.569997396	22000.000	38000.000	0.1333
305	Waveform 1	1	1423.953997396	1423.981997396	22000.000	38000.000	0.0714
305	Spectrogram 1	1	1423.953997396	1423.981997396	22000.000	38000.000	0.0714
306	Waveform 1	1	1424.231997396	1424.247997396	22000.000	38000.000	0.2500
306	Spectrogram 1	1	1424.231997396	1424.247997396	22000.000	38000.000	0.2500
307	Waveform 1	1	1424.640664063	1424.663997396	22000.000	38000.000	0.2286
307	Spectrogram 1	1	1424.640664063	1424.663997396	22000.000	38000.000	0.2286
308	Waveform 1	1	1424.917997396	1424.948664063	22000.000	38000.000	0.2391
308	Spectrogram 1	1	1424.917997396	1424.948664063	22000.000	38000.000	0.2391
309	Waveform 1	1	1425.177997396	1425.211997396	22000.000	38000.000	0.1176
309	Spectrogram 1	1	1425.177997396	1425.211997396	22000.000	38000.000	0.1176
310	Waveform 1	1	1425.472664062	1425.491997396	22000.000	38000.000	0.2759
310	Spectrogram 1	1	1425.472664062	1425.491997396	22000.000	38000.000	0.2759
311	Waveform 1	1	1425.753330729	1425.772664062	22000.000	38000.000	0.3448
311	Spectrogram 1	1	1425.753330729	1425.772664062	22000.000	38000.000	0.3448
312	Waveform 1	1	1426.020664062	1426.050664062	22000.000	38000.000	0.2444
312	Spectrogram 1	1	1426.020664062	1426.050664062	22000.000	38000.000	0.2444
313	Waveform 1	1	1426.290664062	1426.323997396	22000.000	38000.000	0.2400
313	Spectrogram 1	1	1426.290664062	1426.323997396	22000.000	38000.000	0.2400
314	Waveform 1	1	1426.442664062	1426.465997396	22000.000	38000.000	0.2857
314	Spectrogram 1	1	1426.442664062	1426.465997396	22000.000	38000.000	0.2857
315	Waveform 1	1	1426.709330729	1426.731330729	22000.000	38000.000	0.2727
315	Spectrogram 1	1	1426.709330729	1426.731330729	22000.000	38000.000	0.2727
316	Waveform 1	1	1426.853330729	1426.868664062	22000.000	38000.000	0.2609
316	Spectrogram 1	1	1426.853330729	1426.868664062	22000.000	38000.000	0.2609
317	Waveform 1	1	1427.118664062	1427.150664063	22000.000	38000.000	0.2708
317	Spectrogram 1	1	1427.118664062	1427.150664063	22000.000	38000.000	0.2708
318	Waveform 1	1	1427.269330729	1427.292664062	22000.000	38000.000	0.2286
318	Spectrogram 1	1	1427.269330729	1427.292664062	22000.000	38000.000	0.2286
319	Waveform 1	1	1427.411997396	1427.429997396	22000.000	38000.000	0.4074
319	Spectrogram 1	1	1427.411997396	1427.429997396	22000.000	38000.000	0.4074
320	Waveform 1	1	1427.551997396	1427.578664062	22000.000	38000.000	0.2250
320	Spectrogram 1	1	1427.551997396	1427.578664062	22000.000	38000.000	0.2250
321	Waveform 1	1	1427.677330729	1427.705330729	22000.000	38000.000	0.2619
321	Spectrogram 1	1	1427.677330729	1427.705330729	22000.000	38000.000	0.2619
322	Waveform 1	1	1427.809330729	1427.841997396	22000.000	38000.000	0.3061
322	Spectrogram 1	1	1427.809330729	1427.841997396	22000.000	38000.000	0.3061
323	Waveform 1	1	1427.937997396	1427.981997396	22000.000	38000.000	0.1515
323	Spectrogram 1	1	1427.937997396	1427.981997396	22000.000	38000.000	0.1515
324	Waveform 1	1	1428.085997396	1428.123997396	22000.000	38000.000	0.2982
324	Spectrogram 1	1	1428.085997396	1428.123997396	22000.000	38000.000	0.2982
325	Waveform 1	1	1428.343330729	1428.400664063	22000.000	38000.000	0.1512
325	Spectrogram 1	1	1428.343330729	1428.400664063	22000.000	38000.000	0.1512
326	Waveform 1	1	1428.602664063	1428.661997396	22000.000	38000.000	0.1124
326	Spectrogram 1	1	1428.602664063	1428.661997396	22000.000	38000.000	0.1124
327	Waveform 1	1	1428.851330729	1428.907997396	22000.000	38000.000	0.2941
327	Spectrogram 1	1	1428.851330729	1428.907997396	22000.000	38000.000	0.2941
328	Waveform 1	1	1429.117330729	1429.137330729	22000.000	38000.000	0.4000
328	Spectrogram 1	1	1429.117330729	1429.137330729	22000.000	38000.000	0.4000
329	Waveform 1	1	1429.249330729	1429.281330729	22000.000	38000.000	0.1667
329	Spectrogram 1	1	1429.249330729	1429.281330729	22000.000	38000.000	0.1667
330	Waveform 1	1	1429.399997396	1429.414664062	22000.000	38000.000	0.3182
330	Spectrogram 1	1	1429.399997396	1429.414664062	22000.000	38000.000	0.3182
331	Waveform 1	1	1429.638664062	1429.677330729	22000.000	38000.000	0.2241
331	Spectrogram 1	1	1429.638664062	1429.677330729	22000.000	38000.000	0.2241
332	Waveform 1	1	1430.014664062	1430.043330729	22000.000	38000.000	0.1860
332	Spectrogram 1	1	1430.014664062	1430.043330729	22000.000	38000.000	0.1860
333	Waveform 1	1	1430.435997396	1430.465997396	22000.000	38000.000	0.3556
333	Spectrogram 1	1	1430.435997396	1430.465997396	22000.000	38000.000	0.3556
334	Waveform 1	1	1430.855997396	1430.882664062	22000.000	38000.000	0.1250
334	Spectrogram 1	1	1430.855997396	1430.882664062	22000.000	38000.000	0.1250
335	Waveform 1	1	1431.286664062	1431.299997396	22000.000	38000.000	0.1500
335	Spectrogram 1	1	1431.286664062	1431.299997396	22000.000	38000.000	0.1500
336	Waveform 1	1	1509.380664063	1509.391997396	22000.000	38000.000	0.1765
336	Spectrogram 1	1	1509.380664063	1509.391997396	22000.000	38000.000	0.1765
337	Waveform 1	1	1509.902664062	1509.911997396	22000.000	38000.000	0.3571
337	Spectrogram 1	1	1509.902664062	1509.911997396	22000.000	38000.000	0.3571
338	Waveform 1	1	1510.685330729	1510.694664062	22000.000	38000.000	0.3571
338	Spectrogram 1	1	1510.685330729	1510.694664062	22000.000	38000.000	0.3571
339	Waveform 1	1	1511.465330729	1511.473330729	22000.000	38000.000	0.3333
339	Spectrogram 1	1	1511.465330729	1511.473330729	22000.000	38000.000	0.3333
340	Waveform 1	1	1512.383330729	1512.388664062	22000.000	38000.000	0.2500
340	Spectrogram 1	1	1512.383330729	1512.388664062	22000.000	38000.000	0.2500
341	Waveform 1	1	1513.030664062	1513.043997396	22000.000	38000.000	0.2500
341	Spectrogram 1	1	1513.030664062	1513.043997396	22000.000	38000.000	0.2500
342	Waveform 1	1	1513.685997396	1513.694664062	22000.000	38000.000	0.1538
342	Spectrogram 1	1	1513.685997396	1513.694664062	22000.000	38000.000	0.1538
343	Waveform 1	1	1514.593997396	1514.610664062	22000.000	38000.000	0.1600
343	Spectrogram 1	1	1514.593997396	1514.610664062	22000.000	38000.000	0.1600
344	Waveform 1	1	1515.503330729	1515.517330729	22000.000	38000.000	0.0952
344	Spectrogram 1	1	1515.503330729	1515.517330729	22000.000	38000.000	0.0952
345	Waveform 1	1	1516.575330729	1516.590664062	22000.000	38000.000	0.1739
345	Spectrogram 1	1	1516.575330729	1516.590664062	22000.000	38000.000	0.1739
346	Waveform 1	1	1535.161997396	1535.165330729	22000.000	38000.000	0.4000
346	Spectrogram 1	1	1535.161997396	1535.165330729	22000.000	38000.000	0.4000
347	Waveform 1	1	1538.043997396	1538.055330729	22000.000	38000.000	0.1176
347	Spectrogram 1	1	1538.043997396	1538.055330729	22000.000	38000.000	0.1176
348	Waveform 1	1	1539.154664062	1539.156664062	22000.000	38000.000	0.6667
348	Spectrogram 1	1	1539.154664062	1539.156664062	22000.000	38000.000	0.6667
349	Waveform 1	1	1564.596664062	1564.599330729	22000.000	38000.000	1.0000
349	Spectrogram 1	1	1564.596664062	1564.599330729	22000.000	38000.000	1.0000
350	Waveform 1	1	1564.765330729	1564.771330729	22000.000	38000.000	0.4444
350	Spectrogram 1	1	1564.765330729	1564.771330729	22000.000	38000.000	0.4444
351	Waveform 1	1	1564.981330729	1564.993330729	22000.000	38000.000	0.3333
351	Spectrogram 1	1	1564.981330729	1564.993330729	22000.000	38000.000	0.3333
352	Waveform 1	1	1565.171997396	1565.195997396	22000.000	38000.000	0.3333
352	Spectrogram 1	1	1565.171997396	1565.195997396	22000.000	38000.000	0.3333
353	Waveform 1	1	1565.925997396	1565.951330729	22000.000	38000.000	0.1579
353	Spectrogram 1	1	1565.925997396	1565.951330729	22000.000	38000.000	0.1579
354	Waveform 1	1	1568.763997396	1568.771330729	22000.000	38000.000	0.3636
354	Spectrogram 1	1	1568.763997396	1568.771330729	22000.000	38000.000	0.3636
355	Waveform 1	1	1569.824664063	1569.829330729	22000.000	38000.000	0.8571
355	Spectrogram 1	1	1569.824664063	1569.829330729	22000.000	38000.000	0.8571
356	Waveform 1	1	1570.392664062	1570.393997396	22000.000	38000.000	1.0000
356	Spectrogram 1	1	1570.392664062	1570.393997396	22000.000	38000.000	1.0000
357	Waveform 1	1	1572.262664062	1572.267997396	22000.000	38000.000	0.2500
357	Spectrogram 1	1	1572.262664062	1572.267997396	22000.000	38000.000	0.2500
358	Waveform 1	1	1572.825997396	1572.836664062	22000.000	38000.000	0.1875
358	Spectrogram 1	1	1572.825997396	1572.836664062	22000.000	38000.000	0.1875
359	Waveform 1	1	1573.391997396	1573.406664062	22000.000	38000.000	0.2273
359	Spectrogram 1	1	1573.391997396	1573.406664062	22000.000	38000.000	0.2273
360	Waveform 1	1	1594.260664062	1594.261997396	22000.000	38000.000	1.0000
360	Spectrogram 1	1	1594.260664062	1594.261997396	22000.000	38000.000	1.0000
361	Waveform 1	1	1594.549330729	1594.550664062	22000.000	38000.000	1.0000
361	Spectrogram 1	1	1594.549330729	1594.550664062	22000.000	38000.000	1.0000
362	Waveform 1	1	1595.725997396	1595.731330729	22000.000	38000.000	0.3750
362	Spectrogram 1	1	1595.725997396	1595.731330729	22000.000	38000.000	0.3750
363	Waveform 1	1	1596.585330729	1596.589997396	22000.000	38000.000	0.5714
363	Spectrogram 1	1	1596.585330729	1596.589997396	22000.000	38000.000	0.5714
364	Waveform 1	1	1597.473330729	1597.484664062	22000.000	38000.000	0.1176
364	Spectrogram 1	1	1597.473330729	1597.484664062	22000.000	38000.000	0.1176
365	Waveform 1	1	1598.221330729	1598.235997396	22000.000	38000.000	0.0909
365	Spectrogram 1	1	1598.221330729	1598.235997396	22000.000	38000.000	0.0909
366	Waveform 1	1	1599.413997396	1599.428664063	22000.000	38000.000	0.2727
366	Spectrogram 1	1	1599.413997396	1599.428664063	22000.000	38000.000	0.2727
367	Waveform 1	1	1599.713330729	1599.721330729	22000.000	38000.000	0.4167
367	Spectrogram 1	1	1599.713330729	1599.721330729	22000.000	38000.000	0.4167
368	Waveform 1	1	1600.479330729	1600.505330729	22000.000	38000.000	0.1795
368	Spectrogram 1	1	1600.479330729	1600.505330729	22000.000	38000.000	0.1795
369	Waveform 1	1	1600.783997396	1600.787997396	22000.000	38000.000	0.6667
369	Spectrogram 1	1	1600.783997396	1600.787997396	22000.000	38000.000	0.6667
370	Waveform 1	1	1601.089997396	1601.105997396	22000.000	38000.000	0.2917
370	Spectrogram 1	1	1601.089997396	1601.105997396	22000.000	38000.000	0.2917
371	Waveform 1	1	1601.710664062	1601.717330729	22000.000	38000.000	0.3000
371	Spectrogram 1	1	1601.710664062	1601.717330729	22000.000	38000.000	0.3000
372	Waveform 1	1	1602.300664062	1602.303997396	22000.000	38000.000	0.4000
372	Spectrogram 1	1	1602.300664062	1602.303997396	22000.000	38000.000	0.4000
373	Waveform 1	1	1603.642664062	1603.651997396	22000.000	38000.000	0.2857
373	Spectrogram 1	1	1603.642664062	1603.651997396	22000.000	38000.000	0.2857
374	Waveform 1	1	1647.248664062	1647.255997396	22000.000	38000.000	0.2727
374	Spectrogram 1	1	1647.248664062	1647.255997396	22000.000	38000.000	0.2727
375	Waveform 1	1	1652.763330729	1652.787330729	22000.000	38000.000	0.2222
375	Spectrogram 1	1	1652.763330729	1652.787330729	22000.000	38000.000	0.2222
376	Waveform 1	1	1653.535330729	1653.547330729	22000.000	38000.000	0.2778
376	Spectrogram 1	1	1653.535330729	1653.547330729	22000.000	38000.000	0.2778
377	Waveform 1	1	1654.131330729	1654.141997396	22000.000	38000.000	0.2500
377	Spectrogram 1	1	1654.131330729	1654.141997396	22000.000	38000.000	0.2500
378	Waveform 1	1	1655.323330729	1655.343997396	22000.000	38000.000	0.1935
378	Spectrogram 1	1	1655.323330729	1655.343997396	22000.000	38000.000	0.1935
379	Waveform 1	1	1656.487330729	1656.514664062	22000.000	38000.000	0.0732
379	Spectrogram 1	1	1656.487330729	1656.514664062	22000.000	38000.000	0.0732
