Selection	View	Channel	Begin Time (s)	End Time (s)	Low Freq (Hz)	High Freq (Hz)	Occupancy
1	Waveform 1	1	246.079997396	246.086664063	38000.000	81000.000	0.4000
1	Spectrogram 1	1	246.079997396	246.086664063	38000.000	81000.000	0.4000
2	Waveform 1	1	246.181997396	246.189330729	38000.000	81000.000	0.4545
2	Spectrogram 1	1	246.181997396	246.189330729	38000.000	81000.000	0.4545
3	Waveform 1	1	246.291330729	246.298664062	38000.000	81000.000	0.6364
3	Spectrogram 1	1	246.291330729	246.298664062	38000.000	81000.000	0.6364
4	Waveform 1	1	246.495330729	246.497997396	38000.000	81000.000	0.7500
4	Spectrogram 1	1	246.495330729	246.497997396	38000.000	81000.000	0.7500
5	Waveform 1	1	246.595997396	246.602664062	38000.000	81000.000	0.6000
5	Spectrogram 1	1	246.595997396	246.602664062	38000.000	81000.000	0.6000
6	Waveform 1	1	246.803330729	246.805997396	38000.000	81000.000	1.0000
6	Spectrogram 1	1	246.803330729	246.805997396	38000.000	81000.000	1.0000
7	Waveform 1	1	246.911330729	246.919997396	38000.000	81000.000	0.3077
7	Spectrogram 1	1	246.911330729	246.919997396	38000.000	81000.000	0.3077
8	Waveform 1	1	246.989997396	246.991330729	38000.000	81000.000	1.0000
8	Spectrogram 1	1	246.989997396	246.991330729	38000.000	81000.000	1.0000
9	Waveform 1	1	247.564664062	247.569997396	38000.000	81000.000	0.5000
9	Spectrogram 1	1	247.564664062	247.569997396	38000.000	81000.000	0.5000
10	Waveform 1	1	247.733997396	247.737997396	38000.000	81000.000	0.8333
10	Spectrogram 1	1	247.733997396	247.737997396	38000.000	81000.000	0.8333
11	Waveform 1	1	248.007330729	248.010664062	38000.000	81000.000	0.8000
11	Spectrogram 1	1	248.007330729	248.010664062	38000.000	81000.000	0.8000
12	Waveform 1	1	248.113997396	248.117330729	38000.000	81000.000	1.0000
12	Spectrogram 1	1	248.113997396	248.117330729	38000.000	81000.000	1.0000
13	Waveform 1	1	248.309997396	248.314664062	38000.000	81000.000	0.7143
13	Spectrogram 1	1	248.309997396	248.314664062	38000.000	81000.000	0.7143
14	Waveform 1	1	248.423997396	248.425997396	38000.000	81000.000	1.0000
14	Spectrogram 1	1	248.423997396	248.425997396	38000.000	81000.000	1.0000
15	Waveform 1	1	248.527997396	248.530664062	38000.000	81000.000	1.0000
15	Spectrogram 1	1	248.527997396	248.530664062	38000.000	81000.000	1.0000
16	Waveform 1	1	248.624664062	248.627997396	38000.000	81000.000	1.0000
16	Spectrogram 1	1	248.624664062	248.627997396	38000.000	81000.000	1.0000
17	Waveform 1	1	248.701997396	248.710664063	38000.000	81000.000	0.5385
17	Spectrogram 1	1	248.701997396	248.710664063	38000.000	81000.000	0.5385
18	Waveform 1	1	249.111997396	249.114664062	38000.000	81000.000	0.5000
18	Spectrogram 1	1	249.111997396	249.114664062	38000.000	81000.000	0.5000
19	Waveform 1	1	249.255330729	249.280664062	38000.000	81000.000	0.2632
19	Spectrogram 1	1	249.255330729	249.280664062	38000.000	81000.000	0.2632
20	Waveform 1	1	249.353997396	249.364664062	38000.000	81000.000	0.4375
20	Spectrogram 1	1	249.353997396	249.364664062	38000.000	81000.000	0.4375
21	Waveform 1	1	249.453330729	249.463330729	38000.000	81000.000	0.4667
21	Spectrogram 1	1	249.453330729	249.463330729	38000.000	81000.000	0.4667
22	Waveform 1	1	249.549997396	249.553997396	38000.000	81000.000	1.0000
22	Spectrogram 1	1	249.549997396	249.553997396	38000.000	81000.000	1.0000
23	Waveform 1	1	249.652664062	249.663330729	38000.000	81000.000	0.3750
23	Spectrogram 1	1	249.652664062	249.663330729	38000.000	81000.000	0.3750
24	Waveform 1	1	249.752664063	249.756664062	38000.000	81000.000	1.0000
24	Spectrogram 1	1	249.752664063	249.756664062	38000.000	81000.000	1.0000
25	Waveform 1	1	249.860664063	249.869330729	38000.000	81000.000	0.2308
25	Spectrogram 1	1	249.860664063	249.869330729	38000.000	81000.000	0.2308
26	Waveform 1	1	250.045330729	250.048664062	38000.000	81000.000	1.0000
26	Spectrogram 1	1	250.045330729	250.048664062	38000.000	81000.000	1.0000
27	Waveform 1	1	250.163330729	250.165330729	38000.000	81000.000	1.0000
27	Spectrogram 1	1	250.163330729	250.165330729	38000.000	81000.000	1.0000
28	Waveform 1	1	250.273997396	250.276664063	38000.000	81000.000	0.7500
28	Spectrogram 1	1	250.273997396	250.276664063	38000.000	81000.000	0.7500
29	Waveform 1	1	250.489330729	250.497997396	38000.000	81000.000	0.3846
29	Spectrogram 1	1	250.489330729	250.497997396	38000.000	81000.000	0.3846
30	Waveform 1	1	250.809330729	250.811997396	38000.000	81000.000	1.0000
30	Spectrogram 1	1	250.809330729	250.811997396	38000.000	81000.000	1.0000
31	Waveform 1	1	250.933330729	250.935330729	38000.000	81000.000	1.0000
31	Spectrogram 1	1	250.933330729	250.935330729	38000.000	81000.000	1.0000
32	Waveform 1	1	251.137997396	251.146664062	38000.000	81000.000	0.3846
32	Spectrogram 1	1	251.137997396	251.146664062	38000.000	81000.000	0.3846
33	Waveform 1	1	251.264664063	251.265997396	38000.000	81000.000	1.0000
33	Spectrogram 1	1	251.264664063	251.265997396	38000.000	81000.000	1.0000
34	Waveform 1	1	251.473997396	251.475330729	38000.000	81000.000	1.0000
34	Spectrogram 1	1	251.473997396	251.475330729	38000.000	81000.000	1.0000
35	Waveform 1	1	252.254664062	252.256664062	38000.000	81000.000	0.6667
35	Spectrogram 1	1	252.254664062	252.256664062	38000.000	81000.000	0.6667
36	Waveform 1	1	252.945997396	252.949330729	38000.000	81000.000	0.8000
36	Spectrogram 1	1	252.945997396	252.949330729	38000.000	81000.000	0.8000
37	Waveform 1	1	253.063330729	253.064664062	38000.000	81000.000	1.0000
37	Spectrogram 1	1	253.063330729	253.064664062	38000.000	81000.000	1.0000
38	Waveform 1	1	253.466664063	253.467997396	38000.000	81000.000	1.0000
38	Spectrogram 1	1	253.466664063	253.467997396	38000.000	81000.000	1.0000
39	Waveform 1	1	253.859330729	253.863330729	38000.000	81000.000	0.5000
39	Spectrogram 1	1	253.859330729	253.863330729	38000.000	81000.000	0.5000
40	Waveform 1	1	254.051330729	254.053330729	38000.000	81000.000	1.0000
40	Spectrogram 1	1	254.051330729	254.053330729	38000.000	81000.000	1.0000
41	Waveform 1	1	254.237997396	254.241330729	38000.000	81000.000	1.0000
41	Spectrogram 1	1	254.237997396	254.241330729	38000.000	81000.000	1.0000
42	Waveform 1	1	254.340664062	254.359330729	38000.000	81000.000	0.2143
42	Spectrogram 1	1	254.340664062	254.359330729	38000.000	81000.000	0.2143
43	Waveform 1	1	254.521997396	254.527330729	38000.000	81000.000	0.7500
43	Spectrogram 1	1	254.521997396	254.527330729	38000.000	81000.000	0.7500
44	Waveform 1	1	254.625330729	254.641330729	38000.000	81000.000	0.2917
44	Spectrogram 1	1	254.625330729	254.641330729	38000.000	81000.000	0.2917
45	Waveform 1	1	254.907997396	254.927330729	38000.000	81000.000	0.2414
45	Spectrogram 1	1	254.907997396	254.927330729	38000.000	81000.000	0.2414
46	Waveform 1	1	255.091330729	255.093997396	38000.000	81000.000	1.0000
46	Spectrogram 1	1	255.091330729	255.093997396	38000.000	81000.000	1.0000
47	Waveform 1	1	255.283997396	255.298664062	38000.000	81000.000	0.2727
47	Spectrogram 1	1	255.283997396	255.298664062	38000.000	81000.000	0.2727
48	Waveform 1	1	255.384664062	255.387330729	38000.000	81000.000	0.7500
48	Spectrogram 1	1	255.384664062	255.387330729	38000.000	81000.000	0.7500
49	Waveform 1	1	255.483330729	255.497997396	38000.000	81000.000	0.2273
49	Spectrogram 1	1	255.483330729	255.497997396	38000.000	81000.000	0.2273
50	Waveform 1	1	255.665330729	255.669330729	38000.000	81000.000	1.0000
50	Spectrogram 1	1	255.665330729	255.669330729	38000.000	81000.000	1.0000
51	Waveform 1	1	255.767330729	255.768664062	38000.000	81000.000	1.0000
51	Spectrogram 1	1	255.767330729	255.768664062	38000.000	81000.000	1.0000
52	Waveform 1	1	255.946664062	255.947997396	38000.000	81000.000	1.0000
52	Spectrogram 1	1	255.946664062	255.947997396	38000.000	81000.000	1.0000
53	Waveform 1	1	256.046664062	256.049330729	38000.000	81000.000	1.0000
53	Spectrogram 1	1	256.046664062	256.049330729	38000.000	81000.000	1.0000
54	Waveform 1	1	256.223330729	256.225330729	38000.000	81000.000	1.0000
54	Spectrogram 1	1	256.223330729	256.225330729	38000.000	81000.000	1.0000
55	Waveform 1	1	256.498664062	256.523330729	38000.000	81000.000	0.2162
55	Spectrogram 1	1	256.498664062	256.523330729	38000.000	81000.000	0.2162
56	Waveform 1	1	256.601330729	256.609997396	38000.000	81000.000	0.2308
56	Spectrogram 1	1	256.601330729	256.609997396	38000.000	81000.000	0.2308
57	Waveform 1	1	256.785997396	256.798664062	38000.000	81000.000	0.4211
57	Spectrogram 1	1	256.785997396	256.798664062	38000.000	81000.000	0.4211
58	Waveform 1	1	257.365997396	257.373997396	38000.000	81000.000	0.2500
58	Spectrogram 1	1	257.365997396	257.373997396	38000.000	81000.000	0.2500
59	Waveform 1	1	257.430664062	257.439330729	38000.000	81000.000	0.4615
59	Spectrogram 1	1	257.430664062	257.439330729	38000.000	81000.000	0.4615
60	Waveform 1	1	257.485330729	257.493997396	38000.000	81000.000	0.4615
60	Spectrogram 1	1	257.485330729	257.493997396	38000.000	81000.000	0.4615
61	Waveform 1	1	257.631997396	257.639330729	38000.000	81000.000	0.2727
61	Spectrogram 1	1	257.631997396	257.639330729	38000.000	81000.000	0.2727
62	Waveform 1	1	257.719997396	257.731330729	38000.000	81000.000	0.2941
62	Spectrogram 1	1	257.719997396	257.731330729	38000.000	81000.000	0.2941
63	Waveform 1	1	257.883330729	257.889330729	38000.000	81000.000	0.5556
63	Spectrogram 1	1	257.883330729	257.889330729	38000.000	81000.000	0.5556
64	Waveform 1	1	257.940664062	257.948664062	38000.000	81000.000	0.4167
64	Spectrogram 1	1	257.940664062	257.948664062	38000.000	81000.000	0.4167
65	Waveform 1	1	258.012664062	258.022664062	38000.000	81000.000	0.4667
65	Spectrogram 1	1	258.012664062	258.022664062	38000.000	81000.000	0.4667
66	Waveform 1	1	258.081997396	258.091997396	38000.000	81000.000	0.7333
66	Spectrogram 1	1	258.081997396	258.091997396	38000.000	81000.000	0.7333
67	Waveform 1	1	258.298664062	258.311330729	38000.000	81000.000	0.2632
67	Spectrogram 1	1	258.298664062	258.311330729	38000.000	81000.000	0.2632
68	Waveform 1	1	258.367330729	258.375330729	38000.000	81000.000	0.5000
68	Spectrogram 1	1	258.367330729	258.375330729	38000.000	81000.000	0.5000
69	Waveform 1	1	258.430664062	258.439997396	38000.000	81000.000	0.5000
69	Spectrogram 1	1	258.430664062	258.439997396	38000.000	81000.000	0.5000
70	Waveform 1	1	258.510664062	258.521330729	38000.000	81000.000	0.8125
70	Spectrogram 1	1	258.510664062	258.521330729	38000.000	81000.000	0.8125
71	Waveform 1	1	258.578664062	258.587997396	38000.000	81000.000	0.5714
71	Spectrogram 1	1	258.578664062	258.587997396	38000.000	81000.000	0.5714
72	Waveform 1	1	258.648664063	258.657997396	38000.000	81000.000	0.5714
72	Spectrogram 1	1	258.648664063	258.657997396	38000.000	81000.000	0.5714
73	Waveform 1	1	258.704664063	258.713997396	38000.000	81000.000	0.4286
73	Spectrogram 1	1	258.704664063	258.713997396	38000.000	81000.000	0.4286
74	Waveform 1	1	259.152664062	259.171997396	38000.000	81000.000	0.5517
74	Spectrogram 1	1	259.152664062	259.171997396	38000.000	81000.000	0.5517
75	Waveform 1	1	259.265997396	259.287330729	38000.000	81000.000	0.2812
75	Spectrogram 1	1	259.265997396	259.287330729	38000.000	81000.000	0.2812
76	Waveform 1	1	259.380664062	259.396664063	38000.000	81000.000	0.5000
76	Spectrogram 1	1	259.380664062	259.396664063	38000.000	81000.000	0.5000
77	Waveform 1	1	259.489997396	259.503330729	38000.000	81000.000	0.2500
77	Spectrogram 1	1	259.489997396	259.503330729	38000.000	81000.000	0.2500
78	Waveform 1	1	259.577997396	259.586664063	38000.000	81000.000	0.4615
78	Spectrogram 1	1	259.577997396	259.586664063	38000.000	81000.000	0.4615
79	Waveform 1	1	259.657330729	259.666664062	38000.000	81000.000	0.2857
79	Spectrogram 1	1	259.657330729	259.666664062	38000.000	81000.000	0.2857
80	Waveform 1	1	259.777330729	259.790664063	38000.000	81000.000	0.4500
80	Spectrogram 1	1	259.777330729	259.790664063	38000.000	81000.000	0.4500
81	Waveform 1	1	259.892664062	259.901997396	38000.000	81000.000	0.2857
81	Spectrogram 1	1	259.892664062	259.901997396	38000.000	81000.000	0.2857
82	Waveform 1	1	260.402664062	260.404664062	38000.000	81000.000	1.0000
82	Spectrogram 1	1	260.402664062	260.404664062	38000.000	81000.000	1.0000
83	Waveform 1	1	261.151997396	261.157330729	38000.000	81000.000	0.2500
83	Spectrogram 1	1	261.151997396	261.157330729	38000.000	81000.000	0.2500
84	Waveform 1	1	767.351330729	767.355330729	38000.000	81000.000	0.3333
84	Spectrogram 1	1	767.351330729	767.355330729	38000.000	81000.000	0.3333
85	Waveform 1	1	767.443330729	767.447997396	38000.000	81000.000	0.5714
85	Spectrogram 1	1	767.443330729	767.447997396	38000.000	81000.000	0.5714
86	Waveform 1	1	767.527997396	767.532664063	38000.000	81000.000	0.4286
86	Spectrogram 1	1	767.527997396	767.532664063	38000.000	81000.000	0.4286
87	Waveform 1	1	767.615997396	767.633330729	38000.000	81000.000	0.7308
87	Spectrogram 1	1	767.615997396	767.633330729	38000.000	81000.000	0.7308
88	Waveform 1	1	767.707330729	767.723330729	38000.000	81000.000	0.6667
88	Spectrogram 1	1	767.707330729	767.723330729	38000.000	81000.000	0.6667
89	Waveform 1	1	767.797330729	767.809330729	38000.000	81000.000	0.6111
89	Spectrogram 1	1	767.797330729	767.809330729	38000.000	81000.000	0.6111
90	Waveform 1	1	767.889330729	767.907330729	38000.000	81000.000	0.8148
90	Spectrogram 1	1	767.889330729	767.907330729	38000.000	81000.000	0.8148
91	Waveform 1	1	767.980664063	767.988664063	38000.000	81000.000	0.8333
91	Spectrogram 1	1	767.980664063	767.988664063	38000.000	81000.000	0.8333
92	Waveform 1	1	768.065997396	768.080664063	38000.000	81000.000	0.5909
92	Spectrogram 1	1	768.065997396	768.080664063	38000.000	81000.000	0.5909
93	Waveform 1	1	768.161997396	768.171997396	38000.000	81000.000	0.6000
93	Spectrogram 1	1	768.161997396	768.171997396	38000.000	81000.000	0.6000
94	Waveform 1	1	768.252664063	768.271997396	38000.000	81000.000	0.7241
94	Spectrogram 1	1	768.252664063	768.271997396	38000.000	81000.000	0.7241
95	Waveform 1	1	768.343330729	768.358664062	38000.000	81000.000	0.7391
95	Spectrogram 1	1	768.343330729	768.358664062	38000.000	81000.000	0.7391
96	Waveform 1	1	768.438664063	768.457330729	38000.000	81000.000	0.7500
96	Spectrogram 1	1	768.438664063	768.457330729	38000.000	81000.000	0.7500
97	Waveform 1	1	768.527330729	768.546664063	38000.000	81000.000	0.7241
97	Spectrogram 1	1	768.527330729	768.546664063	38000.000	81000.000	0.7241
98	Waveform 1	1	768.617330729	768.642664063	38000.000	81000.000	0.4737
98	Spectrogram 1	1	768.617330729	768.642664063	38000.000	81000.000	0.4737
99	Waveform 1	1	768.709997396	768.720664063	38000.000	81000.000	0.6250
99	Spectrogram 1	1	768.709997396	768.720664063	38000.000	81000.000	0.6250
100	Waveform 1	1	768.795330729	768.819330729	38000.000	81000.000	0.7222
100	Spectrogram 1	1	768.795330729	768.819330729	38000.000	81000.000	0.7222
101	Waveform 1	1	768.885330729	768.901997396	38000.000	81000.000	0.8000
101	Spectrogram 1	1	768.885330729	768.901997396	38000.000	81000.000	0.8000
102	Waveform 1	1	768.971330729	768.994664063	38000.000	81000.000	0.6286
102	Spectrogram 1	1	768.971330729	768.994664063	38000.000	81000.000	0.6286
103	Waveform 1	1	769.048664063	769.059330729	38000.000	81000.000	0.6875
103	Spectrogram 1	1	769.048664063	769.059330729	38000.000	81000.000	0.6875
104	Waveform 1	1	769.101330729	769.113997396	38000.000	81000.000	0.6316
104	Spectrogram 1	1	769.101330729	769.113997396	38000.000	81000.000	0.6316
105	Waveform 1	1	769.235997396	769.247997396	38000.000	81000.000	0.8333
105	Spectrogram 1	1	769.235997396	769.247997396	38000.000	81000.000	0.8333
106	Waveform 1	1	769.315997396	769.340664063	38000.000	81000.000	0.6757
106	Spectrogram 1	1	769.315997396	769.340664063	38000.000	81000.000	0.6757
107	Waveform 1	1	769.394664063	769.406664062	38000.000	81000.000	0.6111
107	Spectrogram 1	1	769.394664063	769.406664062	38000.000	81000.000	0.6111
108	Waveform 1	1	769.493997396	769.513997396	38000.000	81000.000	0.6667
108	Spectrogram 1	1	769.493997396	769.513997396	38000.000	81000.000	0.6667
109	Waveform 1	1	769.627997396	769.639330729	38000.000	81000.000	0.8235
109	Spectrogram 1	1	769.627997396	769.639330729	38000.000	81000.000	0.8235
110	Waveform 1	1	769.782664063	769.791330729	38000.000	81000.000	0.6923
110	Spectrogram 1	1	769.782664063	769.791330729	38000.000	81000.000	0.6923
111	Waveform 1	1	769.963330729	769.969997396	38000.000	81000.000	0.7000
111	Spectrogram 1	1	769.963330729	769.969997396	38000.000	81000.000	0.7000
112	Waveform 1	1	770.217330729	770.229330729	38000.000	81000.000	0.5000
112	Spectrogram 1	1	770.217330729	770.229330729	38000.000	81000.000	0.5000
113	Waveform 1	1	793.353997396	793.357997396	38000.000	81000.000	0.3333
113	Spectrogram 1	1	793.353997396	793.357997396	38000.000	81000.000	0.3333
114	Waveform 1	1	794.753330729	794.761330729	38000.000	81000.000	0.4167
114	Spectrogram 1	1	794.753330729	794.761330729	38000.000	81000.000	0.4167
115	Waveform 1	1	794.839997396	794.848664063	38000.000	81000.000	0.3077
115	Spectrogram 1	1	794.839997396	794.848664063	38000.000	81000.000	0.3077
116	Waveform 1	1	794.933330729	794.935997396	38000.000	81000.000	0.5000
116	Spectrogram 1	1	794.933330729	794.935997396	38000.000	81000.000	0.5000
117	Waveform 1	1	795.024664063	795.029997396	38000.000	81000.000	0.3750
117	Spectrogram 1	1	795.024664063	795.029997396	38000.000	81000.000	0.3750
118	Waveform 1	1	795.094664063	795.095997396	38000.000	81000.000	1.0000
118	Spectrogram 1	1	795.094664063	795.095997396	38000.000	81000.000	1.0000
119	Waveform 1	1	795.152664063	795.162664063	38000.000	81000.000	0.6667
119	Spectrogram 1	1	795.152664063	795.162664063	38000.000	81000.000	0.6667
120	Waveform 1	1	795.211997396	795.213330729	38000.000	81000.000	1.0000
120	Spectrogram 1	1	795.211997396	795.213330729	38000.000	81000.000	1.0000
121	Waveform 1	1	795.268664063	795.275330729	38000.000	81000.000	0.2000
121	Spectrogram 1	1	795.268664063	795.275330729	38000.000	81000.000	0.2000
122	Waveform 1	1	795.332664063	795.337997396	38000.000	81000.000	0.2500
122	Spectrogram 1	1	795.332664063	795.337997396	38000.000	81000.000	0.2500
123	Waveform 1	1	795.399330729	795.408664063	38000.000	81000.000	0.4286
123	Spectrogram 1	1	795.399330729	795.408664063	38000.000	81000.000	0.4286
124	Waveform 1	1	795.461997396	795.467330729	38000.000	81000.000	0.5000
124	Spectrogram 1	1	795.461997396	795.467330729	38000.000	81000.000	0.5000
125	Waveform 1	1	795.523997396	795.535330729	38000.000	81000.000	0.4706
125	Spectrogram 1	1	795.523997396	795.535330729	38000.000	81000.000	0.4706
126	Waveform 1	1	797.035330729	797.037997396	38000.000	81000.000	0.7500
126	Spectrogram 1	1	797.035330729	797.037997396	38000.000	81000.000	0.7500
127	Waveform 1	1	797.215330729	797.218664063	38000.000	81000.000	0.6000
127	Spectrogram 1	1	797.215330729	797.218664063	38000.000	81000.000	0.6000
128	Waveform 1	1	797.401330729	797.403330729	38000.000	81000.000	1.0000
128	Spectrogram 1	1	797.401330729	797.403330729	38000.000	81000.000	1.0000
129	Waveform 1	1	797.682664063	797.683997396	38000.000	81000.000	1.0000
129	Spectrogram 1	1	797.682664063	797.683997396	38000.000	81000.000	1.0000
130	Waveform 1	1	798.249997396	798.253330729	38000.000	81000.000	0.6000
130	Spectrogram 1	1	798.249997396	798.253330729	38000.000	81000.000	0.6000
131	Waveform 1	1	798.345330729	798.347997396	38000.000	81000.000	0.5000
131	Spectrogram 1	1	798.345330729	798.347997396	38000.000	81000.000	0.5000
132	Waveform 1	1	798.466664063	798.469330729	38000.000	81000.000	0.7500
132	Spectrogram 1	1	798.466664063	798.469330729	38000.000	81000.000	0.7500
133	Waveform 1	1	798.555997396	798.557997396	38000.000	81000.000	0.6667
133	Spectrogram 1	1	798.555997396	798.557997396	38000.000	81000.000	0.6667
134	Waveform 1	1	1289.822664062	1289.827330729	38000.000	81000.000	0.5714
134	Spectrogram 1	1	1289.822664062	1289.827330729	38000.000	81000.000	0.5714
135	Waveform 1	1	1289.925997396	1289.931330729	38000.000	81000.000	0.3750
135	Spectrogram 1	1	1289.925997396	1289.931330729	38000.000	81000.000	0.3750
136	Waveform 1	1	1290.030664062	1290.043330729	38000.000	81000.000	0.2632
136	Spectrogram 1	1	1290.030664062	1290.043330729	38000.000	81000.000	0.2632
137	Waveform 1	1	1290.129997396	1290.133330729	38000.000	81000.000	1.0000
137	Spectrogram 1	1	1290.129997396	1290.133330729	38000.000	81000.000	1.0000
138	Waveform 1	1	1290.227997396	1290.241997396	38000.000	81000.000	0.2857
138	Spectrogram 1	1	1290.227997396	1290.241997396	38000.000	81000.000	0.2857
139	Waveform 1	1	1290.327330729	1290.344664062	38000.000	81000.000	0.3462
139	Spectrogram 1	1	1290.327330729	1290.344664062	38000.000	81000.000	0.3462
140	Waveform 1	1	1290.519997396	1290.531997396	38000.000	81000.000	0.3333
140	Spectrogram 1	1	1290.519997396	1290.531997396	38000.000	81000.000	0.3333
141	Waveform 1	1	1290.627330729	1290.633997396	38000.000	81000.000	0.4000
141	Spectrogram 1	1	1290.627330729	1290.633997396	38000.000	81000.000	0.4000
142	Waveform 1	1	1291.021330729	1291.023997396	38000.000	81000.000	1.0000
142	Spectrogram 1	1	1291.021330729	1291.023997396	38000.000	81000.000	1.0000
143	Waveform 1	1	1291.230664062	1291.234664062	38000.000	81000.000	0.8333
143	Spectrogram 1	1	1291.230664062	1291.234664062	38000.000	81000.000	0.8333
144	Waveform 1	1	1291.335330729	1291.355330729	38000.000	81000.000	0.2667
144	Spectrogram 1	1	1291.335330729	1291.355330729	38000.000	81000.000	0.2667
145	Waveform 1	1	1291.437997396	1291.447330729	38000.000	81000.000	0.3571
145	Spectrogram 1	1	1291.437997396	1291.447330729	38000.000	81000.000	0.3571
146	Waveform 1	1	1291.541330729	1291.544664063	38000.000	81000.000	1.0000
146	Spectrogram 1	1	1291.541330729	1291.544664063	38000.000	81000.000	1.0000
147	Waveform 1	1	1291.649997396	1291.657997396	38000.000	81000.000	0.3333
147	Spectrogram 1	1	1291.649997396	1291.657997396	38000.000	81000.000	0.3333
148	Waveform 1	1	1291.745330729	1291.766664063	38000.000	81000.000	0.2812
148	Spectrogram 1	1	1291.745330729	1291.766664063	38000.000	81000.000	0.2812
149	Waveform 1	1	1291.842664063	1291.854664062	38000.000	81000.000	0.6111
149	Spectrogram 1	1	1291.842664063	1291.854664062	38000.000	81000.000	0.6111
150	Waveform 1	1	1292.141330729	1292.152664062	38000.000	81000.000	0.2941
150	Spectrogram 1	1	1292.141330729	1292.152664062	38000.000	81000.000	0.2941
151	Waveform 1	1	1292.245330729	1292.269330729	38000.000	81000.000	0.2500
151	Spectrogram 1	1	1292.245330729	1292.269330729	38000.000	81000.000	0.2500
152	Waveform 1	1	1292.456664062	1292.457997396	38000.000	81000.000	1.0000
152	Spectrogram 1	1	1292.456664062	1292.457997396	38000.000	81000.000	1.0000
153	Waveform 1	1	1292.565330729	1292.567997396	38000.000	81000.000	0.7500
153	Spectrogram 1	1	1292.565330729	1292.567997396	38000.000	81000.000	0.7500
154	Waveform 1	1	1292.774664062	1292.777330729	38000.000	81000.000	1.0000
154	Spectrogram 1	1	1292.774664062	1292.777330729	38000.000	81000.000	1.0000
155	Waveform 1	1	1292.979330729	1292.982664062	38000.000	81000.000	1.0000
155	Spectrogram 1	1	1292.979330729	1292.982664062	38000.000	81000.000	1.0000
156	Waveform 1	1	1293.093330729	1293.095330729	38000.000	81000.000	1.0000
156	Spectrogram 1	1	1293.093330729	1293.095330729	38000.000	81000.000	1.0000
157	Waveform 1	1	1293.173330729	1293.195330729	38000.000	81000.000	0.2424
157	Spectrogram 1	1	1293.173330729	1293.195330729	38000.000	81000.000	0.2424
158	Waveform 1	1	1293.227330729	1293.240664062	38000.000	81000.000	0.4000
158	Spectrogram 1	1	1293.227330729	1293.240664062	38000.000	81000.000	0.4000
159	Waveform 1	1	1293.277330729	1293.287997396	38000.000	81000.000	0.3750
159	Spectrogram 1	1	1293.277330729	1293.287997396	38000.000	81000.000	0.3750
160	Waveform 1	1	1293.323330729	1293.331997396	38000.000	81000.000	0.3846
160	Spectrogram 1	1	1293.323330729	1293.331997396	38000.000	81000.000	0.3846
161	Waveform 1	1	1293.575330729	1293.602664063	38000.000	81000.000	0.2927
161	Spectrogram 1	1	1293.575330729	1293.602664063	38000.000	81000.000	0.2927
162	Waveform 1	1	1293.795997396	1293.799997396	38000.000	81000.000	1.0000
162	Spectrogram 1	1	1293.795997396	1293.799997396	38000.000	81000.000	1.0000
163	Waveform 1	1	1293.909997396	1293.913330729	38000.000	81000.000	1.0000
163	Spectrogram 1	1	1293.909997396	1293.913330729	38000.000	81000.000	1.0000
164	Waveform 1	1	1294.032664062	1294.036664062	38000.000	81000.000	0.8333
164	Spectrogram 1	1	1294.032664062	1294.036664062	38000.000	81000.000	0.8333
165	Waveform 1	1	1294.143330729	1294.146664062	38000.000	81000.000	1.0000
165	Spectrogram 1	1	1294.143330729	1294.146664062	38000.000	81000.000	1.0000
166	Waveform 1	1	1294.321997396	1294.330664062	38000.000	81000.000	0.2308
166	Spectrogram 1	1	1294.321997396	1294.330664062	38000.000	81000.000	0.2308
167	Waveform 1	1	1294.374664062	1294.381997396	38000.000	81000.000	0.2727
167	Spectrogram 1	1	1294.374664062	1294.381997396	38000.000	81000.000	0.2727
168	Waveform 1	1	1294.430664062	1294.435330729	38000.000	81000.000	0.4286
168	Spectrogram 1	1	1294.430664062	1294.435330729	38000.000	81000.000	0.4286
169	Waveform 1	1	1294.491330729	1294.502664062	38000.000	81000.000	0.2941
169	Spectrogram 1	1	1294.491330729	1294.502664062	38000.000	81000.000	0.2941
170	Waveform 1	1	1294.550664062	1294.557330729	38000.000	81000.000	0.5000
170	Spectrogram 1	1	1294.550664062	1294.557330729	38000.000	81000.000	0.5000
171	Waveform 1	1	1294.609997396	1294.619330729	38000.000	81000.000	0.2857
171	Spectrogram 1	1	1294.609997396	1294.619330729	38000.000	81000.000	0.2857
172	Waveform 1	1	1294.655330729	1294.664664062	38000.000	81000.000	0.2857
172	Spectrogram 1	1	1294.655330729	1294.664664062	38000.000	81000.000	0.2857
173	Waveform 1	1	1294.696664062	1294.703330729	38000.000	81000.000	0.2000
173	Spectrogram 1	1	1294.696664062	1294.703330729	38000.000	81000.000	0.2000
174	Waveform 1	1	1295.315997396	1295.332664063	38000.000	81000.000	0.3600
174	Spectrogram 1	1	1295.315997396	1295.332664063	38000.000	81000.000	0.3600
175	Waveform 1	1	1295.436664062	1295.443997396	38000.000	81000.000	0.2727
175	Spectrogram 1	1	1295.436664062	1295.443997396	38000.000	81000.000	0.2727
176	Waveform 1	1	1295.523997396	1295.525330729	38000.000	81000.000	1.0000
176	Spectrogram 1	1	1295.523997396	1295.525330729	38000.000	81000.000	1.0000
177	Waveform 1	1	1295.713330729	1295.714664062	38000.000	81000.000	1.0000
177	Spectrogram 1	1	1295.713330729	1295.714664062	38000.000	81000.000	1.0000
178	Waveform 1	1	1295.809997396	1295.828664062	38000.000	81000.000	0.2143
178	Spectrogram 1	1	1295.809997396	1295.828664062	38000.000	81000.000	0.2143
179	Waveform 1	1	1295.914664062	1295.916664062	38000.000	81000.000	1.0000
179	Spectrogram 1	1	1295.914664062	1295.916664062	38000.000	81000.000	1.0000
180	Waveform 1	1	1296.019997396	1296.021997396	38000.000	81000.000	1.0000
180	Spectrogram 1	1	1296.019997396	1296.021997396	38000.000	81000.000	1.0000
181	Waveform 1	1	1296.123330729	1296.129330729	38000.000	81000.000	0.4444
181	Spectrogram 1	1	1296.123330729	1296.129330729	38000.000	81000.000	0.4444
182	Waveform 1	1	1296.225997396	1296.228664063	38000.000	81000.000	1.0000
182	Spectrogram 1	1	1296.225997396	1296.228664063	38000.000	81000.000	1.0000
183	Waveform 1	1	1296.334664062	1296.341997396	38000.000	81000.000	0.5455
183	Spectrogram 1	1	1296.334664062	1296.341997396	38000.000	81000.000	0.5455
184	Waveform 1	1	1296.447330729	1296.448664063	38000.000	81000.000	1.0000
184	Spectrogram 1	1	1296.447330729	1296.448664063	38000.000	81000.000	1.0000
185	Waveform 1	1	1296.547997396	1296.549997396	38000.000	81000.000	1.0000
185	Spectrogram 1	1	1296.547997396	1296.549997396	38000.000	81000.000	1.0000
186	Waveform 1	1	1296.652664062	1296.657330729	38000.000	81000.000	0.2857
186	Spectrogram 1	1	1296.652664062	1296.657330729	38000.000	81000.000	0.2857
187	Waveform 1	1	1296.751997396	1296.754664062	38000.000	81000.000	1.0000
187	Spectrogram 1	1	1296.751997396	1296.754664062	38000.000	81000.000	1.0000
188	Waveform 1	1	1296.851330729	1296.852664063	38000.000	81000.000	1.0000
188	Spectrogram 1	1	1296.851330729	1296.852664063	38000.000	81000.000	1.0000
189	Waveform 1	1	1296.950664062	1296.953330729	38000.000	81000.000	1.0000
189	Spectrogram 1	1	1296.950664062	1296.953330729	38000.000	81000.000	1.0000
190	Waveform 1	1	1297.052664062	1297.057330729	38000.000	81000.000	0.5714
190	Spectrogram 1	1	1297.052664062	1297.057330729	38000.000	81000.000	0.5714
191	Waveform 1	1	1297.154664062	1297.155997396	38000.000	81000.000	1.0000
191	Spectrogram 1	1	1297.154664062	1297.155997396	38000.000	81000.000	1.0000
192	Waveform 1	1	1297.368664062	1297.369997396	38000.000	81000.000	1.0000
192	Spectrogram 1	1	1297.368664062	1297.369997396	38000.000	81000.000	1.0000
193	Waveform 1	1	1297.635330729	1297.636664062	38000.000	81000.000	1.0000
193	Spectrogram 1	1	1297.635330729	1297.636664062	38000.000	81000.000	1.0000
194	Waveform 1	1	1310.047330729	1310.050664062	38000.000	81000.000	0.4000
194	Spectrogram 1	1	1310.047330729	1310.050664062	38000.000	81000.000	0.4000
195	Waveform 1	1	1310.100664062	1310.103997396	38000.000	81000.000	0.6000
195	Spectrogram 1	1	1310.100664062	1310.103997396	38000.000	81000.000	0.6000
196	Waveform 1	1	1310.174664062	1310.177997396	38000.000	81000.000	0.4000
196	Spectrogram 1	1	1310.174664062	1310.177997396	38000.000	81000.000	0.4000
197	Waveform 1	1	1310.340664062	1310.345330729	38000.000	81000.000	0.5714
197	Spectrogram 1	1	1310.340664062	1310.345330729	38000.000	81000.000	0.5714
198	Waveform 1	1	1310.930664062	1310.932664062	38000.000	81000.000	0.6667
198	Spectrogram 1	1	1310.930664062	1310.932664062	38000.000	81000.000	0.6667
199	Waveform 1	1	1310.987997396	1310.990664062	38000.000	81000.000	0.5000
199	Spectrogram 1	1	1310.987997396	1310.990664062	38000.000	81000.000	0.5000
200	Waveform 1	1	1311.111997396	1311.113330729	38000.000	81000.000	1.0000
200	Spectrogram 1	1	1311.111997396	1311.113330729	38000.000	81000.000	1.0000
201	Waveform 1	1	1311.337997396	1311.341997396	38000.000	81000.000	0.6667
201	Spectrogram 1	1	1311.337997396	1311.341997396	38000.000	81000.000	0.6667
202	Waveform 1	1	1311.410664063	1311.414664062	38000.000	81000.000	0.8333
202	Spectrogram 1	1	1311.410664063	1311.414664062	38000.000	81000.000	0.8333
203	Waveform 1	1	1312.577997396	1312.579330729	38000.000	81000.000	1.0000
203	Spectrogram 1	1	1312.577997396	1312.579330729	38000.000	81000.000	1.0000
204	Waveform 1	1	1312.964664062	1312.965997396	38000.000	81000.000	1.0000
204	Spectrogram 1	1	1312.964664062	1312.965997396	38000.000	81000.000	1.0000
205	Waveform 1	1	1313.058664062	1313.059997396	38000.000	81000.000	1.0000
205	Spectrogram 1	1	1313.058664062	1313.059997396	38000.000	81000.000	1.0000
206	Waveform 1	1	1313.157330729	1313.167997396	38000.000	81000.000	0.3750
206	Spectrogram 1	1	1313.157330729	1313.167997396	38000.000	81000.000	0.3750
207	Waveform 1	1	1313.251330729	1313.259997396	38000.000	81000.000	0.3846
207	Spectrogram 1	1	1313.251330729	1313.259997396	38000.000	81000.000	0.3846
208	Waveform 1	1	1313.342664063	1313.347997396	38000.000	81000.000	0.5000
208	Spectrogram 1	1	1313.342664063	1313.347997396	38000.000	81000.000	0.5000
209	Waveform 1	1	1313.441330729	1313.442664062	38000.000	81000.000	1.0000
209	Spectrogram 1	1	1313.441330729	1313.442664062	38000.000	81000.000	1.0000
210	Waveform 1	1	1313.639997396	1313.642664062	38000.000	81000.000	1.0000
210	Spectrogram 1	1	1313.639997396	1313.642664062	38000.000	81000.000	1.0000
