Selection	View	Channel	Begin Time (s)	End Time (s)	Low Freq (Hz)	High Freq (Hz)	Occupancy
1	Waveform 1	1	43.843997396	43.845330729	22000.000	38000.000	1.0000
1	Spectrogram 1	1	43.843997396	43.845330729	22000.000	38000.000	1.0000
2	Waveform 1	1	43.940664062	43.943997396	22000.000	38000.000	0.4000
2	Spectrogram 1	1	43.940664062	43.943997396	22000.000	38000.000	0.4000
3	Waveform 1	1	140.621330729	140.623997396	22000.000	38000.000	0.5000
3	Spectrogram 1	1	140.621330729	140.623997396	22000.000	38000.000	0.5000
4	Waveform 1	1	296.250664062	296.251997396	22000.000	38000.000	1.0000
4	Spectrogram 1	1	296.250664062	296.251997396	22000.000	38000.000	1.0000
5	Waveform 1	1	296.895997396	296.909997396	22000.000	38000.000	0.1905
5	Spectrogram 1	1	296.895997396	296.909997396	22000.000	38000.000	0.1905
6	Waveform 1	1	297.273330729	297.275997396	22000.000	38000.000	0.5000
6	Spectrogram 1	1	297.273330729	297.275997396	22000.000	38000.000	0.5000
7	Waveform 1	1	297.535997396	297.566664062	22000.000	38000.000	0.0870
7	Spectrogram 1	1	297.535997396	297.566664062	22000.000	38000.000	0.0870
8	Waveform 1	1	297.816664062	297.825997396	22000.000	38000.000	0.2143
8	Spectrogram 1	1	297.816664062	297.825997396	22000.000	38000.000	0.2143
9	Waveform 1	1	298.223997396	298.225330729	22000.000	38000.000	1.0000
9	Spectrogram 1	1	298.223997396	298.225330729	22000.000	38000.000	1.0000
10	Waveform 1	1	298.489997396	298.504664063	22000.000	38000.000	0.0909
10	Spectrogram 1	1	298.489997396	298.504664063	22000.000	38000.000	0.0909
11	Waveform 1	1	299.150664062	299.176664062	22000.000	38000.000	0.1795
11	Spectrogram 1	1	299.150664062	299.176664062	22000.000	38000.000	0.1795
12	Waveform 1	1	299.955330729	299.977997396	22000.000	38000.000	0.0882
12	Spectrogram 1	1	299.955330729	299.977997396	22000.000	38000.000	0.0882
13	Waveform 1	1	301.247330729	301.253330729	22000.000	38000.000	0.2222
13	Spectrogram 1	1	301.247330729	301.253330729	22000.000	38000.000	0.2222
14	Waveform 1	1	303.089330729	303.091330729	22000.000	38000.000	0.6667
14	Spectrogram 1	1	303.089330729	303.091330729	22000.000	38000.000	0.6667
15	Waveform 1	1	308.754664063	308.762664062	22000.000	38000.000	0.2500
15	Spectrogram 1	1	308.754664063	308.762664062	22000.000	38000.000	0.2500
16	Waveform 1	1	308.883330729	308.885997396	22000.000	38000.000	0.5000
16	Spectrogram 1	1	308.883330729	308.885997396	22000.000	38000.000	0.5000
17	Waveform 1	1	312.685330729	312.688664062	22000.000	38000.000	0.4000
17	Spectrogram 1	1	312.685330729	312.688664062	22000.000	38000.000	0.4000
18	Waveform 1	1	313.677330729	313.683330729	22000.000	38000.000	0.3333
18	Spectrogram 1	1	313.677330729	313.683330729	22000.000	38000.000	0.3333
19	Waveform 1	1	324.453997396	324.455330729	22000.000	38000.000	1.0000
19	Spectrogram 1	1	324.453997396	324.455330729	22000.000	38000.000	1.0000
20	Waveform 1	1	325.455330729	325.462664062	22000.000	38000.000	0.1818
20	Spectrogram 1	1	325.455330729	325.462664062	22000.000	38000.000	0.1818
21	Waveform 1	1	326.543997396	326.553997396	22000.000	38000.000	0.2667
21	Spectrogram 1	1	326.543997396	326.553997396	22000.000	38000.000	0.2667
22	Waveform 1	1	327.617997396	327.635330729	22000.000	38000.000	0.1538
22	Spectrogram 1	1	327.617997396	327.635330729	22000.000	38000.000	0.1538
23	Waveform 1	1	327.841997396	327.851997396	22000.000	38000.000	0.2667
23	Spectrogram 1	1	327.841997396	327.851997396	22000.000	38000.000	0.2667
24	Waveform 1	1	328.691997396	328.701997396	22000.000	38000.000	0.1333
24	Spectrogram 1	1	328.691997396	328.701997396	22000.000	38000.000	0.1333
25	Waveform 1	1	329.145330729	329.154664062	22000.000	38000.000	0.1429
25	Spectrogram 1	1	329.145330729	329.154664062	22000.000	38000.000	0.1429
26	Waveform 1	1	330.196664063	330.197997396	22000.000	38000.000	1.0000
26	Spectrogram 1	1	330.196664063	330.197997396	22000.000	38000.000	1.0000
27	Waveform 1	1	331.032664062	331.033997396	22000.000	38000.000	1.0000
27	Spectrogram 1	1	331.032664062	331.033997396	22000.000	38000.000	1.0000
28	Waveform 1	1	523.043330729	523.049997396	22000.000	38000.000	0.4000
28	Spectrogram 1	1	523.043330729	523.049997396	22000.000	38000.000	0.4000
29	Waveform 1	1	523.953997396	523.957997396	22000.000	38000.000	0.3333
29	Spectrogram 1	1	523.953997396	523.957997396	22000.000	38000.000	0.3333
30	Waveform 1	1	524.681330729	524.683330729	22000.000	38000.000	1.0000
30	Spectrogram 1	1	524.681330729	524.683330729	22000.000	38000.000	1.0000
31	Waveform 1	1	525.205330729	525.233997396	22000.000	38000.000	0.1163
31	Spectrogram 1	1	525.205330729	525.233997396	22000.000	38000.000	0.1163
32	Waveform 1	1	525.515330729	525.531997396	22000.000	38000.000	0.2000
32	Spectrogram 1	1	525.515330729	525.531997396	22000.000	38000.000	0.2000
33	Waveform 1	1	526.709330729	526.715330729	22000.000	38000.000	0.2222
33	Spectrogram 1	1	526.709330729	526.715330729	22000.000	38000.000	0.2222
34	Waveform 1	1	527.489997396	527.507330729	22000.000	38000.000	0.2692
34	Spectrogram 1	1	527.489997396	527.507330729	22000.000	38000.000	0.2692
35	Waveform 1	1	527.963997396	527.983997396	22000.000	38000.000	0.1000
35	Spectrogram 1	1	527.963997396	527.983997396	22000.000	38000.000	0.1000
36	Waveform 1	1	530.867997396	530.890664063	22000.000	38000.000	0.1176
36	Spectrogram 1	1	530.867997396	530.890664063	22000.000	38000.000	0.1176
37	Waveform 1	1	534.131997396	534.135997396	22000.000	38000.000	0.3333
37	Spectrogram 1	1	534.131997396	534.135997396	22000.000	38000.000	0.3333
38	Waveform 1	1	594.642664063	594.643997396	22000.000	38000.000	1.0000
38	Spectrogram 1	1	594.642664063	594.643997396	22000.000	38000.000	1.0000
39	Waveform 1	1	1020.834664062	1020.839330729	22000.000	38000.000	0.2857
39	Spectrogram 1	1	1020.834664062	1020.839330729	22000.000	38000.000	0.2857
40	Waveform 1	1	1024.078664062	1024.084664062	22000.000	38000.000	0.3333
40	Spectrogram 1	1	1024.078664062	1024.084664062	22000.000	38000.000	0.3333
41	Waveform 1	1	1025.804664063	1025.805997396	22000.000	38000.000	1.0000
41	Spectrogram 1	1	1025.804664063	1025.805997396	22000.000	38000.000	1.0000
42	Waveform 1	1	1031.171330729	1031.189997396	22000.000	38000.000	0.2143
42	Spectrogram 1	1	1031.171330729	1031.189997396	22000.000	38000.000	0.2143
43	Waveform 1	1	1056.536664062	1056.538664062	22000.000	38000.000	1.0000
43	Spectrogram 1	1	1056.536664062	1056.538664062	22000.000	38000.000	1.0000
44	Waveform 1	1	1056.662664062	1056.677997396	22000.000	38000.000	0.1739
44	Spectrogram 1	1	1056.662664062	1056.677997396	22000.000	38000.000	0.1739
45	Waveform 1	1	1057.529330729	1057.550664062	22000.000	38000.000	0.2188
45	Spectrogram 1	1	1057.529330729	1057.550664062	22000.000	38000.000	0.2188
46	Waveform 1	1	1058.255330729	1058.272664062	22000.000	38000.000	0.2308
46	Spectrogram 1	1	1058.255330729	1058.272664062	22000.000	38000.000	0.2308
47	Waveform 1	1	1059.453997396	1059.484664062	22000.000	38000.000	0.0870
47	Spectrogram 1	1	1059.453997396	1059.484664062	22000.000	38000.000	0.0870
48	Waveform 1	1	1060.549330729	1060.560664062	22000.000	38000.000	0.1176
48	Spectrogram 1	1	1060.549330729	1060.560664062	22000.000	38000.000	0.1176
49	Waveform 1	1	1060.695330729	1060.697997396	22000.000	38000.000	0.5000
49	Spectrogram 1	1	1060.695330729	1060.697997396	22000.000	38000.000	0.5000
50	Waveform 1	1	1060.806664062	1060.812664062	22000.000	38000.000	0.2222
50	Spectrogram 1	1	1060.806664062	1060.812664062	22000.000	38000.000	0.2222
51	Waveform 1	1	1061.195997396	1061.203330729	22000.000	38000.000	0.2727
51	Spectrogram 1	1	1061.195997396	1061.203330729	22000.000	38000.000	0.2727
52	Waveform 1	1	1061.642664062	1061.643997396	22000.000	38000.000	1.0000
52	Spectrogram 1	1	1061.642664062	1061.643997396	22000.000	38000.000	1.0000
53	Waveform 1	1	1063.649330729	1063.661330729	22000.000	38000.000	0.2222
53	Spectrogram 1	1	1063.649330729	1063.661330729	22000.000	38000.000	0.2222
54	Waveform 1	1	1063.867330729	1063.899997396	22000.000	38000.000	0.0816
54	Spectrogram 1	1	1063.867330729	1063.899997396	22000.000	38000.000	0.0816
55	Waveform 1	1	1064.243330729	1064.244664062	22000.000	38000.000	1.0000
55	Spectrogram 1	1	1064.243330729	1064.244664062	22000.000	38000.000	1.0000
56	Waveform 1	1	1065.210664062	1065.235997396	22000.000	38000.000	0.1316
56	Spectrogram 1	1	1065.210664062	1065.235997396	22000.000	38000.000	0.1316
57	Waveform 1	1	1065.487997396	1065.501330729	22000.000	38000.000	0.4000
57	Spectrogram 1	1	1065.487997396	1065.501330729	22000.000	38000.000	0.4000
58	Waveform 1	1	1065.671330729	1065.678664063	22000.000	38000.000	0.1818
58	Spectrogram 1	1	1065.671330729	1065.678664063	22000.000	38000.000	0.1818
59	Waveform 1	1	1065.956664062	1065.966664062	22000.000	38000.000	0.6000
59	Spectrogram 1	1	1065.956664062	1065.966664062	22000.000	38000.000	0.6000
60	Waveform 1	1	1066.087997396	1066.103997396	22000.000	38000.000	0.2083
60	Spectrogram 1	1	1066.087997396	1066.103997396	22000.000	38000.000	0.2083
61	Waveform 1	1	1066.802664062	1066.833997396	22000.000	38000.000	0.1702
61	Spectrogram 1	1	1066.802664062	1066.833997396	22000.000	38000.000	0.1702
62	Waveform 1	1	1067.530664062	1067.551997396	22000.000	38000.000	0.0938
62	Spectrogram 1	1	1067.530664062	1067.551997396	22000.000	38000.000	0.0938
63	Waveform 1	1	1067.749997396	1067.753330729	22000.000	38000.000	0.8000
63	Spectrogram 1	1	1067.749997396	1067.753330729	22000.000	38000.000	0.8000
64	Waveform 1	1	1067.901330729	1067.926664062	22000.000	38000.000	0.0789
64	Spectrogram 1	1	1067.901330729	1067.926664062	22000.000	38000.000	0.0789
65	Waveform 1	1	1068.111997396	1068.113330729	22000.000	38000.000	1.0000
65	Spectrogram 1	1	1068.111997396	1068.113330729	22000.000	38000.000	1.0000
66	Waveform 1	1	1068.381330729	1068.386664062	22000.000	38000.000	0.7500
66	Spectrogram 1	1	1068.381330729	1068.386664062	22000.000	38000.000	0.7500
67	Waveform 1	1	1070.835997396	1070.839997396	22000.000	38000.000	0.3333
67	Spectrogram 1	1	1070.835997396	1070.839997396	22000.000	38000.000	0.3333
68	Waveform 1	1	1073.440664062	1073.503997396	22000.000	38000.000	0.1053
68	Spectrogram 1	1	1073.440664062	1073.503997396	22000.000	38000.000	0.1053
69	Waveform 1	1	1074.266664063	1074.325997396	22000.000	38000.000	0.0787
69	Spectrogram 1	1	1074.266664063	1074.325997396	22000.000	38000.000	0.0787
70	Waveform 1	1	1076.663997396	1076.694664062	22000.000	38000.000	0.1522
70	Spectrogram 1	1	1076.663997396	1076.694664062	22000.000	38000.000	0.1522
71	Waveform 1	1	1077.297997396	1077.299330729	22000.000	38000.000	1.0000
71	Spectrogram 1	1	1077.297997396	1077.299330729	22000.000	38000.000	1.0000
72	Waveform 1	1	1077.533997396	1077.539997396	22000.000	38000.000	0.3333
72	Spectrogram 1	1	1077.533997396	1077.539997396	22000.000	38000.000	0.3333
73	Waveform 1	1	1090.693330729	1090.713330729	22000.000	38000.000	0.1000
73	Spectrogram 1	1	1090.693330729	1090.713330729	22000.000	38000.000	0.1000
74	Waveform 1	1	1091.531330729	1091.535330729	22000.000	38000.000	0.5000
74	Spectrogram 1	1	1091.531330729	1091.535330729	22000.000	38000.000	0.5000
75	Waveform 1	1	1091.875330729	1091.880664063	22000.000	38000.000	0.2500
75	Spectrogram 1	1	1091.875330729	1091.880664063	22000.000	38000.000	0.2500
76	Waveform 1	1	1093.155997396	1093.157330729	22000.000	38000.000	1.0000
76	Spectrogram 1	1	1093.155997396	1093.157330729	22000.000	38000.000	1.0000
77	Waveform 1	1	1093.399330729	1093.403330729	22000.000	38000.000	0.5000
77	Spectrogram 1	1	1093.399330729	1093.403330729	22000.000	38000.000	0.5000
78	Waveform 1	1	1094.719997396	1094.723997396	22000.000	38000.000	0.3333
78	Spectrogram 1	1	1094.719997396	1094.723997396	22000.000	38000.000	0.3333
79	Waveform 1	1	1153.713330729	1153.717997396	22000.000	38000.000	0.2857
79	Spectrogram 1	1	1153.713330729	1153.717997396	22000.000	38000.000	0.2857
80	Waveform 1	1	1159.889330729	1159.914664062	22000.000	38000.000	0.1053
80	Spectrogram 1	1	1159.889330729	1159.914664062	22000.000	38000.000	0.1053
81	Waveform 1	1	1160.424664062	1160.437997396	22000.000	38000.000	0.1000
81	Spectrogram 1	1	1160.424664062	1160.437997396	22000.000	38000.000	0.1000
82	Waveform 1	1	1171.621330729	1171.625997396	22000.000	38000.000	0.5714
82	Spectrogram 1	1	1171.621330729	1171.625997396	22000.000	38000.000	0.5714
83	Waveform 1	1	1171.904664062	1171.910664063	22000.000	38000.000	0.3333
83	Spectrogram 1	1	1171.904664062	1171.910664063	22000.000	38000.000	0.3333
84	Waveform 1	1	1179.536664062	1179.538664062	22000.000	38000.000	1.0000
84	Spectrogram 1	1	1179.536664062	1179.538664062	22000.000	38000.000	1.0000
85	Waveform 1	1	1180.395330729	1180.396664062	22000.000	38000.000	1.0000
85	Spectrogram 1	1	1180.395330729	1180.396664062	22000.000	38000.000	1.0000
86	Waveform 1	1	1180.619330729	1180.643997396	22000.000	38000.000	0.0811
86	Spectrogram 1	1	1180.619330729	1180.643997396	22000.000	38000.000	0.0811
87	Waveform 1	1	1180.859997396	1180.882664062	22000.000	38000.000	0.0882
87	Spectrogram 1	1	1180.859997396	1180.882664062	22000.000	38000.000	0.0882
88	Waveform 1	1	1181.007997396	1181.016664063	22000.000	38000.000	0.3846
88	Spectrogram 1	1	1181.007997396	1181.016664063	22000.000	38000.000	0.3846
89	Waveform 1	1	1182.352664063	1182.354664062	22000.000	38000.000	1.0000
89	Spectrogram 1	1	1182.352664063	1182.354664062	22000.000	38000.000	1.0000
90	Waveform 1	1	1183.652664062	1183.653997396	22000.000	38000.000	1.0000
90	Spectrogram 1	1	1183.652664062	1183.653997396	22000.000	38000.000	1.0000
91	Waveform 1	1	1229.128664062	1229.130664063	22000.000	38000.000	1.0000
91	Spectrogram 1	1	1229.128664062	1229.130664063	22000.000	38000.000	1.0000
92	Waveform 1	1	1231.201330729	1231.215330729	22000.000	38000.000	0.1429
92	Spectrogram 1	1	1231.201330729	1231.215330729	22000.000	38000.000	0.1429
93	Waveform 1	1	1233.755330729	1233.766664063	22000.000	38000.000	0.1176
93	Spectrogram 1	1	1233.755330729	1233.766664063	22000.000	38000.000	0.1176
94	Waveform 1	1	1268.272664062	1268.303330729	22000.000	38000.000	0.1304
94	Spectrogram 1	1	1268.272664062	1268.303330729	22000.000	38000.000	0.1304
95	Waveform 1	1	1269.173997396	1269.176664062	22000.000	38000.000	0.5000
95	Spectrogram 1	1	1269.173997396	1269.176664062	22000.000	38000.000	0.5000
96	Waveform 1	1	1269.816664062	1269.829997396	22000.000	38000.000	0.1500
96	Spectrogram 1	1	1269.816664062	1269.829997396	22000.000	38000.000	0.1500
97	Waveform 1	1	1270.476664063	1270.507330729	22000.000	38000.000	0.1087
97	Spectrogram 1	1	1270.476664063	1270.507330729	22000.000	38000.000	0.1087
98	Waveform 1	1	1271.388664062	1271.403330729	22000.000	38000.000	0.2273
98	Spectrogram 1	1	1271.388664062	1271.403330729	22000.000	38000.000	0.2273
99	Waveform 1	1	1375.839997396	1375.853330729	22000.000	38000.000	0.1000
99	Spectrogram 1	1	1375.839997396	1375.853330729	22000.000	38000.000	0.1000
100	Waveform 1	1	1376.538664062	1376.553997396	22000.000	38000.000	0.1739
100	Spectrogram 1	1	1376.538664062	1376.553997396	22000.000	38000.000	0.1739
101	Waveform 1	1	1376.815330729	1376.850664062	22000.000	38000.000	0.1321
101	Spectrogram 1	1	1376.815330729	1376.850664062	22000.000	38000.000	0.1321
102	Waveform 1	1	1376.941330729	1376.975997396	22000.000	38000.000	0.1154
102	Spectrogram 1	1	1376.941330729	1376.975997396	22000.000	38000.000	0.1154
103	Waveform 1	1	1377.087330729	1377.089330729	22000.000	38000.000	0.6667
103	Spectrogram 1	1	1377.087330729	1377.089330729	22000.000	38000.000	0.6667
104	Waveform 1	1	1377.187997396	1377.213997396	22000.000	38000.000	0.1282
104	Spectrogram 1	1	1377.187997396	1377.213997396	22000.000	38000.000	0.1282
105	Waveform 1	1	1378.280664062	1378.338664062	22000.000	38000.000	0.0920
105	Spectrogram 1	1	1378.280664062	1378.338664062	22000.000	38000.000	0.0920
106	Waveform 1	1	1378.445330729	1378.461997396	22000.000	38000.000	0.0800
106	Spectrogram 1	1	1378.445330729	1378.461997396	22000.000	38000.000	0.0800
107	Waveform 1	1	1378.631997396	1378.667330729	22000.000	38000.000	0.1698
107	Spectrogram 1	1	1378.631997396	1378.667330729	22000.000	38000.000	0.1698
108	Waveform 1	1	1378.801330729	1378.834664062	22000.000	38000.000	0.1000
108	Spectrogram 1	1	1378.801330729	1378.834664062	22000.000	38000.000	0.1000
109	Waveform 1	1	1378.941997396	1378.951997396	22000.000	38000.000	0.4000
109	Spectrogram 1	1	1378.941997396	1378.951997396	22000.000	38000.000	0.4000
110	Waveform 1	1	1379.100664062	1379.130664063	22000.000	38000.000	0.2667
110	Spectrogram 1	1	1379.100664062	1379.130664063	22000.000	38000.000	0.2667
111	Waveform 1	1	1379.255997396	1379.310664062	22000.000	38000.000	0.1829
111	Spectrogram 1	1	1379.255997396	1379.310664062	22000.000	38000.000	0.1829
112	Waveform 1	1	1379.805997396	1379.839330729	22000.000	38000.000	0.2600
112	Spectrogram 1	1	1379.805997396	1379.839330729	22000.000	38000.000	0.2600
113	Waveform 1	1	1379.979330729	1379.997330729	22000.000	38000.000	0.1111
113	Spectrogram 1	1	1379.979330729	1379.997330729	22000.000	38000.000	0.1111
114	Waveform 1	1	1380.375997396	1380.442664062	22000.000	38000.000	0.1100
114	Spectrogram 1	1	1380.375997396	1380.442664062	22000.000	38000.000	0.1100
115	Waveform 1	1	1380.523330729	1380.571997396	22000.000	38000.000	0.1918
115	Spectrogram 1	1	1380.523330729	1380.571997396	22000.000	38000.000	0.1918
116	Waveform 1	1	1380.695330729	1380.715330729	22000.000	38000.000	0.3667
116	Spectrogram 1	1	1380.695330729	1380.715330729	22000.000	38000.000	0.3667
117	Waveform 1	1	1380.849330729	1380.871997396	22000.000	38000.000	0.1176
117	Spectrogram 1	1	1380.849330729	1380.871997396	22000.000	38000.000	0.1176
118	Waveform 1	1	1381.139997396	1381.171997396	22000.000	38000.000	0.2292
118	Spectrogram 1	1	1381.139997396	1381.171997396	22000.000	38000.000	0.2292
119	Waveform 1	1	1381.700664062	1381.752664062	22000.000	38000.000	0.1154
119	Spectrogram 1	1	1381.700664062	1381.752664062	22000.000	38000.000	0.1154
120	Waveform 1	1	1381.855330729	1381.871330729	22000.000	38000.000	0.1667
120	Spectrogram 1	1	1381.855330729	1381.871330729	22000.000	38000.000	0.1667
121	Waveform 1	1	1382.010664062	1382.018664062	22000.000	38000.000	0.3333
121	Spectrogram 1	1	1382.010664062	1382.018664062	22000.000	38000.000	0.3333
122	Waveform 1	1	1382.082664063	1382.091330729	22000.000	38000.000	0.3077
122	Spectrogram 1	1	1382.082664063	1382.091330729	22000.000	38000.000	0.3077
123	Waveform 1	1	1382.320664062	1382.327997396	22000.000	38000.000	0.3636
123	Spectrogram 1	1	1382.320664062	1382.327997396	22000.000	38000.000	0.3636
124	Waveform 1	1	1382.459997396	1382.467997396	22000.000	38000.000	0.2500
124	Spectrogram 1	1	1382.459997396	1382.467997396	22000.000	38000.000	0.2500
125	Waveform 1	1	1382.593330729	1382.599330729	22000.000	38000.000	0.4444
125	Spectrogram 1	1	1382.593330729	1382.599330729	22000.000	38000.000	0.4444
126	Waveform 1	1	1382.695997396	1382.697997396	22000.000	38000.000	0.6667
126	Spectrogram 1	1	1382.695997396	1382.697997396	22000.000	38000.000	0.6667
127	Waveform 1	1	1383.033997396	1383.060664062	22000.000	38000.000	0.1000
127	Spectrogram 1	1	1383.033997396	1383.060664062	22000.000	38000.000	0.1000
128	Waveform 1	1	1383.529997396	1383.537330729	22000.000	38000.000	0.1818
128	Spectrogram 1	1	1383.529997396	1383.537330729	22000.000	38000.000	0.1818
129	Waveform 1	1	1383.675330729	1383.688664063	22000.000	38000.000	0.1500
129	Spectrogram 1	1	1383.675330729	1383.688664063	22000.000	38000.000	0.1500
130	Waveform 1	1	1383.846664062	1383.847997396	22000.000	38000.000	1.0000
130	Spectrogram 1	1	1383.846664062	1383.847997396	22000.000	38000.000	1.0000
131	Waveform 1	1	1388.512664062	1388.516664063	22000.000	38000.000	0.6667
131	Spectrogram 1	1	1388.512664062	1388.516664063	22000.000	38000.000	0.6667
132	Waveform 1	1	1388.744664062	1388.753997396	22000.000	38000.000	0.4286
132	Spectrogram 1	1	1388.744664062	1388.753997396	22000.000	38000.000	0.4286
133	Waveform 1	1	1389.241330729	1389.242664062	22000.000	38000.000	1.0000
133	Spectrogram 1	1	1389.241330729	1389.242664062	22000.000	38000.000	1.0000
134	Waveform 1	1	1389.827330729	1389.845330729	22000.000	38000.000	0.1481
134	Spectrogram 1	1	1389.827330729	1389.845330729	22000.000	38000.000	0.1481
135	Waveform 1	1	1448.295997396	1448.297330729	22000.000	38000.000	1.0000
135	Spectrogram 1	1	1448.295997396	1448.297330729	22000.000	38000.000	1.0000
136	Waveform 1	1	1448.960664062	1448.967330729	22000.000	38000.000	0.2000
136	Spectrogram 1	1	1448.960664062	1448.967330729	22000.000	38000.000	0.2000
137	Waveform 1	1	1449.775330729	1449.776664063	22000.000	38000.000	1.0000
137	Spectrogram 1	1	1449.775330729	1449.776664063	22000.000	38000.000	1.0000
138	Waveform 1	1	1453.017330729	1453.018664062	22000.000	38000.000	1.0000
138	Spectrogram 1	1	1453.017330729	1453.018664062	22000.000	38000.000	1.0000
139	Waveform 1	1	1487.809330729	1487.817330729	22000.000	38000.000	0.2500
139	Spectrogram 1	1	1487.809330729	1487.817330729	22000.000	38000.000	0.2500
140	Waveform 1	1	1491.195997396	1491.202664062	22000.000	38000.000	0.2000
140	Spectrogram 1	1	1491.195997396	1491.202664062	22000.000	38000.000	0.2000
141	Waveform 1	1	1556.415997396	1556.427997396	22000.000	38000.000	0.1667
141	Spectrogram 1	1	1556.415997396	1556.427997396	22000.000	38000.000	0.1667
142	Waveform 1	1	1556.917997396	1556.935330729	22000.000	38000.000	0.0769
142	Spectrogram 1	1	1556.917997396	1556.935330729	22000.000	38000.000	0.0769
143	Waveform 1	1	1558.385330729	1558.403997396	22000.000	38000.000	0.1429
143	Spectrogram 1	1	1558.385330729	1558.403997396	22000.000	38000.000	0.1429
144	Waveform 1	1	1558.606664062	1558.609997396	22000.000	38000.000	0.6000
144	Spectrogram 1	1	1558.606664062	1558.609997396	22000.000	38000.000	0.6000
145	Waveform 1	1	1558.837997396	1558.855330729	22000.000	38000.000	0.1923
145	Spectrogram 1	1	1558.837997396	1558.855330729	22000.000	38000.000	0.1923
146	Waveform 1	1	1559.329330729	1559.331330729	22000.000	38000.000	0.6667
146	Spectrogram 1	1	1559.329330729	1559.331330729	22000.000	38000.000	0.6667
147	Waveform 1	1	1559.862664063	1559.865330729	22000.000	38000.000	0.5000
147	Spectrogram 1	1	1559.862664063	1559.865330729	22000.000	38000.000	0.5000
148	Waveform 1	1	1560.543330729	1560.554664063	22000.000	38000.000	0.5294
148	Spectrogram 1	1	1560.543330729	1560.554664063	22000.000	38000.000	0.5294
149	Waveform 1	1	1571.791997396	1571.793330729	22000.000	38000.000	1.0000
149	Spectrogram 1	1	1571.791997396	1571.793330729	22000.000	38000.000	1.0000
150	Waveform 1	1	1583.550664062	1583.553997396	22000.000	38000.000	0.6000
150	Spectrogram 1	1	1583.550664062	1583.553997396	22000.000	38000.000	0.6000
151	Waveform 1	1	1592.334664062	1592.336664062	22000.000	38000.000	0.6667
151	Spectrogram 1	1	1592.334664062	1592.336664062	22000.000	38000.000	0.6667
152	Waveform 1	1	1592.793997396	1592.799997396	22000.000	38000.000	0.2222
152	Spectrogram 1	1	1592.793997396	1592.799997396	22000.000	38000.000	0.2222
153	Waveform 1	1	1593.277997396	1593.301330729	22000.000	38000.000	0.0857
153	Spectrogram 1	1	1593.277997396	1593.301330729	22000.000	38000.000	0.0857
154	Waveform 1	1	1594.873330729	1594.929330729	22000.000	38000.000	0.0714
154	Spectrogram 1	1	1594.873330729	1594.929330729	22000.000	38000.000	0.0714
155	Waveform 1	1	1595.123330729	1595.206664062	22000.000	38000.000	0.0720
155	Spectrogram 1	1	1595.123330729	1595.206664062	22000.000	38000.000	0.0720
156	Waveform 1	1	1595.753330729	1595.857997396	22000.000	38000.000	0.0701
156	Spectrogram 1	1	1595.753330729	1595.857997396	22000.000	38000.000	0.0701
157	Waveform 1	1	1596.392664062	1596.394664062	22000.000	38000.000	1.0000
157	Spectrogram 1	1	1596.392664062	1596.394664062	22000.000	38000.000	1.0000
158	Waveform 1	1	1596.470664062	1596.491997396	22000.000	38000.000	0.1562
158	Spectrogram 1	1	1596.470664062	1596.491997396	22000.000	38000.000	0.1562
159	Waveform 1	1	1597.127997396	1597.131997396	22000.000	38000.000	0.3333
159	Spectrogram 1	1	1597.127997396	1597.131997396	22000.000	38000.000	0.3333
160	Waveform 1	1	1602.713330729	1602.747330729	22000.000	38000.000	0.0784
160	Spectrogram 1	1	1602.713330729	1602.747330729	22000.000	38000.000	0.0784
161	Waveform 1	1	1605.177330729	1605.190664062	22000.000	38000.000	0.2000
161	Spectrogram 1	1	1605.177330729	1605.190664062	22000.000	38000.000	0.2000
162	Waveform 1	1	1605.859997396	1605.861330729	22000.000	38000.000	1.0000
162	Spectrogram 1	1	1605.859997396	1605.861330729	22000.000	38000.000	1.0000
163	Waveform 1	1	1607.114664062	1607.120664062	22000.000	38000.000	0.2222
163	Spectrogram 1	1	1607.114664062	1607.120664062	22000.000	38000.000	0.2222
164	Waveform 1	1	1643.532664062	1643.548664062	22000.000	38000.000	0.0833
164	Spectrogram 1	1	1643.532664062	1643.548664062	22000.000	38000.000	0.0833
165	Waveform 1	1	1645.352664063	1645.369997396	22000.000	38000.000	0.0769
165	Spectrogram 1	1	1645.352664063	1645.369997396	22000.000	38000.000	0.0769
166	Waveform 1	1	1645.623330729	1645.632664062	22000.000	38000.000	0.5714
166	Spectrogram 1	1	1645.623330729	1645.632664062	22000.000	38000.000	0.5714
167	Waveform 1	1	1646.402664062	1646.411330729	22000.000	38000.000	0.1538
167	Spectrogram 1	1	1646.402664062	1646.411330729	22000.000	38000.000	0.1538
168	Waveform 1	1	1675.486664063	1675.500664062	22000.000	38000.000	0.1905
168	Spectrogram 1	1	1675.486664063	1675.500664062	22000.000	38000.000	0.1905
169	Waveform 1	1	1675.750664062	1675.753330729	22000.000	38000.000	0.5000
169	Spectrogram 1	1	1675.750664062	1675.753330729	22000.000	38000.000	0.5000
170	Waveform 1	1	1676.001997396	1676.013330729	22000.000	38000.000	0.3529
170	Spectrogram 1	1	1676.001997396	1676.013330729	22000.000	38000.000	0.3529
171	Waveform 1	1	1678.331997396	1678.345997396	22000.000	38000.000	0.1429
171	Spectrogram 1	1	1678.331997396	1678.345997396	22000.000	38000.000	0.1429
172	Waveform 1	1	1678.990664062	1678.991997396	22000.000	38000.000	1.0000
172	Spectrogram 1	1	1678.990664062	1678.991997396	22000.000	38000.000	1.0000
173	Waveform 1	1	1679.541330729	1679.551330729	22000.000	38000.000	0.2667
173	Spectrogram 1	1	1679.541330729	1679.551330729	22000.000	38000.000	0.2667
174	Waveform 1	1	1679.653997396	1679.660664063	22000.000	38000.000	0.2000
174	Spectrogram 1	1	1679.653997396	1679.660664063	22000.000	38000.000	0.2000
175	Waveform 1	1	1680.293997396	1680.301997396	22000.000	38000.000	0.4167
175	Spectrogram 1	1	1680.293997396	1680.301997396	22000.000	38000.000	0.4167
176	Waveform 1	1	1680.425997396	1680.433997396	22000.000	38000.000	0.1667
176	Spectrogram 1	1	1680.425997396	1680.433997396	22000.000	38000.000	0.1667
177	Waveform 1	1	1680.662664062	1680.686664062	22000.000	38000.000	0.1944
177	Spectrogram 1	1	1680.662664062	1680.686664062	22000.000	38000.000	0.1944
178	Waveform 1	1	1680.937997396	1680.946664062	22000.000	38000.000	0.1538
178	Spectrogram 1	1	1680.937997396	1680.946664062	22000.000	38000.000	0.1538
179	Waveform 1	1	1681.311997396	1681.339330729	22000.000	38000.000	0.1707
179	Spectrogram 1	1	1681.311997396	1681.339330729	22000.000	38000.000	0.1707
180	Waveform 1	1	1682.238664062	1682.247997396	22000.000	38000.000	0.1429
180	Spectrogram 1	1	1682.238664062	1682.247997396	22000.000	38000.000	0.1429
181	Waveform 1	1	1684.993997396	1685.000664062	22000.000	38000.000	0.3000
181	Spectrogram 1	1	1684.993997396	1685.000664062	22000.000	38000.000	0.3000
182	Waveform 1	1	1686.291997396	1686.293997396	22000.000	38000.000	0.6667
182	Spectrogram 1	1	1686.291997396	1686.293997396	22000.000	38000.000	0.6667
183	Waveform 1	1	1686.807330729	1686.819330729	22000.000	38000.000	0.2222
183	Spectrogram 1	1	1686.807330729	1686.819330729	22000.000	38000.000	0.2222
184	Waveform 1	1	1687.229997396	1687.246664063	22000.000	38000.000	0.2800
184	Spectrogram 1	1	1687.229997396	1687.246664063	22000.000	38000.000	0.2800
185	Waveform 1	1	1691.265997396	1691.279330729	22000.000	38000.000	0.1500
185	Spectrogram 1	1	1691.265997396	1691.279330729	22000.000	38000.000	0.1500
186	Waveform 1	1	1691.905330729	1691.941997396	22000.000	38000.000	0.0727
186	Spectrogram 1	1	1691.905330729	1691.941997396	22000.000	38000.000	0.0727
187	Waveform 1	1	1692.887997396	1692.893997396	22000.000	38000.000	0.3333
187	Spectrogram 1	1	1692.887997396	1692.893997396	22000.000	38000.000	0.3333
188	Waveform 1	1	1714.527997396	1714.535330729	22000.000	38000.000	0.1818
188	Spectrogram 1	1	1714.527997396	1714.535330729	22000.000	38000.000	0.1818
189	Waveform 1	1	1752.416664062	1752.427997396	22000.000	38000.000	0.1765
189	Spectrogram 1	1	1752.416664062	1752.427997396	22000.000	38000.000	0.1765
190	Waveform 1	1	1752.704664062	1752.714664062	22000.000	38000.000	0.3333
190	Spectrogram 1	1	1752.704664062	1752.714664062	22000.000	38000.000	0.3333
191	Waveform 1	1	1753.107997396	1753.114664062	22000.000	38000.000	0.4000
191	Spectrogram 1	1	1753.107997396	1753.114664062	22000.000	38000.000	0.4000
192	Waveform 1	1	1753.357997396	1753.372664063	22000.000	38000.000	0.3636
192	Spectrogram 1	1	1753.357997396	1753.372664063	22000.000	38000.000	0.3636
193	Waveform 1	1	1753.775997396	1753.795997396	22000.000	38000.000	0.1333
193	Spectrogram 1	1	1753.775997396	1753.795997396	22000.000	38000.000	0.1333
194	Waveform 1	1	1753.911997396	1753.935330729	22000.000	38000.000	0.0857
194	Spectrogram 1	1	1753.911997396	1753.935330729	22000.000	38000.000	0.0857
195	Waveform 1	1	1754.172664062	1754.202664062	22000.000	38000.000	0.1556
195	Spectrogram 1	1	1754.172664062	1754.202664062	22000.000	38000.000	0.1556
196	Waveform 1	1	1754.315330729	1754.339330729	22000.000	38000.000	0.4444
196	Spectrogram 1	1	1754.315330729	1754.339330729	22000.000	38000.000	0.4444
197	Waveform 1	1	1754.577997396	1754.619330729	22000.000	38000.000	0.1935
197	Spectrogram 1	1	1754.577997396	1754.619330729	22000.000	38000.000	0.1935
198	Waveform 1	1	1754.729330729	1754.753330729	22000.000	38000.000	0.2500
198	Spectrogram 1	1	1754.729330729	1754.753330729	22000.000	38000.000	0.2500
199	Waveform 1	1	1754.986664063	1755.041997396	22000.000	38000.000	0.1928
199	Spectrogram 1	1	1754.986664063	1755.041997396	22000.000	38000.000	0.1928
200	Waveform 1	1	1755.255997396	1755.293330729	22000.000	38000.000	0.2857
200	Spectrogram 1	1	1755.255997396	1755.293330729	22000.000	38000.000	0.2857
201	Waveform 1	1	1755.519330729	1755.585997396	22000.000	38000.000	0.2200
201	Spectrogram 1	1	1755.519330729	1755.585997396	22000.000	38000.000	0.2200
202	Waveform 1	1	1755.787330729	1755.825997396	22000.000	38000.000	0.3103
202	Spectrogram 1	1	1755.787330729	1755.825997396	22000.000	38000.000	0.3103
203	Waveform 1	1	1756.035330729	1756.114664062	22000.000	38000.000	0.1429
203	Spectrogram 1	1	1756.035330729	1756.114664062	22000.000	38000.000	0.1429
204	Waveform 1	1	1756.298664062	1756.371330729	22000.000	38000.000	0.1101
204	Spectrogram 1	1	1756.298664062	1756.371330729	22000.000	38000.000	0.1101
205	Waveform 1	1	1756.461997396	1756.487330729	22000.000	38000.000	0.4211
205	Spectrogram 1	1	1756.461997396	1756.487330729	22000.000	38000.000	0.4211
206	Waveform 1	1	1756.612664063	1756.619997396	22000.000	38000.000	0.3636
206	Spectrogram 1	1	1756.612664063	1756.619997396	22000.000	38000.000	0.3636
207	Waveform 1	1	1756.893997396	1756.936664062	22000.000	38000.000	0.1250
207	Spectrogram 1	1	1756.893997396	1756.936664062	22000.000	38000.000	0.1250
208	Waveform 1	1	1757.138664062	1757.172664062	22000.000	38000.000	0.1765
208	Spectrogram 1	1	1757.138664062	1757.172664062	22000.000	38000.000	0.1765
209	Waveform 1	1	1757.264664062	1757.281330729	22000.000	38000.000	0.2800
209	Spectrogram 1	1	1757.264664062	1757.281330729	22000.000	38000.000	0.2800
210	Waveform 1	1	1757.367997396	1757.396664062	22000.000	38000.000	0.2558
210	Spectrogram 1	1	1757.367997396	1757.396664062	22000.000	38000.000	0.2558
211	Waveform 1	1	1757.489997396	1757.509997396	22000.000	38000.000	0.4000
211	Spectrogram 1	1	1757.489997396	1757.509997396	22000.000	38000.000	0.4000
212	Waveform 1	1	1757.604664062	1757.637997396	22000.000	38000.000	0.3400
212	Spectrogram 1	1	1757.604664062	1757.637997396	22000.000	38000.000	0.3400
213	Waveform 1	1	1757.741330729	1757.770664062	22000.000	38000.000	0.1364
213	Spectrogram 1	1	1757.741330729	1757.770664062	22000.000	38000.000	0.1364
214	Waveform 1	1	1757.890664063	1757.940664062	22000.000	38000.000	0.1067
214	Spectrogram 1	1	1757.890664063	1757.940664062	22000.000	38000.000	0.1067
215	Waveform 1	1	1758.159330729	1758.217997396	22000.000	38000.000	0.2159
215	Spectrogram 1	1	1758.159330729	1758.217997396	22000.000	38000.000	0.2159
216	Waveform 1	1	1758.417330729	1758.453997396	22000.000	38000.000	0.2182
216	Spectrogram 1	1	1758.417330729	1758.453997396	22000.000	38000.000	0.2182
217	Waveform 1	1	1758.559330729	1758.586664062	22000.000	38000.000	0.1463
217	Spectrogram 1	1	1758.559330729	1758.586664062	22000.000	38000.000	0.1463
218	Waveform 1	1	1758.828664062	1758.858664062	22000.000	38000.000	0.0889
218	Spectrogram 1	1	1758.828664062	1758.858664062	22000.000	38000.000	0.0889
219	Waveform 1	1	1758.924664062	1758.995330729	22000.000	38000.000	0.0849
219	Spectrogram 1	1	1758.924664062	1758.995330729	22000.000	38000.000	0.0849
220	Waveform 1	1	1759.252664062	1759.269330729	22000.000	38000.000	0.0800
220	Spectrogram 1	1	1759.252664062	1759.269330729	22000.000	38000.000	0.0800
221	Waveform 1	1	1759.525997396	1759.569997396	22000.000	38000.000	0.1061
221	Spectrogram 1	1	1759.525997396	1759.569997396	22000.000	38000.000	0.1061
222	Waveform 1	1	1759.827997396	1759.836664062	22000.000	38000.000	0.2308
222	Spectrogram 1	1	1759.827997396	1759.836664062	22000.000	38000.000	0.2308
223	Waveform 1	1	1761.813330729	1761.837330729	22000.000	38000.000	0.0833
223	Spectrogram 1	1	1761.813330729	1761.837330729	22000.000	38000.000	0.0833
224	Waveform 1	1	1762.804664063	1762.821997396	22000.000	38000.000	0.0769
224	Spectrogram 1	1	1762.804664063	1762.821997396	22000.000	38000.000	0.0769
225	Waveform 1	1	1773.963330729	1773.974664062	22000.000	38000.000	0.2941
225	Spectrogram 1	1	1773.963330729	1773.974664062	22000.000	38000.000	0.2941
226	Waveform 1	1	1779.306664062	1779.307997396	22000.000	38000.000	1.0000
226	Spectrogram 1	1	1779.306664062	1779.307997396	22000.000	38000.000	1.0000
