Selection	View	Channel	Begin Time (s)	End Time (s)	Low Freq (Hz)	High Freq (Hz)	Occupancy
1	Waveform 1	1	248.306174000	248.307710000	22000.000	38000.000	0.6667
1	Spectrogram 1	1	248.306174000	248.307710000	22000.000	38000.000	0.6667
2	Waveform 1	1	268.044286000	268.050942000	22000.000	38000.000	0.1538
2	Spectrogram 1	1	268.044286000	268.050942000	22000.000	38000.000	0.1538
3	Waveform 1	1	282.478590000	282.484734000	22000.000	38000.000	0.1667
3	Spectrogram 1	1	282.478590000	282.484734000	22000.000	38000.000	0.1667
4	Waveform 1	1	306.363902000	306.370558000	22000.000	38000.000	0.5385
4	Spectrogram 1	1	306.363902000	306.370558000	22000.000	38000.000	0.5385
5	Waveform 1	1	416.423934000	416.424958000	22000.000	38000.000	1.0000
5	Spectrogram 1	1	416.423934000	416.424958000	22000.000	38000.000	1.0000
6	Waveform 1	1	417.380350000	417.382910000	22000.000	38000.000	0.4000
6	Spectrogram 1	1	417.380350000	417.382910000	22000.000	38000.000	0.4000
7	Waveform 1	1	418.575358000	418.576382000	22000.000	38000.000	1.0000
7	Spectrogram 1	1	418.575358000	418.576382000	22000.000	38000.000	1.0000
8	Waveform 1	1	418.841598000	418.852862000	22000.000	38000.000	0.1818
8	Spectrogram 1	1	418.841598000	418.852862000	22000.000	38000.000	0.1818
9	Waveform 1	1	419.777022000	419.781118000	22000.000	38000.000	0.3750
9	Spectrogram 1	1	419.777022000	419.781118000	22000.000	38000.000	0.3750
10	Waveform 1	1	420.795902000	420.801534000	22000.000	38000.000	0.3636
10	Spectrogram 1	1	420.795902000	420.801534000	22000.000	38000.000	0.3636
11	Waveform 1	1	421.072894000	421.099006000	22000.000	38000.000	0.1961
11	Spectrogram 1	1	421.072894000	421.099006000	22000.000	38000.000	0.1961
12	Waveform 1	1	422.161918000	422.189566000	22000.000	38000.000	0.1296
12	Spectrogram 1	1	422.161918000	422.189566000	22000.000	38000.000	0.1296
13	Waveform 1	1	423.380478000	423.391230000	22000.000	38000.000	0.1429
13	Spectrogram 1	1	423.380478000	423.391230000	22000.000	38000.000	0.1429
14	Waveform 1	1	425.197566000	425.200126000	22000.000	38000.000	0.6000
14	Spectrogram 1	1	425.197566000	425.200126000	22000.000	38000.000	0.6000
15	Waveform 1	1	512.785918000	512.786942000	22000.000	38000.000	1.0000
15	Spectrogram 1	1	512.785918000	512.786942000	22000.000	38000.000	1.0000
16	Waveform 1	1	551.806462000	551.815166000	22000.000	38000.000	0.1765
16	Spectrogram 1	1	551.806462000	551.815166000	22000.000	38000.000	0.1765
17	Waveform 1	1	553.206270000	553.223166000	22000.000	38000.000	0.1212
17	Spectrogram 1	1	553.206270000	553.223166000	22000.000	38000.000	0.1212
18	Waveform 1	1	554.119166000	554.137598000	22000.000	38000.000	0.2778
18	Spectrogram 1	1	554.119166000	554.137598000	22000.000	38000.000	0.2778
19	Waveform 1	1	555.764222000	555.790846000	22000.000	38000.000	0.3846
19	Spectrogram 1	1	555.764222000	555.790846000	22000.000	38000.000	0.3846
20	Waveform 1	1	555.919870000	555.935742000	22000.000	38000.000	0.3226
20	Spectrogram 1	1	555.919870000	555.935742000	22000.000	38000.000	0.3226
21	Waveform 1	1	556.176894000	556.251646000	22000.000	38000.000	0.0890
21	Spectrogram 1	1	556.176894000	556.251646000	22000.000	38000.000	0.0890
22	Waveform 1	1	556.447742000	556.460030000	22000.000	38000.000	0.2917
22	Spectrogram 1	1	556.447742000	556.460030000	22000.000	38000.000	0.2917
23	Waveform 1	1	556.690942000	556.711422000	22000.000	38000.000	0.1500
23	Spectrogram 1	1	556.690942000	556.711422000	22000.000	38000.000	0.1500
24	Waveform 1	1	557.331454000	557.410814000	22000.000	38000.000	0.0968
24	Spectrogram 1	1	557.331454000	557.410814000	22000.000	38000.000	0.0968
25	Waveform 1	1	557.477886000	557.512702000	22000.000	38000.000	0.2794
25	Spectrogram 1	1	557.477886000	557.512702000	22000.000	38000.000	0.2794
26	Waveform 1	1	557.611006000	557.629950000	22000.000	38000.000	0.3784
26	Spectrogram 1	1	557.611006000	557.629950000	22000.000	38000.000	0.3784
27	Waveform 1	1	557.747710000	557.755390000	22000.000	38000.000	0.1333
27	Spectrogram 1	1	557.747710000	557.755390000	22000.000	38000.000	0.1333
28	Waveform 1	1	557.882366000	557.896702000	22000.000	38000.000	0.2500
28	Spectrogram 1	1	557.882366000	557.896702000	22000.000	38000.000	0.2500
29	Waveform 1	1	558.105598000	558.124542000	22000.000	38000.000	0.5946
29	Spectrogram 1	1	558.105598000	558.124542000	22000.000	38000.000	0.5946
30	Waveform 1	1	558.240766000	558.272510000	22000.000	38000.000	0.2903
30	Spectrogram 1	1	558.240766000	558.272510000	22000.000	38000.000	0.2903
31	Waveform 1	1	558.383102000	558.391294000	22000.000	38000.000	0.1875
31	Spectrogram 1	1	558.383102000	558.391294000	22000.000	38000.000	0.1875
32	Waveform 1	1	559.657470000	559.716350000	22000.000	38000.000	0.2609
32	Spectrogram 1	1	559.657470000	559.716350000	22000.000	38000.000	0.2609
33	Waveform 1	1	559.800830000	559.831550000	22000.000	38000.000	0.3333
33	Spectrogram 1	1	559.800830000	559.831550000	22000.000	38000.000	0.3333
34	Waveform 1	1	559.948286000	559.963646000	22000.000	38000.000	0.3667
34	Spectrogram 1	1	559.948286000	559.963646000	22000.000	38000.000	0.3667
35	Waveform 1	1	560.076798000	560.089598000	22000.000	38000.000	0.3600
35	Spectrogram 1	1	560.076798000	560.089598000	22000.000	38000.000	0.3600
36	Waveform 1	1	560.221182000	560.241662000	22000.000	38000.000	0.3500
36	Spectrogram 1	1	560.221182000	560.241662000	22000.000	38000.000	0.3500
37	Waveform 1	1	560.358398000	560.375294000	22000.000	38000.000	0.4242
37	Spectrogram 1	1	560.358398000	560.375294000	22000.000	38000.000	0.4242
38	Waveform 1	1	560.602110000	560.622590000	22000.000	38000.000	0.1750
38	Spectrogram 1	1	560.602110000	560.622590000	22000.000	38000.000	0.1750
39	Waveform 1	1	560.982526000	561.061374000	22000.000	38000.000	0.1104
39	Spectrogram 1	1	560.982526000	561.061374000	22000.000	38000.000	0.1104
40	Waveform 1	1	561.233918000	561.261054000	22000.000	38000.000	0.1321
40	Spectrogram 1	1	561.233918000	561.261054000	22000.000	38000.000	0.1321
41	Waveform 1	1	561.470974000	561.512958000	22000.000	38000.000	0.2195
41	Spectrogram 1	1	561.470974000	561.512958000	22000.000	38000.000	0.2195
42	Waveform 1	1	561.828862000	561.896958000	22000.000	38000.000	0.1729
42	Spectrogram 1	1	561.828862000	561.896958000	22000.000	38000.000	0.1729
43	Waveform 1	1	562.081278000	562.103294000	22000.000	38000.000	0.0930
43	Spectrogram 1	1	562.081278000	562.103294000	22000.000	38000.000	0.0930
44	Waveform 1	1	562.456574000	562.535422000	22000.000	38000.000	0.0779
44	Spectrogram 1	1	562.456574000	562.535422000	22000.000	38000.000	0.0779
45	Waveform 1	1	562.831870000	562.870782000	22000.000	38000.000	0.1447
45	Spectrogram 1	1	562.831870000	562.870782000	22000.000	38000.000	0.1447
46	Waveform 1	1	563.092478000	563.111422000	22000.000	38000.000	0.1622
46	Spectrogram 1	1	563.092478000	563.111422000	22000.000	38000.000	0.1622
47	Waveform 1	1	563.473406000	563.523582000	22000.000	38000.000	0.1122
47	Spectrogram 1	1	563.473406000	563.523582000	22000.000	38000.000	0.1122
48	Waveform 1	1	563.739134000	563.747326000	22000.000	38000.000	0.4375
48	Spectrogram 1	1	563.739134000	563.747326000	22000.000	38000.000	0.4375
49	Waveform 1	1	564.155390000	564.185086000	22000.000	38000.000	0.1379
49	Spectrogram 1	1	564.155390000	564.185086000	22000.000	38000.000	0.1379
50	Waveform 1	1	564.402686000	564.426750000	22000.000	38000.000	0.2340
50	Spectrogram 1	1	564.402686000	564.426750000	22000.000	38000.000	0.2340
51	Waveform 1	1	565.478910000	565.483518000	22000.000	38000.000	0.2222
51	Spectrogram 1	1	565.478910000	565.483518000	22000.000	38000.000	0.2222
52	Waveform 1	1	568.315390000	568.320510000	22000.000	38000.000	0.2000
52	Spectrogram 1	1	568.315390000	568.320510000	22000.000	38000.000	0.2000
53	Waveform 1	1	568.631294000	568.642046000	22000.000	38000.000	0.1429
53	Spectrogram 1	1	568.631294000	568.642046000	22000.000	38000.000	0.1429
54	Waveform 1	1	568.856574000	568.879614000	22000.000	38000.000	0.1778
54	Spectrogram 1	1	568.856574000	568.879614000	22000.000	38000.000	0.1778
55	Waveform 1	1	571.940350000	571.941374000	22000.000	38000.000	1.0000
55	Spectrogram 1	1	571.940350000	571.941374000	22000.000	38000.000	1.0000
56	Waveform 1	1	573.423102000	573.426174000	22000.000	38000.000	0.3333
56	Spectrogram 1	1	573.423102000	573.426174000	22000.000	38000.000	0.3333
57	Waveform 1	1	574.225406000	574.227454000	22000.000	38000.000	0.5000
57	Spectrogram 1	1	574.225406000	574.227454000	22000.000	38000.000	0.5000
58	Waveform 1	1	574.761470000	574.769662000	22000.000	38000.000	0.5000
58	Spectrogram 1	1	574.761470000	574.769662000	22000.000	38000.000	0.5000
59	Waveform 1	1	575.665662000	575.675902000	22000.000	38000.000	0.4000
59	Spectrogram 1	1	575.665662000	575.675902000	22000.000	38000.000	0.4000
60	Waveform 1	1	576.194046000	576.203774000	22000.000	38000.000	0.4211
60	Spectrogram 1	1	576.194046000	576.203774000	22000.000	38000.000	0.4211
61	Waveform 1	1	576.850942000	576.872446000	22000.000	38000.000	0.1667
61	Spectrogram 1	1	576.850942000	576.872446000	22000.000	38000.000	0.1667
62	Waveform 1	1	577.777150000	577.787390000	22000.000	38000.000	0.1500
62	Spectrogram 1	1	577.777150000	577.787390000	22000.000	38000.000	0.1500
63	Waveform 1	1	578.044414000	578.060286000	22000.000	38000.000	0.4194
63	Spectrogram 1	1	578.044414000	578.060286000	22000.000	38000.000	0.4194
64	Waveform 1	1	578.441726000	578.484734000	22000.000	38000.000	0.1429
64	Spectrogram 1	1	578.441726000	578.484734000	22000.000	38000.000	0.1429
65	Waveform 1	1	579.103742000	579.142142000	22000.000	38000.000	0.1467
65	Spectrogram 1	1	579.103742000	579.142142000	22000.000	38000.000	0.1467
66	Waveform 1	1	579.374590000	579.390462000	22000.000	38000.000	0.2258
66	Spectrogram 1	1	579.374590000	579.390462000	22000.000	38000.000	0.2258
67	Waveform 1	1	580.017662000	580.018686000	22000.000	38000.000	1.0000
67	Spectrogram 1	1	580.017662000	580.018686000	22000.000	38000.000	1.0000
68	Waveform 1	1	580.124670000	580.125694000	22000.000	38000.000	1.0000
68	Spectrogram 1	1	580.124670000	580.125694000	22000.000	38000.000	1.0000
69	Waveform 1	1	580.300798000	580.306942000	22000.000	38000.000	0.1667
69	Spectrogram 1	1	580.300798000	580.306942000	22000.000	38000.000	0.1667
70	Waveform 1	1	581.127678000	581.129214000	22000.000	38000.000	1.0000
70	Spectrogram 1	1	581.127678000	581.129214000	22000.000	38000.000	1.0000
71	Waveform 1	1	581.277182000	581.287422000	22000.000	38000.000	0.2500
71	Spectrogram 1	1	581.277182000	581.287422000	22000.000	38000.000	0.2500
72	Waveform 1	1	581.529086000	581.561342000	22000.000	38000.000	0.2222
72	Spectrogram 1	1	581.529086000	581.561342000	22000.000	38000.000	0.2222
73	Waveform 1	1	582.664702000	582.683646000	22000.000	38000.000	0.1622
73	Spectrogram 1	1	582.664702000	582.683646000	22000.000	38000.000	0.1622
74	Waveform 1	1	583.462398000	583.464958000	22000.000	38000.000	1.0000
74	Spectrogram 1	1	583.462398000	583.464958000	22000.000	38000.000	1.0000
75	Waveform 1	1	583.646718000	583.651838000	22000.000	38000.000	0.5000
75	Spectrogram 1	1	583.646718000	583.651838000	22000.000	38000.000	0.5000
76	Waveform 1	1	585.105918000	585.111550000	22000.000	38000.000	0.7273
76	Spectrogram 1	1	585.105918000	585.111550000	22000.000	38000.000	0.7273
77	Waveform 1	1	586.006014000	586.038782000	22000.000	38000.000	0.1406
77	Spectrogram 1	1	586.006014000	586.038782000	22000.000	38000.000	0.1406
78	Waveform 1	1	586.273278000	586.292222000	22000.000	38000.000	0.0811
78	Spectrogram 1	1	586.273278000	586.292222000	22000.000	38000.000	0.0811
79	Waveform 1	1	587.232766000	587.277310000	22000.000	38000.000	0.1724
79	Spectrogram 1	1	587.232766000	587.277310000	22000.000	38000.000	0.1724
80	Waveform 1	1	587.517950000	587.540478000	22000.000	38000.000	0.1136
80	Spectrogram 1	1	587.517950000	587.540478000	22000.000	38000.000	0.1136
81	Waveform 1	1	587.941886000	587.980286000	22000.000	38000.000	0.0933
81	Spectrogram 1	1	587.941886000	587.980286000	22000.000	38000.000	0.0933
82	Waveform 1	1	588.351486000	588.373502000	22000.000	38000.000	0.1395
82	Spectrogram 1	1	588.351486000	588.373502000	22000.000	38000.000	0.1395
83	Waveform 1	1	588.758526000	588.791294000	22000.000	38000.000	0.1562
83	Spectrogram 1	1	588.758526000	588.791294000	22000.000	38000.000	0.1562
84	Waveform 1	1	589.050878000	589.051902000	22000.000	38000.000	1.0000
84	Spectrogram 1	1	589.050878000	589.051902000	22000.000	38000.000	1.0000
85	Waveform 1	1	589.454334000	589.508094000	22000.000	38000.000	0.1810
85	Spectrogram 1	1	589.454334000	589.508094000	22000.000	38000.000	0.1810
86	Waveform 1	1	589.737982000	589.743102000	22000.000	38000.000	0.8000
86	Spectrogram 1	1	589.737982000	589.743102000	22000.000	38000.000	0.8000
87	Waveform 1	1	590.702078000	590.717950000	22000.000	38000.000	0.1613
87	Spectrogram 1	1	590.702078000	590.717950000	22000.000	38000.000	0.1613
88	Waveform 1	1	590.986750000	590.999550000	22000.000	38000.000	0.0800
88	Spectrogram 1	1	590.986750000	590.999550000	22000.000	38000.000	0.0800
89	Waveform 1	1	591.381502000	591.449598000	22000.000	38000.000	0.1203
89	Spectrogram 1	1	591.381502000	591.449598000	22000.000	38000.000	0.1203
90	Waveform 1	1	593.285630000	593.287678000	22000.000	38000.000	0.5000
90	Spectrogram 1	1	593.285630000	593.287678000	22000.000	38000.000	0.5000
91	Waveform 1	1	593.818110000	593.845758000	22000.000	38000.000	0.1481
91	Spectrogram 1	1	593.818110000	593.845758000	22000.000	38000.000	0.1481
92	Waveform 1	1	594.625022000	594.642942000	22000.000	38000.000	0.1429
92	Spectrogram 1	1	594.625022000	594.642942000	22000.000	38000.000	0.1429
93	Waveform 1	1	595.961342000	595.978238000	22000.000	38000.000	0.3030
93	Spectrogram 1	1	595.961342000	595.978238000	22000.000	38000.000	0.3030
94	Waveform 1	1	653.554686000	653.559294000	22000.000	38000.000	0.3333
94	Spectrogram 1	1	653.554686000	653.559294000	22000.000	38000.000	0.3333
95	Waveform 1	1	698.582526000	698.583550000	22000.000	38000.000	1.0000
95	Spectrogram 1	1	698.582526000	698.583550000	22000.000	38000.000	1.0000
96	Waveform 1	1	707.645438000	707.654142000	22000.000	38000.000	0.3529
96	Spectrogram 1	1	707.645438000	707.654142000	22000.000	38000.000	0.3529
97	Waveform 1	1	708.282366000	708.295166000	22000.000	38000.000	0.2400
97	Spectrogram 1	1	708.282366000	708.295166000	22000.000	38000.000	0.2400
98	Waveform 1	1	764.606462000	764.607486000	22000.000	38000.000	1.0000
98	Spectrogram 1	1	764.606462000	764.607486000	22000.000	38000.000	1.0000
99	Waveform 1	1	796.320766000	796.321790000	22000.000	38000.000	1.0000
99	Spectrogram 1	1	796.320766000	796.321790000	22000.000	38000.000	1.0000
100	Waveform 1	1	969.624574000	969.628670000	22000.000	38000.000	0.2500
100	Spectrogram 1	1	969.624574000	969.628670000	22000.000	38000.000	0.2500
101	Waveform 1	1	970.497022000	970.500606000	22000.000	38000.000	0.2857
101	Spectrogram 1	1	970.497022000	970.500606000	22000.000	38000.000	0.2857
102	Waveform 1	1	970.702846000	970.706430000	22000.000	38000.000	0.5714
102	Spectrogram 1	1	970.702846000	970.706430000	22000.000	38000.000	0.5714
103	Waveform 1	1	971.212286000	971.221502000	22000.000	38000.000	0.5000
103	Spectrogram 1	1	971.212286000	971.221502000	22000.000	38000.000	0.5000
104	Waveform 1	1	971.425790000	971.436030000	22000.000	38000.000	0.1500
104	Spectrogram 1	1	971.425790000	971.436030000	22000.000	38000.000	0.1500
105	Waveform 1	1	971.652606000	971.662334000	22000.000	38000.000	0.2632
105	Spectrogram 1	1	971.652606000	971.662334000	22000.000	38000.000	0.2632
106	Waveform 1	1	971.753982000	971.755006000	22000.000	38000.000	1.0000
106	Spectrogram 1	1	971.753982000	971.755006000	22000.000	38000.000	1.0000
107	Waveform 1	1	971.880446000	971.883006000	22000.000	38000.000	0.6000
107	Spectrogram 1	1	971.880446000	971.883006000	22000.000	38000.000	0.6000
108	Waveform 1	1	972.503038000	972.507134000	22000.000	38000.000	0.5000
108	Spectrogram 1	1	972.503038000	972.507134000	22000.000	38000.000	0.5000
109	Waveform 1	1	972.702206000	972.706814000	22000.000	38000.000	0.3333
109	Spectrogram 1	1	972.702206000	972.706814000	22000.000	38000.000	0.3333
110	Waveform 1	1	973.002750000	973.010942000	22000.000	38000.000	0.4375
110	Spectrogram 1	1	973.002750000	973.010942000	22000.000	38000.000	0.4375
111	Waveform 1	1	973.112318000	973.117438000	22000.000	38000.000	0.4000
111	Spectrogram 1	1	973.112318000	973.117438000	22000.000	38000.000	0.4000
112	Waveform 1	1	973.222398000	973.226494000	22000.000	38000.000	0.5000
112	Spectrogram 1	1	973.222398000	973.226494000	22000.000	38000.000	0.5000
113	Waveform 1	1	973.421566000	973.423102000	22000.000	38000.000	0.6667
113	Spectrogram 1	1	973.421566000	973.423102000	22000.000	38000.000	0.6667
114	Waveform 1	1	973.817854000	973.822462000	22000.000	38000.000	0.5556
114	Spectrogram 1	1	973.817854000	973.822462000	22000.000	38000.000	0.5556
115	Waveform 1	1	975.517694000	975.520766000	22000.000	38000.000	0.3333
115	Spectrogram 1	1	975.517694000	975.520766000	22000.000	38000.000	0.3333
116	Waveform 1	1	1260.437502000	1260.438526000	22000.000	38000.000	1.0000
116	Spectrogram 1	1	1260.437502000	1260.438526000	22000.000	38000.000	1.0000
117	Waveform 1	1	1294.945278000	1294.947326000	22000.000	38000.000	0.5000
117	Spectrogram 1	1	1294.945278000	1294.947326000	22000.000	38000.000	0.5000
118	Waveform 1	1	1358.423038000	1358.425598000	22000.000	38000.000	0.4000
118	Spectrogram 1	1	1358.423038000	1358.425598000	22000.000	38000.000	0.4000
119	Waveform 1	1	1422.270462000	1422.273534000	22000.000	38000.000	0.3333
119	Spectrogram 1	1	1422.270462000	1422.273534000	22000.000	38000.000	0.3333
120	Waveform 1	1	1531.028478000	1531.031550000	22000.000	38000.000	0.3333
120	Spectrogram 1	1	1531.028478000	1531.031550000	22000.000	38000.000	0.3333
121	Waveform 1	1	1539.275774000	1539.277822000	22000.000	38000.000	0.7500
121	Spectrogram 1	1	1539.275774000	1539.277822000	22000.000	38000.000	0.7500
