Selection	View	Channel	Begin Time (s)	End Time (s)	Low Freq (Hz)	High Freq (Hz)	Occupancy
1	Waveform 1	1	427.196664063	427.199330729	38000.000	81000.000	0.7500
1	Spectrogram 1	1	427.196664063	427.199330729	38000.000	81000.000	0.7500
2	Waveform 1	1	427.298664062	427.300664063	38000.000	81000.000	0.6667
2	Spectrogram 1	1	427.298664062	427.300664063	38000.000	81000.000	0.6667
3	Waveform 1	1	427.393997396	427.395330729	38000.000	81000.000	1.0000
3	Spectrogram 1	1	427.393997396	427.395330729	38000.000	81000.000	1.0000
4	Waveform 1	1	427.457997396	427.464664062	38000.000	81000.000	0.3000
4	Spectrogram 1	1	427.457997396	427.464664062	38000.000	81000.000	0.3000
5	Waveform 1	1	427.530664062	427.535330729	38000.000	81000.000	0.5714
5	Spectrogram 1	1	427.530664062	427.535330729	38000.000	81000.000	0.5714
6	Waveform 1	1	427.623330729	427.634664063	38000.000	81000.000	0.3529
6	Spectrogram 1	1	427.623330729	427.634664063	38000.000	81000.000	0.3529
7	Waveform 1	1	427.717997396	427.728664063	38000.000	81000.000	0.3750
7	Spectrogram 1	1	427.717997396	427.728664063	38000.000	81000.000	0.3750
8	Waveform 1	1	427.803997396	427.808664062	38000.000	81000.000	0.4286
8	Spectrogram 1	1	427.803997396	427.808664062	38000.000	81000.000	0.4286
9	Waveform 1	1	427.921330729	427.927997396	38000.000	81000.000	0.3000
9	Spectrogram 1	1	427.921330729	427.927997396	38000.000	81000.000	0.3000
10	Waveform 1	1	428.134664063	428.148664063	38000.000	81000.000	0.2857
10	Spectrogram 1	1	428.134664063	428.148664063	38000.000	81000.000	0.2857
11	Waveform 1	1	428.218664063	428.219997396	38000.000	81000.000	1.0000
11	Spectrogram 1	1	428.218664063	428.219997396	38000.000	81000.000	1.0000
12	Waveform 1	1	428.370664062	428.383997396	38000.000	81000.000	0.3000
12	Spectrogram 1	1	428.370664062	428.383997396	38000.000	81000.000	0.3000
13	Waveform 1	1	428.443330729	428.457997396	38000.000	81000.000	0.2727
13	Spectrogram 1	1	428.443330729	428.457997396	38000.000	81000.000	0.2727
14	Waveform 1	1	428.580664062	428.590664062	38000.000	81000.000	0.3333
14	Spectrogram 1	1	428.580664062	428.590664062	38000.000	81000.000	0.3333
15	Waveform 1	1	428.837997396	428.847330729	38000.000	81000.000	0.2857
15	Spectrogram 1	1	428.837997396	428.847330729	38000.000	81000.000	0.2857
16	Waveform 1	1	429.225330729	429.235330729	38000.000	81000.000	0.2000
16	Spectrogram 1	1	429.225330729	429.235330729	38000.000	81000.000	0.2000
17	Waveform 1	1	505.617330729	505.618664062	38000.000	81000.000	1.0000
17	Spectrogram 1	1	505.617330729	505.618664062	38000.000	81000.000	1.0000
18	Waveform 1	1	505.730664063	505.737997396	38000.000	81000.000	0.4545
18	Spectrogram 1	1	505.730664063	505.737997396	38000.000	81000.000	0.4545
19	Waveform 1	1	505.789330729	505.795997396	38000.000	81000.000	0.5000
19	Spectrogram 1	1	505.789330729	505.795997396	38000.000	81000.000	0.5000
20	Waveform 1	1	505.839997396	505.841330729	38000.000	81000.000	1.0000
20	Spectrogram 1	1	505.839997396	505.841330729	38000.000	81000.000	1.0000
21	Waveform 1	1	505.899330729	505.903997396	38000.000	81000.000	0.4286
21	Spectrogram 1	1	505.899330729	505.903997396	38000.000	81000.000	0.4286
22	Waveform 1	1	505.956664063	505.960664062	38000.000	81000.000	0.3333
22	Spectrogram 1	1	505.956664063	505.960664062	38000.000	81000.000	0.3333
23	Waveform 1	1	506.015330729	506.018664062	38000.000	81000.000	0.8000
23	Spectrogram 1	1	506.015330729	506.018664062	38000.000	81000.000	0.8000
24	Waveform 1	1	506.105330729	506.117330729	38000.000	81000.000	0.2778
24	Spectrogram 1	1	506.105330729	506.117330729	38000.000	81000.000	0.2778
25	Waveform 1	1	506.195330729	506.207330729	38000.000	81000.000	0.2222
25	Spectrogram 1	1	506.195330729	506.207330729	38000.000	81000.000	0.2222
26	Waveform 1	1	506.373997396	506.379997396	38000.000	81000.000	0.2222
26	Spectrogram 1	1	506.373997396	506.379997396	38000.000	81000.000	0.2222
27	Waveform 1	1	512.542664063	512.545330729	38000.000	81000.000	1.0000
27	Spectrogram 1	1	512.542664063	512.545330729	38000.000	81000.000	1.0000
28	Waveform 1	1	512.715330729	512.724664063	38000.000	81000.000	0.2857
28	Spectrogram 1	1	512.715330729	512.724664063	38000.000	81000.000	0.2857
29	Waveform 1	1	596.621330729	596.622664063	38000.000	81000.000	1.0000
29	Spectrogram 1	1	596.621330729	596.622664063	38000.000	81000.000	1.0000
30	Waveform 1	1	613.659997396	613.661330729	38000.000	81000.000	1.0000
30	Spectrogram 1	1	613.659997396	613.661330729	38000.000	81000.000	1.0000
31	Waveform 1	1	613.757330729	613.761997396	38000.000	81000.000	0.4286
31	Spectrogram 1	1	613.757330729	613.761997396	38000.000	81000.000	0.4286
32	Waveform 1	1	614.043997396	614.052664063	38000.000	81000.000	0.2308
32	Spectrogram 1	1	614.043997396	614.052664063	38000.000	81000.000	0.2308
33	Waveform 1	1	614.111997396	614.115997396	38000.000	81000.000	0.3333
33	Spectrogram 1	1	614.111997396	614.115997396	38000.000	81000.000	0.3333
34	Waveform 1	1	614.181330729	614.182664063	38000.000	81000.000	1.0000
34	Spectrogram 1	1	614.181330729	614.182664063	38000.000	81000.000	1.0000
35	Waveform 1	1	614.241997396	614.243997396	38000.000	81000.000	0.6667
35	Spectrogram 1	1	614.241997396	614.243997396	38000.000	81000.000	0.6667
36	Waveform 1	1	614.317997396	614.319997396	38000.000	81000.000	0.6667
36	Spectrogram 1	1	614.317997396	614.319997396	38000.000	81000.000	0.6667
37	Waveform 1	1	614.503330729	614.505330729	38000.000	81000.000	1.0000
37	Spectrogram 1	1	614.503330729	614.505330729	38000.000	81000.000	1.0000
38	Waveform 1	1	614.599997396	614.601330729	38000.000	81000.000	1.0000
38	Spectrogram 1	1	614.599997396	614.601330729	38000.000	81000.000	1.0000
39	Waveform 1	1	614.689330729	614.690664063	38000.000	81000.000	1.0000
39	Spectrogram 1	1	614.689330729	614.690664063	38000.000	81000.000	1.0000
40	Waveform 1	1	615.963997396	615.967330729	38000.000	81000.000	0.6000
40	Spectrogram 1	1	615.963997396	615.967330729	38000.000	81000.000	0.6000
41	Waveform 1	1	616.167330729	616.168664063	38000.000	81000.000	1.0000
41	Spectrogram 1	1	616.167330729	616.168664063	38000.000	81000.000	1.0000
42	Waveform 1	1	616.252664063	616.264664063	38000.000	81000.000	0.2222
42	Spectrogram 1	1	616.252664063	616.264664063	38000.000	81000.000	0.2222
43	Waveform 1	1	616.337330729	616.346664063	38000.000	81000.000	0.3571
43	Spectrogram 1	1	616.337330729	616.346664063	38000.000	81000.000	0.3571
44	Waveform 1	1	616.417330729	616.435997396	38000.000	81000.000	0.2143
44	Spectrogram 1	1	616.417330729	616.435997396	38000.000	81000.000	0.2143
45	Waveform 1	1	646.160664063	646.162664063	38000.000	81000.000	0.6667
45	Spectrogram 1	1	646.160664063	646.162664063	38000.000	81000.000	0.6667
46	Waveform 1	1	646.282664063	646.291997396	38000.000	81000.000	0.3571
46	Spectrogram 1	1	646.282664063	646.291997396	38000.000	81000.000	0.3571
47	Waveform 1	1	646.398664063	646.411997396	38000.000	81000.000	0.4000
47	Spectrogram 1	1	646.398664063	646.411997396	38000.000	81000.000	0.4000
48	Waveform 1	1	646.517330729	646.521330729	38000.000	81000.000	0.5000
48	Spectrogram 1	1	646.517330729	646.521330729	38000.000	81000.000	0.5000
49	Waveform 1	1	646.845997396	646.853997396	38000.000	81000.000	0.3333
49	Spectrogram 1	1	646.845997396	646.853997396	38000.000	81000.000	0.3333
50	Waveform 1	1	646.967997396	646.978664063	38000.000	81000.000	0.2500
50	Spectrogram 1	1	646.967997396	646.978664063	38000.000	81000.000	0.2500
51	Waveform 1	1	647.079330729	647.099330729	38000.000	81000.000	0.3000
51	Spectrogram 1	1	647.079330729	647.099330729	38000.000	81000.000	0.3000
52	Waveform 1	1	647.215330729	647.236664063	38000.000	81000.000	0.2500
52	Spectrogram 1	1	647.215330729	647.236664063	38000.000	81000.000	0.2500
53	Waveform 1	1	647.318664063	647.333997396	38000.000	81000.000	0.6957
53	Spectrogram 1	1	647.318664063	647.333997396	38000.000	81000.000	0.6957
54	Waveform 1	1	647.434664063	647.445330729	38000.000	81000.000	0.3125
54	Spectrogram 1	1	647.434664063	647.445330729	38000.000	81000.000	0.3125
55	Waveform 1	1	647.698664063	647.699997396	38000.000	81000.000	1.0000
55	Spectrogram 1	1	647.698664063	647.699997396	38000.000	81000.000	1.0000
56	Waveform 1	1	651.131330729	651.141997396	38000.000	81000.000	0.3125
56	Spectrogram 1	1	651.131330729	651.141997396	38000.000	81000.000	0.3125
57	Waveform 1	1	651.477330729	651.478664063	38000.000	81000.000	1.0000
57	Spectrogram 1	1	651.477330729	651.478664063	38000.000	81000.000	1.0000
58	Waveform 1	1	651.586664063	651.599330729	38000.000	81000.000	0.4211
58	Spectrogram 1	1	651.586664063	651.599330729	38000.000	81000.000	0.4211
59	Waveform 1	1	651.698664063	651.708664063	38000.000	81000.000	0.3333
59	Spectrogram 1	1	651.698664063	651.708664063	38000.000	81000.000	0.3333
60	Waveform 1	1	651.807997396	651.814664063	38000.000	81000.000	0.3000
60	Spectrogram 1	1	651.807997396	651.814664063	38000.000	81000.000	0.3000
61	Waveform 1	1	651.911330729	651.923997396	38000.000	81000.000	0.5263
61	Spectrogram 1	1	651.911330729	651.923997396	38000.000	81000.000	0.5263
62	Waveform 1	1	652.138664063	652.140664063	38000.000	81000.000	1.0000
62	Spectrogram 1	1	652.138664063	652.140664063	38000.000	81000.000	1.0000
63	Waveform 1	1	654.224664063	654.225997396	38000.000	81000.000	1.0000
63	Spectrogram 1	1	654.224664063	654.225997396	38000.000	81000.000	1.0000
64	Waveform 1	1	654.431997396	654.433997396	38000.000	81000.000	0.6667
64	Spectrogram 1	1	654.431997396	654.433997396	38000.000	81000.000	0.6667
65	Waveform 1	1	654.526664063	654.529997396	38000.000	81000.000	0.4000
65	Spectrogram 1	1	654.526664063	654.529997396	38000.000	81000.000	0.4000
66	Waveform 1	1	654.623330729	654.631330729	38000.000	81000.000	0.3333
66	Spectrogram 1	1	654.623330729	654.631330729	38000.000	81000.000	0.3333
67	Waveform 1	1	654.751330729	654.760664063	38000.000	81000.000	0.2143
67	Spectrogram 1	1	654.751330729	654.760664063	38000.000	81000.000	0.2143
68	Waveform 1	1	654.842664063	654.855997396	38000.000	81000.000	0.4000
68	Spectrogram 1	1	654.842664063	654.855997396	38000.000	81000.000	0.4000
69	Waveform 1	1	654.940664063	654.956664063	38000.000	81000.000	0.5833
69	Spectrogram 1	1	654.940664063	654.956664063	38000.000	81000.000	0.5833
70	Waveform 1	1	655.036664062	655.055997396	38000.000	81000.000	0.2414
70	Spectrogram 1	1	655.036664062	655.055997396	38000.000	81000.000	0.2414
71	Waveform 1	1	655.141997396	655.147997396	38000.000	81000.000	0.3333
71	Spectrogram 1	1	655.141997396	655.147997396	38000.000	81000.000	0.3333
72	Waveform 1	1	655.251997396	655.253997396	38000.000	81000.000	1.0000
72	Spectrogram 1	1	655.251997396	655.253997396	38000.000	81000.000	1.0000
73	Waveform 1	1	655.354664063	655.356664063	38000.000	81000.000	1.0000
73	Spectrogram 1	1	655.354664063	655.356664063	38000.000	81000.000	1.0000
74	Waveform 1	1	655.452664063	655.461330729	38000.000	81000.000	0.2308
74	Spectrogram 1	1	655.452664063	655.461330729	38000.000	81000.000	0.2308
75	Waveform 1	1	657.372664063	657.373997396	38000.000	81000.000	1.0000
75	Spectrogram 1	1	657.372664063	657.373997396	38000.000	81000.000	1.0000
76	Waveform 1	1	657.674664063	657.686664063	38000.000	81000.000	0.2222
76	Spectrogram 1	1	657.674664063	657.686664063	38000.000	81000.000	0.2222
77	Waveform 1	1	657.865997396	657.867997396	38000.000	81000.000	0.6667
77	Spectrogram 1	1	657.865997396	657.867997396	38000.000	81000.000	0.6667
78	Waveform 1	1	658.098664063	658.107997396	38000.000	81000.000	0.4286
78	Spectrogram 1	1	658.098664063	658.107997396	38000.000	81000.000	0.4286
79	Waveform 1	1	658.211330729	658.222664063	38000.000	81000.000	0.3529
79	Spectrogram 1	1	658.211330729	658.222664063	38000.000	81000.000	0.3529
80	Waveform 1	1	658.326664063	658.329997396	38000.000	81000.000	0.4000
80	Spectrogram 1	1	658.326664063	658.329997396	38000.000	81000.000	0.4000
81	Waveform 1	1	658.535997396	658.538664063	38000.000	81000.000	0.7500
81	Spectrogram 1	1	658.535997396	658.538664063	38000.000	81000.000	0.7500
82	Waveform 1	1	658.819997396	658.821330729	38000.000	81000.000	1.0000
82	Spectrogram 1	1	658.819997396	658.821330729	38000.000	81000.000	1.0000
83	Waveform 1	1	660.697330729	660.705330729	38000.000	81000.000	0.2500
83	Spectrogram 1	1	660.697330729	660.705330729	38000.000	81000.000	0.2500
84	Waveform 1	1	660.812664063	660.814664063	38000.000	81000.000	1.0000
84	Spectrogram 1	1	660.812664063	660.814664063	38000.000	81000.000	1.0000
85	Waveform 1	1	661.116664063	661.125997396	38000.000	81000.000	0.6429
85	Spectrogram 1	1	661.116664063	661.125997396	38000.000	81000.000	0.6429
86	Waveform 1	1	661.231997396	661.236664063	38000.000	81000.000	0.2857
86	Spectrogram 1	1	661.231997396	661.236664063	38000.000	81000.000	0.2857
87	Waveform 1	1	661.537997396	661.539997396	38000.000	81000.000	1.0000
87	Spectrogram 1	1	661.537997396	661.539997396	38000.000	81000.000	1.0000
88	Waveform 1	1	661.646664063	661.647997396	38000.000	81000.000	1.0000
88	Spectrogram 1	1	661.646664063	661.647997396	38000.000	81000.000	1.0000
89	Waveform 1	1	661.751997396	661.753330729	38000.000	81000.000	1.0000
89	Spectrogram 1	1	661.751997396	661.753330729	38000.000	81000.000	1.0000
90	Waveform 1	1	667.286664062	667.290664063	38000.000	81000.000	0.5000
90	Spectrogram 1	1	667.286664062	667.290664063	38000.000	81000.000	0.5000
91	Waveform 1	1	667.404664063	667.407997396	38000.000	81000.000	0.8000
91	Spectrogram 1	1	667.404664063	667.407997396	38000.000	81000.000	0.8000
92	Waveform 1	1	668.123997396	668.132664062	38000.000	81000.000	0.2308
92	Spectrogram 1	1	668.123997396	668.132664062	38000.000	81000.000	0.2308
93	Waveform 1	1	668.217997396	668.223330729	38000.000	81000.000	0.6250
93	Spectrogram 1	1	668.217997396	668.223330729	38000.000	81000.000	0.6250
94	Waveform 1	1	668.397330729	668.409997396	38000.000	81000.000	0.2632
94	Spectrogram 1	1	668.397330729	668.409997396	38000.000	81000.000	0.2632
95	Waveform 1	1	668.486664063	668.488664063	38000.000	81000.000	0.6667
95	Spectrogram 1	1	668.486664063	668.488664063	38000.000	81000.000	0.6667
96	Waveform 1	1	668.577997396	668.584664062	38000.000	81000.000	0.4000
96	Spectrogram 1	1	668.577997396	668.584664062	38000.000	81000.000	0.4000
97	Waveform 1	1	668.761330729	668.781330729	38000.000	81000.000	0.3000
97	Spectrogram 1	1	668.761330729	668.781330729	38000.000	81000.000	0.3000
98	Waveform 1	1	668.951330729	668.953997396	38000.000	81000.000	1.0000
98	Spectrogram 1	1	668.951330729	668.953997396	38000.000	81000.000	1.0000
99	Waveform 1	1	669.043330729	669.045330729	38000.000	81000.000	1.0000
99	Spectrogram 1	1	669.043330729	669.045330729	38000.000	81000.000	1.0000
100	Waveform 1	1	669.146664063	669.151997396	38000.000	81000.000	0.2500
100	Spectrogram 1	1	669.146664063	669.151997396	38000.000	81000.000	0.2500
101	Waveform 1	1	669.338664063	669.339997396	38000.000	81000.000	1.0000
101	Spectrogram 1	1	669.338664063	669.339997396	38000.000	81000.000	1.0000
102	Waveform 1	1	669.436664063	669.437997396	38000.000	81000.000	1.0000
102	Spectrogram 1	1	669.436664063	669.437997396	38000.000	81000.000	1.0000
103	Waveform 1	1	669.782664063	669.783997396	38000.000	81000.000	1.0000
103	Spectrogram 1	1	669.782664063	669.783997396	38000.000	81000.000	1.0000
104	Waveform 1	1	671.270664063	671.274664063	38000.000	81000.000	0.3333
104	Spectrogram 1	1	671.270664063	671.274664063	38000.000	81000.000	0.3333
105	Waveform 1	1	671.325330729	671.331997396	38000.000	81000.000	0.3000
105	Spectrogram 1	1	671.325330729	671.331997396	38000.000	81000.000	0.3000
106	Waveform 1	1	672.006664063	672.012664062	38000.000	81000.000	0.2222
106	Spectrogram 1	1	672.006664063	672.012664062	38000.000	81000.000	0.2222
107	Waveform 1	1	705.103330729	705.106664063	38000.000	81000.000	0.4000
107	Spectrogram 1	1	705.103330729	705.106664063	38000.000	81000.000	0.4000
108	Waveform 1	1	705.517997396	705.519997396	38000.000	81000.000	0.6667
108	Spectrogram 1	1	705.517997396	705.519997396	38000.000	81000.000	0.6667
109	Waveform 1	1	709.662664063	709.664664063	38000.000	81000.000	0.6667
109	Spectrogram 1	1	709.662664063	709.664664063	38000.000	81000.000	0.6667
110	Waveform 1	1	712.815997396	712.817997396	38000.000	81000.000	0.6667
110	Spectrogram 1	1	712.815997396	712.817997396	38000.000	81000.000	0.6667
111	Waveform 1	1	712.896664063	712.899997396	38000.000	81000.000	0.4000
111	Spectrogram 1	1	712.896664063	712.899997396	38000.000	81000.000	0.4000
112	Waveform 1	1	712.975997396	712.979997396	38000.000	81000.000	0.6667
112	Spectrogram 1	1	712.975997396	712.979997396	38000.000	81000.000	0.6667
113	Waveform 1	1	713.054664063	713.057330729	38000.000	81000.000	0.5000
113	Spectrogram 1	1	713.054664063	713.057330729	38000.000	81000.000	0.5000
114	Waveform 1	1	713.133330729	713.138664063	38000.000	81000.000	0.6250
114	Spectrogram 1	1	713.133330729	713.138664063	38000.000	81000.000	0.6250
115	Waveform 1	1	713.309330729	713.311997396	38000.000	81000.000	0.7500
115	Spectrogram 1	1	713.309330729	713.311997396	38000.000	81000.000	0.7500
116	Waveform 1	1	713.381997396	713.383330729	38000.000	81000.000	1.0000
116	Spectrogram 1	1	713.381997396	713.383330729	38000.000	81000.000	1.0000
117	Waveform 1	1	713.453997396	713.462664063	38000.000	81000.000	0.3846
117	Spectrogram 1	1	713.453997396	713.462664063	38000.000	81000.000	0.3846
118	Waveform 1	1	713.543997396	713.548664063	38000.000	81000.000	0.2857
118	Spectrogram 1	1	713.543997396	713.548664063	38000.000	81000.000	0.2857
119	Waveform 1	1	713.641330729	713.651330729	38000.000	81000.000	0.5333
119	Spectrogram 1	1	713.641330729	713.651330729	38000.000	81000.000	0.5333
120	Waveform 1	1	713.762664062	713.769330729	38000.000	81000.000	0.4000
120	Spectrogram 1	1	713.762664062	713.769330729	38000.000	81000.000	0.4000
121	Waveform 1	1	713.943997396	713.953997396	38000.000	81000.000	0.2000
121	Spectrogram 1	1	713.943997396	713.953997396	38000.000	81000.000	0.2000
122	Waveform 1	1	722.114664063	722.115997396	38000.000	81000.000	1.0000
122	Spectrogram 1	1	722.114664063	722.115997396	38000.000	81000.000	1.0000
123	Waveform 1	1	722.299997396	722.301330729	38000.000	81000.000	1.0000
123	Spectrogram 1	1	722.299997396	722.301330729	38000.000	81000.000	1.0000
124	Waveform 1	1	722.993330729	722.994664063	38000.000	81000.000	1.0000
124	Spectrogram 1	1	722.993330729	722.994664063	38000.000	81000.000	1.0000
125	Waveform 1	1	733.917997396	733.923997396	38000.000	81000.000	0.2222
125	Spectrogram 1	1	733.917997396	733.923997396	38000.000	81000.000	0.2222
126	Waveform 1	1	735.372664063	735.376664063	38000.000	81000.000	0.3333
126	Spectrogram 1	1	735.372664063	735.376664063	38000.000	81000.000	0.3333
127	Waveform 1	1	756.623330729	756.624664063	38000.000	81000.000	1.0000
127	Spectrogram 1	1	756.623330729	756.624664063	38000.000	81000.000	1.0000
128	Waveform 1	1	783.100664063	783.102664063	38000.000	81000.000	0.6667
128	Spectrogram 1	1	783.100664063	783.102664063	38000.000	81000.000	0.6667
129	Waveform 1	1	783.364664063	783.366664063	38000.000	81000.000	1.0000
129	Spectrogram 1	1	783.364664063	783.366664063	38000.000	81000.000	1.0000
130	Waveform 1	1	803.613997396	803.626664063	38000.000	81000.000	0.3158
130	Spectrogram 1	1	803.613997396	803.626664063	38000.000	81000.000	0.3158
131	Waveform 1	1	803.790664063	803.791997396	38000.000	81000.000	1.0000
131	Spectrogram 1	1	803.790664063	803.791997396	38000.000	81000.000	1.0000
132	Waveform 1	1	803.876664063	803.877997396	38000.000	81000.000	1.0000
132	Spectrogram 1	1	803.876664063	803.877997396	38000.000	81000.000	1.0000
133	Waveform 1	1	804.131997396	804.133330729	38000.000	81000.000	1.0000
133	Spectrogram 1	1	804.131997396	804.133330729	38000.000	81000.000	1.0000
134	Waveform 1	1	826.012664062	826.013997396	38000.000	81000.000	1.0000
134	Spectrogram 1	1	826.012664062	826.013997396	38000.000	81000.000	1.0000
135	Waveform 1	1	827.917330729	827.922664063	38000.000	81000.000	0.2500
135	Spectrogram 1	1	827.917330729	827.922664063	38000.000	81000.000	0.2500
136	Waveform 1	1	828.000664063	828.001997396	38000.000	81000.000	1.0000
136	Spectrogram 1	1	828.000664063	828.001997396	38000.000	81000.000	1.0000
137	Waveform 1	1	828.310664062	828.311997396	38000.000	81000.000	1.0000
137	Spectrogram 1	1	828.310664062	828.311997396	38000.000	81000.000	1.0000
138	Waveform 1	1	830.031997396	830.033330729	38000.000	81000.000	1.0000
138	Spectrogram 1	1	830.031997396	830.033330729	38000.000	81000.000	1.0000
139	Waveform 1	1	830.407997396	830.409330729	38000.000	81000.000	1.0000
139	Spectrogram 1	1	830.407997396	830.409330729	38000.000	81000.000	1.0000
140	Waveform 1	1	831.807330729	831.808664063	38000.000	81000.000	1.0000
140	Spectrogram 1	1	831.807330729	831.808664063	38000.000	81000.000	1.0000
141	Waveform 1	1	831.975330729	831.977997396	38000.000	81000.000	0.5000
141	Spectrogram 1	1	831.975330729	831.977997396	38000.000	81000.000	0.5000
142	Waveform 1	1	832.164664063	832.165997396	38000.000	81000.000	1.0000
142	Spectrogram 1	1	832.164664063	832.165997396	38000.000	81000.000	1.0000
143	Waveform 1	1	832.448664063	832.452664063	38000.000	81000.000	0.3333
143	Spectrogram 1	1	832.448664063	832.452664063	38000.000	81000.000	0.3333
144	Waveform 1	1	832.557330729	832.562664063	38000.000	81000.000	0.2500
144	Spectrogram 1	1	832.557330729	832.562664063	38000.000	81000.000	0.2500
145	Waveform 1	1	834.574664063	834.584664062	38000.000	81000.000	0.2000
145	Spectrogram 1	1	834.574664063	834.584664062	38000.000	81000.000	0.2000
146	Waveform 1	1	861.302664063	861.305330729	38000.000	81000.000	0.5000
146	Spectrogram 1	1	861.302664063	861.305330729	38000.000	81000.000	0.5000
147	Waveform 1	1	863.856664063	863.863997396	38000.000	81000.000	0.2727
147	Spectrogram 1	1	863.856664063	863.863997396	38000.000	81000.000	0.2727
148	Waveform 1	1	864.219330729	864.225330729	38000.000	81000.000	0.3333
148	Spectrogram 1	1	864.219330729	864.225330729	38000.000	81000.000	0.3333
149	Waveform 1	1	864.317330729	864.331997396	38000.000	81000.000	0.2727
149	Spectrogram 1	1	864.317330729	864.331997396	38000.000	81000.000	0.2727
150	Waveform 1	1	865.880664063	865.881997396	38000.000	81000.000	1.0000
150	Spectrogram 1	1	865.880664063	865.881997396	38000.000	81000.000	1.0000
151	Waveform 1	1	866.033997396	866.035330729	38000.000	81000.000	1.0000
151	Spectrogram 1	1	866.033997396	866.035330729	38000.000	81000.000	1.0000
152	Waveform 1	1	866.201997396	866.203997396	38000.000	81000.000	1.0000
152	Spectrogram 1	1	866.201997396	866.203997396	38000.000	81000.000	1.0000
153	Waveform 1	1	866.571330729	866.575997396	38000.000	81000.000	0.2857
153	Spectrogram 1	1	866.571330729	866.575997396	38000.000	81000.000	0.2857
154	Waveform 1	1	866.704664063	866.705997396	38000.000	81000.000	1.0000
154	Spectrogram 1	1	866.704664063	866.705997396	38000.000	81000.000	1.0000
155	Waveform 1	1	866.785997396	866.798664063	38000.000	81000.000	0.2632
155	Spectrogram 1	1	866.785997396	866.798664063	38000.000	81000.000	0.2632
156	Waveform 1	1	866.878664063	866.879997396	38000.000	81000.000	1.0000
156	Spectrogram 1	1	866.878664063	866.879997396	38000.000	81000.000	1.0000
157	Waveform 1	1	866.966664063	866.967997396	38000.000	81000.000	1.0000
157	Spectrogram 1	1	866.966664063	866.967997396	38000.000	81000.000	1.0000
158	Waveform 1	1	866.987330729	866.992664063	38000.000	81000.000	0.2500
158	Spectrogram 1	1	866.987330729	866.992664063	38000.000	81000.000	0.2500
159	Waveform 1	1	867.058664063	867.060664062	38000.000	81000.000	1.0000
159	Spectrogram 1	1	867.058664063	867.060664062	38000.000	81000.000	1.0000
160	Waveform 1	1	867.127330729	867.128664063	38000.000	81000.000	1.0000
160	Spectrogram 1	1	867.127330729	867.128664063	38000.000	81000.000	1.0000
161	Waveform 1	1	867.191330729	867.216664063	38000.000	81000.000	0.2105
161	Spectrogram 1	1	867.191330729	867.216664063	38000.000	81000.000	0.2105
162	Waveform 1	1	867.256664063	867.273330729	38000.000	81000.000	0.2400
162	Spectrogram 1	1	867.256664063	867.273330729	38000.000	81000.000	0.2400
163	Waveform 1	1	867.381330729	867.391330729	38000.000	81000.000	0.2667
163	Spectrogram 1	1	867.381330729	867.391330729	38000.000	81000.000	0.2667
164	Waveform 1	1	867.475997396	867.481330729	38000.000	81000.000	0.5000
164	Spectrogram 1	1	867.475997396	867.481330729	38000.000	81000.000	0.5000
165	Waveform 1	1	867.566664063	867.573997396	38000.000	81000.000	0.4545
165	Spectrogram 1	1	867.566664063	867.573997396	38000.000	81000.000	0.4545
166	Waveform 1	1	868.352664063	868.353997396	38000.000	81000.000	1.0000
166	Spectrogram 1	1	868.352664063	868.353997396	38000.000	81000.000	1.0000
167	Waveform 1	1	870.147997396	870.149330729	38000.000	81000.000	1.0000
167	Spectrogram 1	1	870.147997396	870.149330729	38000.000	81000.000	1.0000
168	Waveform 1	1	870.411997396	870.415997396	38000.000	81000.000	0.5000
168	Spectrogram 1	1	870.411997396	870.415997396	38000.000	81000.000	0.5000
169	Waveform 1	1	870.496664063	870.509997396	38000.000	81000.000	0.3000
169	Spectrogram 1	1	870.496664063	870.509997396	38000.000	81000.000	0.3000
170	Waveform 1	1	870.576664063	870.583997396	38000.000	81000.000	0.2727
170	Spectrogram 1	1	870.576664063	870.583997396	38000.000	81000.000	0.2727
171	Waveform 1	1	870.667997396	870.679330729	38000.000	81000.000	0.3529
171	Spectrogram 1	1	870.667997396	870.679330729	38000.000	81000.000	0.3529
172	Waveform 1	1	870.760664063	870.762664062	38000.000	81000.000	1.0000
172	Spectrogram 1	1	870.760664063	870.762664062	38000.000	81000.000	1.0000
173	Waveform 1	1	870.839330729	870.848664063	38000.000	81000.000	0.2143
173	Spectrogram 1	1	870.839330729	870.848664063	38000.000	81000.000	0.2143
174	Waveform 1	1	871.144664063	871.166664063	38000.000	81000.000	0.3030
174	Spectrogram 1	1	871.144664063	871.166664063	38000.000	81000.000	0.3030
175	Waveform 1	1	871.567997396	871.572664063	38000.000	81000.000	0.4286
175	Spectrogram 1	1	871.567997396	871.572664063	38000.000	81000.000	0.4286
176	Waveform 1	1	872.087330729	872.088664063	38000.000	81000.000	1.0000
176	Spectrogram 1	1	872.087330729	872.088664063	38000.000	81000.000	1.0000
177	Waveform 1	1	877.870664063	877.872664063	38000.000	81000.000	1.0000
177	Spectrogram 1	1	877.870664063	877.872664063	38000.000	81000.000	1.0000
178	Waveform 1	1	878.053997396	878.055330729	38000.000	81000.000	1.0000
178	Spectrogram 1	1	878.053997396	878.055330729	38000.000	81000.000	1.0000
179	Waveform 1	1	878.170664063	878.171997396	38000.000	81000.000	1.0000
179	Spectrogram 1	1	878.170664063	878.171997396	38000.000	81000.000	1.0000
180	Waveform 1	1	878.251997396	878.253330729	38000.000	81000.000	1.0000
180	Spectrogram 1	1	878.251997396	878.253330729	38000.000	81000.000	1.0000
181	Waveform 1	1	878.455330729	878.469330729	38000.000	81000.000	0.2381
181	Spectrogram 1	1	878.455330729	878.469330729	38000.000	81000.000	0.2381
182	Waveform 1	1	878.513330729	878.523330729	38000.000	81000.000	0.2000
182	Spectrogram 1	1	878.513330729	878.523330729	38000.000	81000.000	0.2000
183	Waveform 1	1	878.601330729	878.605330729	38000.000	81000.000	0.5000
183	Spectrogram 1	1	878.601330729	878.605330729	38000.000	81000.000	0.5000
184	Waveform 1	1	878.685997396	878.689330729	38000.000	81000.000	0.8000
184	Spectrogram 1	1	878.685997396	878.689330729	38000.000	81000.000	0.8000
185	Waveform 1	1	878.855997396	878.857997396	38000.000	81000.000	1.0000
185	Spectrogram 1	1	878.855997396	878.857997396	38000.000	81000.000	1.0000
186	Waveform 1	1	879.975997396	879.981330729	38000.000	81000.000	0.3750
186	Spectrogram 1	1	879.975997396	879.981330729	38000.000	81000.000	0.3750
187	Waveform 1	1	880.100664063	880.104664063	38000.000	81000.000	0.3333
187	Spectrogram 1	1	880.100664063	880.104664063	38000.000	81000.000	0.3333
188	Waveform 1	1	880.473330729	880.485997396	38000.000	81000.000	0.3158
188	Spectrogram 1	1	880.473330729	880.485997396	38000.000	81000.000	0.3158
189	Waveform 1	1	880.547997396	880.549330729	38000.000	81000.000	1.0000
189	Spectrogram 1	1	880.547997396	880.549330729	38000.000	81000.000	1.0000
190	Waveform 1	1	880.705330729	880.706664063	38000.000	81000.000	1.0000
190	Spectrogram 1	1	880.705330729	880.706664063	38000.000	81000.000	1.0000
191	Waveform 1	1	880.732664063	880.734664063	38000.000	81000.000	0.6667
191	Spectrogram 1	1	880.732664063	880.734664063	38000.000	81000.000	0.6667
192	Waveform 1	1	880.887330729	880.889330729	38000.000	81000.000	1.0000
192	Spectrogram 1	1	880.887330729	880.889330729	38000.000	81000.000	1.0000
193	Waveform 1	1	880.978664063	880.980664063	38000.000	81000.000	1.0000
193	Spectrogram 1	1	880.978664063	880.980664063	38000.000	81000.000	1.0000
194	Waveform 1	1	895.648664063	895.649997396	38000.000	81000.000	1.0000
194	Spectrogram 1	1	895.648664063	895.649997396	38000.000	81000.000	1.0000
195	Waveform 1	1	895.883330729	895.885330729	38000.000	81000.000	1.0000
195	Spectrogram 1	1	895.883330729	895.885330729	38000.000	81000.000	1.0000
196	Waveform 1	1	895.960664063	895.961997396	38000.000	81000.000	1.0000
196	Spectrogram 1	1	895.960664063	895.961997396	38000.000	81000.000	1.0000
197	Waveform 1	1	898.905330729	898.906664062	38000.000	81000.000	1.0000
197	Spectrogram 1	1	898.905330729	898.906664062	38000.000	81000.000	1.0000
198	Waveform 1	1	899.088664063	899.089997396	38000.000	81000.000	1.0000
198	Spectrogram 1	1	899.088664063	899.089997396	38000.000	81000.000	1.0000
199	Waveform 1	1	899.369330729	899.370664063	38000.000	81000.000	1.0000
199	Spectrogram 1	1	899.369330729	899.370664063	38000.000	81000.000	1.0000
200	Waveform 1	1	899.446664063	899.449330729	38000.000	81000.000	0.5000
200	Spectrogram 1	1	899.446664063	899.449330729	38000.000	81000.000	0.5000
201	Waveform 1	1	899.676664063	899.680664062	38000.000	81000.000	0.3333
201	Spectrogram 1	1	899.676664063	899.680664062	38000.000	81000.000	0.3333
202	Waveform 1	1	900.065997396	900.067997396	38000.000	81000.000	1.0000
202	Spectrogram 1	1	900.065997396	900.067997396	38000.000	81000.000	1.0000
203	Waveform 1	1	900.165997396	900.167997396	38000.000	81000.000	0.6667
203	Spectrogram 1	1	900.165997396	900.167997396	38000.000	81000.000	0.6667
204	Waveform 1	1	910.789997396	910.799997396	38000.000	81000.000	0.4000
204	Spectrogram 1	1	910.789997396	910.799997396	38000.000	81000.000	0.4000
205	Waveform 1	1	910.872664063	910.873997396	38000.000	81000.000	1.0000
205	Spectrogram 1	1	910.872664063	910.873997396	38000.000	81000.000	1.0000
206	Waveform 1	1	955.796664063	955.797997396	38000.000	81000.000	1.0000
206	Spectrogram 1	1	955.796664063	955.797997396	38000.000	81000.000	1.0000
207	Waveform 1	1	1376.343330729	1376.344664062	38000.000	81000.000	1.0000
207	Spectrogram 1	1	1376.343330729	1376.344664062	38000.000	81000.000	1.0000
208	Waveform 1	1	1376.427330729	1376.429330729	38000.000	81000.000	1.0000
208	Spectrogram 1	1	1376.427330729	1376.429330729	38000.000	81000.000	1.0000
209	Waveform 1	1	1498.981997396	1498.983997396	38000.000	81000.000	1.0000
209	Spectrogram 1	1	1498.981997396	1498.983997396	38000.000	81000.000	1.0000
210	Waveform 1	1	1499.074664063	1499.076664062	38000.000	81000.000	0.6667
210	Spectrogram 1	1	1499.074664063	1499.076664062	38000.000	81000.000	0.6667
211	Waveform 1	1	1540.725997396	1540.727330729	38000.000	81000.000	1.0000
211	Spectrogram 1	1	1540.725997396	1540.727330729	38000.000	81000.000	1.0000
212	Waveform 1	1	1540.807997396	1540.813997396	38000.000	81000.000	0.6667
212	Spectrogram 1	1	1540.807997396	1540.813997396	38000.000	81000.000	0.6667
213	Waveform 1	1	1540.865997396	1540.867330729	38000.000	81000.000	1.0000
213	Spectrogram 1	1	1540.865997396	1540.867330729	38000.000	81000.000	1.0000
214	Waveform 1	1	1541.006664063	1541.007997396	38000.000	81000.000	1.0000
214	Spectrogram 1	1	1541.006664063	1541.007997396	38000.000	81000.000	1.0000
215	Waveform 1	1	1541.106664062	1541.119330729	38000.000	81000.000	0.2105
215	Spectrogram 1	1	1541.106664062	1541.119330729	38000.000	81000.000	0.2105
216	Waveform 1	1	1542.677997396	1542.679330729	38000.000	81000.000	1.0000
216	Spectrogram 1	1	1542.677997396	1542.679330729	38000.000	81000.000	1.0000
217	Waveform 1	1	1783.825997396	1783.829330729	38000.000	81000.000	1.0000
217	Spectrogram 1	1	1783.825997396	1783.829330729	38000.000	81000.000	1.0000
218	Waveform 1	1	1783.930664062	1783.933330729	38000.000	81000.000	1.0000
218	Spectrogram 1	1	1783.930664062	1783.933330729	38000.000	81000.000	1.0000
219	Waveform 1	1	1784.613997396	1784.615330729	38000.000	81000.000	1.0000
219	Spectrogram 1	1	1784.613997396	1784.615330729	38000.000	81000.000	1.0000
220	Waveform 1	1	1784.709330729	1784.711997396	38000.000	81000.000	1.0000
220	Spectrogram 1	1	1784.709330729	1784.711997396	38000.000	81000.000	1.0000
221	Waveform 1	1	1784.901997396	1784.909330729	38000.000	81000.000	0.4545
221	Spectrogram 1	1	1784.901997396	1784.909330729	38000.000	81000.000	0.4545
222	Waveform 1	1	1785.005997396	1785.007997396	38000.000	81000.000	1.0000
222	Spectrogram 1	1	1785.005997396	1785.007997396	38000.000	81000.000	1.0000
223	Waveform 1	1	1785.100664062	1785.109997396	38000.000	81000.000	0.3571
223	Spectrogram 1	1	1785.100664062	1785.109997396	38000.000	81000.000	0.3571
224	Waveform 1	1	1785.206664062	1785.211330729	38000.000	81000.000	1.0000
224	Spectrogram 1	1	1785.206664062	1785.211330729	38000.000	81000.000	1.0000
225	Waveform 1	1	1785.393330729	1785.399330729	38000.000	81000.000	0.6667
225	Spectrogram 1	1	1785.393330729	1785.399330729	38000.000	81000.000	0.6667
226	Waveform 1	1	1785.495997396	1785.507997396	38000.000	81000.000	0.4444
226	Spectrogram 1	1	1785.495997396	1785.507997396	38000.000	81000.000	0.4444
227	Waveform 1	1	1785.581997396	1785.593330729	38000.000	81000.000	0.6471
227	Spectrogram 1	1	1785.581997396	1785.593330729	38000.000	81000.000	0.6471
228	Waveform 1	1	1785.777330729	1785.789997396	38000.000	81000.000	0.3158
228	Spectrogram 1	1	1785.777330729	1785.789997396	38000.000	81000.000	0.3158
229	Waveform 1	1	1785.869997396	1785.881330729	38000.000	81000.000	0.6471
229	Spectrogram 1	1	1785.869997396	1785.881330729	38000.000	81000.000	0.6471
230	Waveform 1	1	1785.958664063	1785.979997396	38000.000	81000.000	0.3438
230	Spectrogram 1	1	1785.958664063	1785.979997396	38000.000	81000.000	0.3438
231	Waveform 1	1	1786.044664063	1786.069997396	38000.000	81000.000	0.3421
231	Spectrogram 1	1	1786.044664063	1786.069997396	38000.000	81000.000	0.3421
232	Waveform 1	1	1786.136664062	1786.154664062	38000.000	81000.000	0.4444
232	Spectrogram 1	1	1786.136664062	1786.154664062	38000.000	81000.000	0.4444
233	Waveform 1	1	1786.230664062	1786.249330729	38000.000	81000.000	0.2857
233	Spectrogram 1	1	1786.230664062	1786.249330729	38000.000	81000.000	0.2857
234	Waveform 1	1	1786.325330729	1786.337997396	38000.000	81000.000	0.4737
234	Spectrogram 1	1	1786.325330729	1786.337997396	38000.000	81000.000	0.4737
235	Waveform 1	1	1786.496664063	1786.507997396	38000.000	81000.000	0.3529
235	Spectrogram 1	1	1786.496664063	1786.507997396	38000.000	81000.000	0.3529
