Selection	View	Channel	Begin Time (s)	End Time (s)	Low Freq (Hz)	High Freq (Hz)	Occupancy
1	Waveform 1	1	4.489997396	4.495330729	22000.000	38000.000	0.3750
1	Spectrogram 1	1	4.489997396	4.495330729	22000.000	38000.000	0.3750
2	Waveform 1	1	5.863997396	5.868664063	22000.000	38000.000	0.4286
2	Spectrogram 1	1	5.863997396	5.868664063	22000.000	38000.000	0.4286
3	Waveform 1	1	6.570664063	6.581330729	22000.000	38000.000	0.2500
3	Spectrogram 1	1	6.570664063	6.581330729	22000.000	38000.000	0.2500
4	Waveform 1	1	318.958664063	318.961997396	22000.000	38000.000	0.6000
4	Spectrogram 1	1	318.958664063	318.961997396	22000.000	38000.000	0.6000
5	Waveform 1	1	366.934664063	366.954664063	22000.000	38000.000	0.4667
5	Spectrogram 1	1	366.934664063	366.954664063	22000.000	38000.000	0.4667
6	Waveform 1	1	397.135330729	397.141330729	22000.000	38000.000	0.5556
6	Spectrogram 1	1	397.135330729	397.141330729	22000.000	38000.000	0.5556
7	Waveform 1	1	398.127997396	398.131330729	22000.000	38000.000	0.8000
7	Spectrogram 1	1	398.127997396	398.131330729	22000.000	38000.000	0.8000
8	Waveform 1	1	432.795997396	432.813330729	22000.000	38000.000	0.1154
8	Spectrogram 1	1	432.795997396	432.813330729	22000.000	38000.000	0.1154
9	Waveform 1	1	444.499330729	444.501997396	22000.000	38000.000	0.7500
9	Spectrogram 1	1	444.499330729	444.501997396	22000.000	38000.000	0.7500
10	Waveform 1	1	564.737997396	564.741997396	22000.000	38000.000	0.5000
10	Spectrogram 1	1	564.737997396	564.741997396	22000.000	38000.000	0.5000
11	Waveform 1	1	565.435330729	565.453330729	22000.000	38000.000	0.1111
11	Spectrogram 1	1	565.435330729	565.453330729	22000.000	38000.000	0.1111
12	Waveform 1	1	566.154664063	566.171330729	22000.000	38000.000	0.1200
12	Spectrogram 1	1	566.154664063	566.171330729	22000.000	38000.000	0.1200
13	Waveform 1	1	566.745997396	566.756664063	22000.000	38000.000	0.1250
13	Spectrogram 1	1	566.745997396	566.756664063	22000.000	38000.000	0.1250
14	Waveform 1	1	568.271330729	568.278664063	22000.000	38000.000	0.2727
14	Spectrogram 1	1	568.271330729	568.278664063	22000.000	38000.000	0.2727
15	Waveform 1	1	578.421330729	578.429330729	22000.000	38000.000	0.5833
15	Spectrogram 1	1	578.421330729	578.429330729	22000.000	38000.000	0.5833
16	Waveform 1	1	578.949330729	578.950664063	22000.000	38000.000	1.0000
16	Spectrogram 1	1	578.949330729	578.950664063	22000.000	38000.000	1.0000
17	Waveform 1	1	581.445997396	581.455330729	22000.000	38000.000	0.1429
17	Spectrogram 1	1	581.445997396	581.455330729	22000.000	38000.000	0.1429
18	Waveform 1	1	583.593997396	583.609997396	22000.000	38000.000	0.1667
18	Spectrogram 1	1	583.593997396	583.609997396	22000.000	38000.000	0.1667
19	Waveform 1	1	648.157997396	648.178664063	22000.000	38000.000	0.1290
19	Spectrogram 1	1	648.157997396	648.178664063	22000.000	38000.000	0.1290
20	Waveform 1	1	648.976664063	649.001997396	22000.000	38000.000	0.2895
20	Spectrogram 1	1	648.976664063	649.001997396	22000.000	38000.000	0.2895
21	Waveform 1	1	697.056664063	697.071330729	22000.000	38000.000	0.1364
21	Spectrogram 1	1	697.056664063	697.071330729	22000.000	38000.000	0.1364
22	Waveform 1	1	697.614664063	697.634664063	22000.000	38000.000	0.3000
22	Spectrogram 1	1	697.614664063	697.634664063	22000.000	38000.000	0.3000
23	Waveform 1	1	699.006664063	699.012664062	22000.000	38000.000	0.4444
23	Spectrogram 1	1	699.006664063	699.012664062	22000.000	38000.000	0.4444
24	Waveform 1	1	754.428664063	754.465997396	22000.000	38000.000	0.1964
24	Spectrogram 1	1	754.428664063	754.465997396	22000.000	38000.000	0.1964
25	Waveform 1	1	755.975330729	755.991997396	22000.000	38000.000	0.0800
25	Spectrogram 1	1	755.975330729	755.991997396	22000.000	38000.000	0.0800
26	Waveform 1	1	765.364664063	765.366664063	22000.000	38000.000	0.6667
26	Spectrogram 1	1	765.364664063	765.366664063	22000.000	38000.000	0.6667
27	Waveform 1	1	797.158664063	797.199997396	22000.000	38000.000	0.1613
27	Spectrogram 1	1	797.158664063	797.199997396	22000.000	38000.000	0.1613
28	Waveform 1	1	797.853330729	797.887997396	22000.000	38000.000	0.1346
28	Spectrogram 1	1	797.853330729	797.887997396	22000.000	38000.000	0.1346
29	Waveform 1	1	798.712664063	798.727997396	22000.000	38000.000	0.2174
29	Spectrogram 1	1	798.712664063	798.727997396	22000.000	38000.000	0.2174
30	Waveform 1	1	801.443997396	801.451330729	22000.000	38000.000	0.1818
30	Spectrogram 1	1	801.443997396	801.451330729	22000.000	38000.000	0.1818
31	Waveform 1	1	802.091997396	802.121330729	22000.000	38000.000	0.2045
31	Spectrogram 1	1	802.091997396	802.121330729	22000.000	38000.000	0.2045
32	Waveform 1	1	989.827330729	989.838664063	22000.000	38000.000	0.2353
32	Spectrogram 1	1	989.827330729	989.838664063	22000.000	38000.000	0.2353
33	Waveform 1	1	992.236664063	992.238664063	22000.000	38000.000	0.6667
33	Spectrogram 1	1	992.236664063	992.238664063	22000.000	38000.000	0.6667
34	Waveform 1	1	992.636664063	992.653997396	22000.000	38000.000	0.2308
34	Spectrogram 1	1	992.636664063	992.653997396	22000.000	38000.000	0.2308
35	Waveform 1	1	993.180664062	993.208664063	22000.000	38000.000	0.1905
35	Spectrogram 1	1	993.180664062	993.208664063	22000.000	38000.000	0.1905
36	Waveform 1	1	993.831997396	993.851330729	22000.000	38000.000	0.3448
36	Spectrogram 1	1	993.831997396	993.851330729	22000.000	38000.000	0.3448
37	Waveform 1	1	994.101997396	994.115330729	22000.000	38000.000	0.3500
37	Spectrogram 1	1	994.101997396	994.115330729	22000.000	38000.000	0.3500
38	Waveform 1	1	1140.695330729	1140.710664062	22000.000	38000.000	0.1304
38	Spectrogram 1	1	1140.695330729	1140.710664062	22000.000	38000.000	0.1304
39	Waveform 1	1	1140.966664062	1140.992664062	22000.000	38000.000	0.2564
39	Spectrogram 1	1	1140.966664062	1140.992664062	22000.000	38000.000	0.2564
40	Waveform 1	1	1141.657997396	1141.680664062	22000.000	38000.000	0.0882
40	Spectrogram 1	1	1141.657997396	1141.680664062	22000.000	38000.000	0.0882
41	Waveform 1	1	1142.245997396	1142.255997396	22000.000	38000.000	0.2667
41	Spectrogram 1	1	1142.245997396	1142.255997396	22000.000	38000.000	0.2667
42	Waveform 1	1	1142.422664062	1142.451330729	22000.000	38000.000	0.1628
42	Spectrogram 1	1	1142.422664062	1142.451330729	22000.000	38000.000	0.1628
43	Waveform 1	1	1165.752664062	1165.753997396	22000.000	38000.000	1.0000
43	Spectrogram 1	1	1165.752664062	1165.753997396	22000.000	38000.000	1.0000
44	Waveform 1	1	1166.549997396	1166.565997396	22000.000	38000.000	0.1250
44	Spectrogram 1	1	1166.549997396	1166.565997396	22000.000	38000.000	0.1250
45	Waveform 1	1	1166.733997396	1166.745997396	22000.000	38000.000	0.2778
45	Spectrogram 1	1	1166.733997396	1166.745997396	22000.000	38000.000	0.2778
46	Waveform 1	1	1175.947330729	1175.969330729	22000.000	38000.000	0.2121
46	Spectrogram 1	1	1175.947330729	1175.969330729	22000.000	38000.000	0.2121
47	Waveform 1	1	1176.211997396	1176.244664062	22000.000	38000.000	0.2041
47	Spectrogram 1	1	1176.211997396	1176.244664062	22000.000	38000.000	0.2041
48	Waveform 1	1	1176.760664062	1176.788664062	22000.000	38000.000	0.4524
48	Spectrogram 1	1	1176.760664062	1176.788664062	22000.000	38000.000	0.4524
49	Waveform 1	1	1176.960664062	1176.987330729	22000.000	38000.000	0.1000
49	Spectrogram 1	1	1176.960664062	1176.987330729	22000.000	38000.000	0.1000
50	Waveform 1	1	1177.231330729	1177.265330729	22000.000	38000.000	0.3529
50	Spectrogram 1	1	1177.231330729	1177.265330729	22000.000	38000.000	0.3529
51	Waveform 1	1	1177.910664063	1177.929997396	22000.000	38000.000	0.3448
51	Spectrogram 1	1	1177.910664063	1177.929997396	22000.000	38000.000	0.3448
52	Waveform 1	1	1178.467997396	1178.474664062	22000.000	38000.000	0.3000
52	Spectrogram 1	1	1178.467997396	1178.474664062	22000.000	38000.000	0.3000
53	Waveform 1	1	1179.026664063	1179.041997396	22000.000	38000.000	0.0870
53	Spectrogram 1	1	1179.026664063	1179.041997396	22000.000	38000.000	0.0870
54	Waveform 1	1	1197.161330729	1197.168664062	22000.000	38000.000	0.2727
54	Spectrogram 1	1	1197.161330729	1197.168664062	22000.000	38000.000	0.2727
55	Waveform 1	1	1198.269330729	1198.279997396	22000.000	38000.000	0.4375
55	Spectrogram 1	1	1198.269330729	1198.279997396	22000.000	38000.000	0.4375
56	Waveform 1	1	1213.088664062	1213.103997396	22000.000	38000.000	0.1304
56	Spectrogram 1	1	1213.088664062	1213.103997396	22000.000	38000.000	0.1304
57	Waveform 1	1	1213.795997396	1213.802664062	22000.000	38000.000	0.2000
57	Spectrogram 1	1	1213.795997396	1213.802664062	22000.000	38000.000	0.2000
58	Waveform 1	1	1214.646664062	1214.649997396	22000.000	38000.000	0.4000
58	Spectrogram 1	1	1214.646664062	1214.649997396	22000.000	38000.000	0.4000
59	Waveform 1	1	1266.379997396	1266.411330729	22000.000	38000.000	0.2553
59	Spectrogram 1	1	1266.379997396	1266.411330729	22000.000	38000.000	0.2553
60	Waveform 1	1	1266.927997396	1266.949997396	22000.000	38000.000	0.0909
60	Spectrogram 1	1	1266.927997396	1266.949997396	22000.000	38000.000	0.0909
61	Waveform 1	1	1267.541330729	1267.561997396	22000.000	38000.000	0.2258
61	Spectrogram 1	1	1267.541330729	1267.561997396	22000.000	38000.000	0.2258
62	Waveform 1	1	1268.005997396	1268.011330729	22000.000	38000.000	0.2500
62	Spectrogram 1	1	1268.005997396	1268.011330729	22000.000	38000.000	0.2500
63	Waveform 1	1	1353.159997396	1353.173330729	22000.000	38000.000	0.1500
63	Spectrogram 1	1	1353.159997396	1353.173330729	22000.000	38000.000	0.1500
64	Waveform 1	1	1374.220664062	1374.222664062	22000.000	38000.000	0.6667
64	Spectrogram 1	1	1374.220664062	1374.222664062	22000.000	38000.000	0.6667
65	Waveform 1	1	1374.467997396	1374.485997396	22000.000	38000.000	0.1111
65	Spectrogram 1	1	1374.467997396	1374.485997396	22000.000	38000.000	0.1111
66	Waveform 1	1	1375.112664063	1375.119997396	22000.000	38000.000	0.1818
66	Spectrogram 1	1	1375.112664063	1375.119997396	22000.000	38000.000	0.1818
67	Waveform 1	1	1392.825997396	1392.835997396	22000.000	38000.000	0.2667
67	Spectrogram 1	1	1392.825997396	1392.835997396	22000.000	38000.000	0.2667
68	Waveform 1	1	1393.051997396	1393.072664062	22000.000	38000.000	0.0968
68	Spectrogram 1	1	1393.051997396	1393.072664062	22000.000	38000.000	0.0968
69	Waveform 1	1	1393.517997396	1393.539997396	22000.000	38000.000	0.2121
69	Spectrogram 1	1	1393.517997396	1393.539997396	22000.000	38000.000	0.2121
70	Waveform 1	1	1394.209330729	1394.233997396	22000.000	38000.000	0.1081
70	Spectrogram 1	1	1394.209330729	1394.233997396	22000.000	38000.000	0.1081
