Selection	View	Channel	Begin Time (s)	End Time (s)	Low Freq (Hz)	High Freq (Hz)	Occupancy
1	Waveform 1	1	120.364664062	120.377330729	22000.000	38000.000	0.1579
1	Spectrogram 1	1	120.364664062	120.377330729	22000.000	38000.000	0.1579
2	Waveform 1	1	124.763330729	124.769997396	22000.000	38000.000	0.2000
2	Spectrogram 1	1	124.763330729	124.769997396	22000.000	38000.000	0.2000
3	Waveform 1	1	126.472664062	126.486664062	22000.000	38000.000	0.0952
3	Spectrogram 1	1	126.472664062	126.486664062	22000.000	38000.000	0.0952
4	Waveform 1	1	128.554664062	128.564664062	22000.000	38000.000	0.1333
4	Spectrogram 1	1	128.554664062	128.564664062	22000.000	38000.000	0.1333
5	Waveform 1	1	128.682664062	128.691330729	22000.000	38000.000	0.3846
5	Spectrogram 1	1	128.682664062	128.691330729	22000.000	38000.000	0.3846
6	Waveform 1	1	130.253330729	130.273997396	22000.000	38000.000	0.0968
6	Spectrogram 1	1	130.253330729	130.273997396	22000.000	38000.000	0.0968
7	Waveform 1	1	130.827330729	130.829330729	22000.000	38000.000	0.6667
7	Spectrogram 1	1	130.827330729	130.829330729	22000.000	38000.000	0.6667
8	Waveform 1	1	131.205997396	131.217997396	22000.000	38000.000	0.1111
8	Spectrogram 1	1	131.205997396	131.217997396	22000.000	38000.000	0.1111
9	Waveform 1	1	131.511330729	131.528664062	22000.000	38000.000	0.0769
9	Spectrogram 1	1	131.511330729	131.528664062	22000.000	38000.000	0.0769
10	Waveform 1	1	132.320664062	132.339997396	22000.000	38000.000	0.1379
10	Spectrogram 1	1	132.320664062	132.339997396	22000.000	38000.000	0.1379
11	Waveform 1	1	139.247330729	139.251330729	22000.000	38000.000	0.5000
11	Spectrogram 1	1	139.247330729	139.251330729	22000.000	38000.000	0.5000
12	Waveform 1	1	139.781997396	139.783330729	22000.000	38000.000	1.0000
12	Spectrogram 1	1	139.781997396	139.783330729	22000.000	38000.000	1.0000
13	Waveform 1	1	141.194664062	141.205997396	22000.000	38000.000	0.1176
13	Spectrogram 1	1	141.194664062	141.205997396	22000.000	38000.000	0.1176
14	Waveform 1	1	144.172664062	144.189330729	22000.000	38000.000	0.0800
14	Spectrogram 1	1	144.172664062	144.189330729	22000.000	38000.000	0.0800
15	Waveform 1	1	305.647997396	305.653997396	22000.000	38000.000	0.2222
15	Spectrogram 1	1	305.647997396	305.653997396	22000.000	38000.000	0.2222
16	Waveform 1	1	307.234664062	307.252664063	22000.000	38000.000	0.1852
16	Spectrogram 1	1	307.234664062	307.252664063	22000.000	38000.000	0.1852
17	Waveform 1	1	308.163997396	308.168664062	22000.000	38000.000	0.4286
17	Spectrogram 1	1	308.163997396	308.168664062	22000.000	38000.000	0.4286
18	Waveform 1	1	308.445330729	308.450664062	22000.000	38000.000	0.2500
18	Spectrogram 1	1	308.445330729	308.450664062	22000.000	38000.000	0.2500
19	Waveform 1	1	310.981330729	311.009997396	22000.000	38000.000	0.0930
19	Spectrogram 1	1	310.981330729	311.009997396	22000.000	38000.000	0.0930
20	Waveform 1	1	311.514664063	311.521330729	22000.000	38000.000	0.2000
20	Spectrogram 1	1	311.514664063	311.521330729	22000.000	38000.000	0.2000
21	Waveform 1	1	317.374664063	317.381997396	22000.000	38000.000	0.1818
21	Spectrogram 1	1	317.374664063	317.381997396	22000.000	38000.000	0.1818
22	Waveform 1	1	317.519997396	317.528664063	22000.000	38000.000	0.1538
22	Spectrogram 1	1	317.519997396	317.528664063	22000.000	38000.000	0.1538
23	Waveform 1	1	329.368664062	329.380664062	22000.000	38000.000	0.1111
23	Spectrogram 1	1	329.368664062	329.380664062	22000.000	38000.000	0.1111
24	Waveform 1	1	356.666664062	356.668664062	22000.000	38000.000	0.6667
24	Spectrogram 1	1	356.666664062	356.668664062	22000.000	38000.000	0.6667
25	Waveform 1	1	362.478664063	362.485997396	22000.000	38000.000	0.3636
25	Spectrogram 1	1	362.478664063	362.485997396	22000.000	38000.000	0.3636
26	Waveform 1	1	363.295997396	363.299997396	22000.000	38000.000	0.5000
26	Spectrogram 1	1	363.295997396	363.299997396	22000.000	38000.000	0.5000
27	Waveform 1	1	363.750664062	363.755330729	22000.000	38000.000	0.4286
27	Spectrogram 1	1	363.750664062	363.755330729	22000.000	38000.000	0.4286
28	Waveform 1	1	367.553330729	367.559330729	22000.000	38000.000	0.3333
28	Spectrogram 1	1	367.553330729	367.559330729	22000.000	38000.000	0.3333
29	Waveform 1	1	388.551997396	388.554664062	22000.000	38000.000	0.5000
29	Spectrogram 1	1	388.551997396	388.554664062	22000.000	38000.000	0.5000
30	Waveform 1	1	389.243997396	389.246664062	22000.000	38000.000	0.5000
30	Spectrogram 1	1	389.243997396	389.246664062	22000.000	38000.000	0.5000
31	Waveform 1	1	390.883330729	390.889997396	22000.000	38000.000	0.4000
31	Spectrogram 1	1	390.883330729	390.889997396	22000.000	38000.000	0.4000
32	Waveform 1	1	391.033997396	391.041330729	22000.000	38000.000	0.4545
32	Spectrogram 1	1	391.033997396	391.041330729	22000.000	38000.000	0.4545
33	Waveform 1	1	391.287997396	391.289997396	22000.000	38000.000	0.6667
33	Spectrogram 1	1	391.287997396	391.289997396	22000.000	38000.000	0.6667
34	Waveform 1	1	391.543330729	391.544664062	22000.000	38000.000	1.0000
34	Spectrogram 1	1	391.543330729	391.544664062	22000.000	38000.000	1.0000
35	Waveform 1	1	401.723330729	401.726664062	22000.000	38000.000	0.4000
35	Spectrogram 1	1	401.723330729	401.726664062	22000.000	38000.000	0.4000
36	Waveform 1	1	408.727330729	408.735330729	22000.000	38000.000	0.1667
36	Spectrogram 1	1	408.727330729	408.735330729	22000.000	38000.000	0.1667
37	Waveform 1	1	409.203997396	409.207330729	22000.000	38000.000	0.4000
37	Spectrogram 1	1	409.203997396	409.207330729	22000.000	38000.000	0.4000
38	Waveform 1	1	409.602664062	409.625997396	22000.000	38000.000	0.0857
38	Spectrogram 1	1	409.602664062	409.625997396	22000.000	38000.000	0.0857
39	Waveform 1	1	409.956664063	409.989997396	22000.000	38000.000	0.0800
39	Spectrogram 1	1	409.956664063	409.989997396	22000.000	38000.000	0.0800
40	Waveform 1	1	415.383330729	415.385997396	22000.000	38000.000	0.5000
40	Spectrogram 1	1	415.383330729	415.385997396	22000.000	38000.000	0.5000
41	Waveform 1	1	417.059330729	417.065997396	22000.000	38000.000	0.2000
41	Spectrogram 1	1	417.059330729	417.065997396	22000.000	38000.000	0.2000
42	Waveform 1	1	418.006664062	418.009330729	22000.000	38000.000	0.7500
42	Spectrogram 1	1	418.006664062	418.009330729	22000.000	38000.000	0.7500
43	Waveform 1	1	420.979330729	420.980664063	22000.000	38000.000	1.0000
43	Spectrogram 1	1	420.979330729	420.980664063	22000.000	38000.000	1.0000
44	Waveform 1	1	518.707997396	518.709330729	22000.000	38000.000	1.0000
44	Spectrogram 1	1	518.707997396	518.709330729	22000.000	38000.000	1.0000
45	Waveform 1	1	521.647997396	521.657330729	22000.000	38000.000	0.2857
45	Spectrogram 1	1	521.647997396	521.657330729	22000.000	38000.000	0.2857
46	Waveform 1	1	522.811997396	522.813330729	22000.000	38000.000	1.0000
46	Spectrogram 1	1	522.811997396	522.813330729	22000.000	38000.000	1.0000
47	Waveform 1	1	523.506664063	523.513330729	22000.000	38000.000	0.2000
47	Spectrogram 1	1	523.506664063	523.513330729	22000.000	38000.000	0.2000
48	Waveform 1	1	525.785997396	525.792664063	22000.000	38000.000	0.2000
48	Spectrogram 1	1	525.785997396	525.792664063	22000.000	38000.000	0.2000
49	Waveform 1	1	528.095997396	528.103997396	22000.000	38000.000	0.1667
49	Spectrogram 1	1	528.095997396	528.103997396	22000.000	38000.000	0.1667
50	Waveform 1	1	530.505330729	530.506664063	22000.000	38000.000	1.0000
50	Spectrogram 1	1	530.505330729	530.506664063	22000.000	38000.000	1.0000
51	Waveform 1	1	531.035330729	531.049330729	22000.000	38000.000	0.1905
51	Spectrogram 1	1	531.035330729	531.049330729	22000.000	38000.000	0.1905
52	Waveform 1	1	531.179997396	531.183997396	22000.000	38000.000	0.6667
52	Spectrogram 1	1	531.179997396	531.183997396	22000.000	38000.000	0.6667
53	Waveform 1	1	531.577997396	531.579997396	22000.000	38000.000	0.6667
53	Spectrogram 1	1	531.577997396	531.579997396	22000.000	38000.000	0.6667
54	Waveform 1	1	537.031997396	537.035330729	22000.000	38000.000	0.6000
54	Spectrogram 1	1	537.031997396	537.035330729	22000.000	38000.000	0.6000
55	Waveform 1	1	537.805997396	537.822664063	22000.000	38000.000	0.1200
55	Spectrogram 1	1	537.805997396	537.822664063	22000.000	38000.000	0.1200
56	Waveform 1	1	537.982664063	537.988664063	22000.000	38000.000	0.4444
56	Spectrogram 1	1	537.982664063	537.988664063	22000.000	38000.000	0.4444
57	Waveform 1	1	538.131997396	538.137330729	22000.000	38000.000	0.6250
57	Spectrogram 1	1	538.131997396	538.137330729	22000.000	38000.000	0.6250
58	Waveform 1	1	539.067997396	539.069330729	22000.000	38000.000	1.0000
58	Spectrogram 1	1	539.067997396	539.069330729	22000.000	38000.000	1.0000
59	Waveform 1	1	540.469330729	540.480664063	22000.000	38000.000	0.1765
59	Spectrogram 1	1	540.469330729	540.480664063	22000.000	38000.000	0.1765
60	Waveform 1	1	541.735997396	541.741997396	22000.000	38000.000	0.3333
60	Spectrogram 1	1	541.735997396	541.741997396	22000.000	38000.000	0.3333
61	Waveform 1	1	542.232664063	542.243997396	22000.000	38000.000	0.1176
61	Spectrogram 1	1	542.232664063	542.243997396	22000.000	38000.000	0.1176
62	Waveform 1	1	542.849997396	542.857997396	22000.000	38000.000	0.1667
62	Spectrogram 1	1	542.849997396	542.857997396	22000.000	38000.000	0.1667
63	Waveform 1	1	543.001330729	543.024664063	22000.000	38000.000	0.1429
63	Spectrogram 1	1	543.001330729	543.024664063	22000.000	38000.000	0.1429
64	Waveform 1	1	543.135330729	543.137997396	22000.000	38000.000	0.7500
64	Spectrogram 1	1	543.135330729	543.137997396	22000.000	38000.000	0.7500
65	Waveform 1	1	543.818664063	543.822664063	22000.000	38000.000	0.5000
65	Spectrogram 1	1	543.818664063	543.822664063	22000.000	38000.000	0.5000
66	Waveform 1	1	544.618664063	544.639330729	22000.000	38000.000	0.0968
66	Spectrogram 1	1	544.618664063	544.639330729	22000.000	38000.000	0.0968
67	Waveform 1	1	546.468664063	546.486664063	22000.000	38000.000	0.0741
67	Spectrogram 1	1	546.468664063	546.486664063	22000.000	38000.000	0.0741
68	Waveform 1	1	546.747997396	546.751997396	22000.000	38000.000	0.5000
68	Spectrogram 1	1	546.747997396	546.751997396	22000.000	38000.000	0.5000
69	Waveform 1	1	547.984664063	547.997330729	22000.000	38000.000	0.2632
69	Spectrogram 1	1	547.984664063	547.997330729	22000.000	38000.000	0.2632
70	Waveform 1	1	548.122664063	548.133997396	22000.000	38000.000	0.2941
70	Spectrogram 1	1	548.122664063	548.133997396	22000.000	38000.000	0.2941
71	Waveform 1	1	549.391330729	549.395330729	22000.000	38000.000	0.5000
71	Spectrogram 1	1	549.391330729	549.395330729	22000.000	38000.000	0.5000
72	Waveform 1	1	551.677330729	551.682664063	22000.000	38000.000	0.2500
72	Spectrogram 1	1	551.677330729	551.682664063	22000.000	38000.000	0.2500
73	Waveform 1	1	552.338664063	552.341330729	22000.000	38000.000	0.5000
73	Spectrogram 1	1	552.338664063	552.341330729	22000.000	38000.000	0.5000
74	Waveform 1	1	553.435330729	553.439997396	22000.000	38000.000	0.4286
74	Spectrogram 1	1	553.435330729	553.439997396	22000.000	38000.000	0.4286
75	Waveform 1	1	556.437330729	556.438664063	22000.000	38000.000	1.0000
75	Spectrogram 1	1	556.437330729	556.438664063	22000.000	38000.000	1.0000
76	Waveform 1	1	556.725330729	556.728664063	22000.000	38000.000	0.4000
76	Spectrogram 1	1	556.725330729	556.728664063	22000.000	38000.000	0.4000
77	Waveform 1	1	562.392664063	562.401330729	22000.000	38000.000	0.3077
77	Spectrogram 1	1	562.392664063	562.401330729	22000.000	38000.000	0.3077
78	Waveform 1	1	573.746664063	573.750664063	22000.000	38000.000	0.3333
78	Spectrogram 1	1	573.746664063	573.750664063	22000.000	38000.000	0.3333
79	Waveform 1	1	574.711997396	574.731330729	22000.000	38000.000	0.1379
79	Spectrogram 1	1	574.711997396	574.731330729	22000.000	38000.000	0.1379
80	Waveform 1	1	575.118664063	575.153330729	22000.000	38000.000	0.0962
80	Spectrogram 1	1	575.118664063	575.153330729	22000.000	38000.000	0.0962
81	Waveform 1	1	575.839997396	575.850664063	22000.000	38000.000	0.2500
81	Spectrogram 1	1	575.839997396	575.850664063	22000.000	38000.000	0.2500
82	Waveform 1	1	578.989997396	579.013997396	22000.000	38000.000	0.0833
82	Spectrogram 1	1	578.989997396	579.013997396	22000.000	38000.000	0.0833
83	Waveform 1	1	580.083330729	580.095997396	22000.000	38000.000	0.1053
83	Spectrogram 1	1	580.083330729	580.095997396	22000.000	38000.000	0.1053
84	Waveform 1	1	581.012664062	581.024664063	22000.000	38000.000	0.1667
84	Spectrogram 1	1	581.012664062	581.024664063	22000.000	38000.000	0.1667
85	Waveform 1	1	581.687997396	581.713330729	22000.000	38000.000	0.0789
85	Spectrogram 1	1	581.687997396	581.713330729	22000.000	38000.000	0.0789
86	Waveform 1	1	582.817330729	582.823330729	22000.000	38000.000	0.2222
86	Spectrogram 1	1	582.817330729	582.823330729	22000.000	38000.000	0.2222
87	Waveform 1	1	584.052664063	584.057997396	22000.000	38000.000	0.2500
87	Spectrogram 1	1	584.052664063	584.057997396	22000.000	38000.000	0.2500
88	Waveform 1	1	584.422664063	584.425330729	22000.000	38000.000	0.5000
88	Spectrogram 1	1	584.422664063	584.425330729	22000.000	38000.000	0.5000
89	Waveform 1	1	585.961997396	585.967330729	22000.000	38000.000	0.2500
89	Spectrogram 1	1	585.961997396	585.967330729	22000.000	38000.000	0.2500
90	Waveform 1	1	588.399997396	588.416664063	22000.000	38000.000	0.0800
90	Spectrogram 1	1	588.399997396	588.416664063	22000.000	38000.000	0.0800
91	Waveform 1	1	589.165330729	589.176664063	22000.000	38000.000	0.1765
91	Spectrogram 1	1	589.165330729	589.176664063	22000.000	38000.000	0.1765
92	Waveform 1	1	590.622664063	590.634664063	22000.000	38000.000	0.2222
92	Spectrogram 1	1	590.622664063	590.634664063	22000.000	38000.000	0.2222
93	Waveform 1	1	590.770664063	590.775330729	22000.000	38000.000	0.2857
93	Spectrogram 1	1	590.770664063	590.775330729	22000.000	38000.000	0.2857
94	Waveform 1	1	590.875330729	590.888664063	22000.000	38000.000	0.2500
94	Spectrogram 1	1	590.875330729	590.888664063	22000.000	38000.000	0.2500
95	Waveform 1	1	591.135997396	591.143330729	22000.000	38000.000	0.3636
95	Spectrogram 1	1	591.135997396	591.143330729	22000.000	38000.000	0.3636
96	Waveform 1	1	591.407330729	591.423997396	22000.000	38000.000	0.0800
96	Spectrogram 1	1	591.407330729	591.423997396	22000.000	38000.000	0.0800
97	Waveform 1	1	591.775330729	591.785997396	22000.000	38000.000	0.1250
97	Spectrogram 1	1	591.775330729	591.785997396	22000.000	38000.000	0.1250
98	Waveform 1	1	591.910664063	591.933997396	22000.000	38000.000	0.0857
98	Spectrogram 1	1	591.910664063	591.933997396	22000.000	38000.000	0.0857
99	Waveform 1	1	592.175997396	592.208664063	22000.000	38000.000	0.0816
99	Spectrogram 1	1	592.175997396	592.208664063	22000.000	38000.000	0.0816
100	Waveform 1	1	592.432664063	592.439997396	22000.000	38000.000	0.1818
100	Spectrogram 1	1	592.432664063	592.439997396	22000.000	38000.000	0.1818
101	Waveform 1	1	592.599997396	592.622664063	22000.000	38000.000	0.1176
101	Spectrogram 1	1	592.599997396	592.622664063	22000.000	38000.000	0.1176
102	Waveform 1	1	592.910664063	592.945997396	22000.000	38000.000	0.0943
102	Spectrogram 1	1	592.910664063	592.945997396	22000.000	38000.000	0.0943
103	Waveform 1	1	593.179997396	593.193330729	22000.000	38000.000	0.2000
103	Spectrogram 1	1	593.179997396	593.193330729	22000.000	38000.000	0.2000
104	Waveform 1	1	593.410664063	593.443330729	22000.000	38000.000	0.0816
104	Spectrogram 1	1	593.410664063	593.443330729	22000.000	38000.000	0.0816
105	Waveform 1	1	593.681330729	593.706664063	22000.000	38000.000	0.1579
105	Spectrogram 1	1	593.681330729	593.706664063	22000.000	38000.000	0.1579
106	Waveform 1	1	594.675330729	594.726664063	22000.000	38000.000	0.1169
106	Spectrogram 1	1	594.675330729	594.726664063	22000.000	38000.000	0.1169
107	Waveform 1	1	594.830664063	594.841997396	22000.000	38000.000	0.2353
107	Spectrogram 1	1	594.830664063	594.841997396	22000.000	38000.000	0.2353
108	Waveform 1	1	595.069997396	595.097997396	22000.000	38000.000	0.1667
108	Spectrogram 1	1	595.069997396	595.097997396	22000.000	38000.000	0.1667
109	Waveform 1	1	595.626664063	595.635330729	22000.000	38000.000	0.1538
109	Spectrogram 1	1	595.626664063	595.635330729	22000.000	38000.000	0.1538
110	Waveform 1	1	596.141330729	596.174664063	22000.000	38000.000	0.1000
110	Spectrogram 1	1	596.141330729	596.174664063	22000.000	38000.000	0.1000
111	Waveform 1	1	596.419330729	596.437330729	22000.000	38000.000	0.1111
111	Spectrogram 1	1	596.419330729	596.437330729	22000.000	38000.000	0.1111
112	Waveform 1	1	596.671997396	596.683997396	22000.000	38000.000	0.3333
112	Spectrogram 1	1	596.671997396	596.683997396	22000.000	38000.000	0.3333
113	Waveform 1	1	597.771330729	597.777330729	22000.000	38000.000	0.4444
113	Spectrogram 1	1	597.771330729	597.777330729	22000.000	38000.000	0.4444
114	Waveform 1	1	597.915330729	597.938664063	22000.000	38000.000	0.1143
114	Spectrogram 1	1	597.915330729	597.938664063	22000.000	38000.000	0.1143
115	Waveform 1	1	598.699997396	598.702664063	22000.000	38000.000	0.5000
115	Spectrogram 1	1	598.699997396	598.702664063	22000.000	38000.000	0.5000
116	Waveform 1	1	598.953997396	598.971997396	22000.000	38000.000	0.1481
116	Spectrogram 1	1	598.953997396	598.971997396	22000.000	38000.000	0.1481
117	Waveform 1	1	599.477330729	599.506664063	22000.000	38000.000	0.1136
117	Spectrogram 1	1	599.477330729	599.506664063	22000.000	38000.000	0.1136
118	Waveform 1	1	599.985330729	600.012664062	22000.000	38000.000	0.1220
118	Spectrogram 1	1	599.985330729	600.012664062	22000.000	38000.000	0.1220
119	Waveform 1	1	601.186664063	601.203997396	22000.000	38000.000	0.2308
119	Spectrogram 1	1	601.186664063	601.203997396	22000.000	38000.000	0.2308
120	Waveform 1	1	601.352664063	601.355997396	22000.000	38000.000	0.4000
120	Spectrogram 1	1	601.352664063	601.355997396	22000.000	38000.000	0.4000
121	Waveform 1	1	601.825330729	601.856664063	22000.000	38000.000	0.1064
121	Spectrogram 1	1	601.825330729	601.856664063	22000.000	38000.000	0.1064
122	Waveform 1	1	602.079330729	602.111997396	22000.000	38000.000	0.1429
122	Spectrogram 1	1	602.079330729	602.111997396	22000.000	38000.000	0.1429
123	Waveform 1	1	603.249997396	603.275997396	22000.000	38000.000	0.1282
123	Spectrogram 1	1	603.249997396	603.275997396	22000.000	38000.000	0.1282
124	Waveform 1	1	604.219997396	604.225997396	22000.000	38000.000	0.4444
124	Spectrogram 1	1	604.219997396	604.225997396	22000.000	38000.000	0.4444
125	Waveform 1	1	604.871997396	604.911330729	22000.000	38000.000	0.1017
125	Spectrogram 1	1	604.871997396	604.911330729	22000.000	38000.000	0.1017
126	Waveform 1	1	605.117997396	605.138664063	22000.000	38000.000	0.2258
126	Spectrogram 1	1	605.117997396	605.138664063	22000.000	38000.000	0.2258
127	Waveform 1	1	605.395330729	605.420664063	22000.000	38000.000	0.1053
127	Spectrogram 1	1	605.395330729	605.420664063	22000.000	38000.000	0.1053
128	Waveform 1	1	605.949330729	605.968664063	22000.000	38000.000	0.1034
128	Spectrogram 1	1	605.949330729	605.968664063	22000.000	38000.000	0.1034
129	Waveform 1	1	606.215330729	606.229330729	22000.000	38000.000	0.1429
129	Spectrogram 1	1	606.215330729	606.229330729	22000.000	38000.000	0.1429
130	Waveform 1	1	606.474664063	606.505330729	22000.000	38000.000	0.0870
130	Spectrogram 1	1	606.474664063	606.505330729	22000.000	38000.000	0.0870
131	Waveform 1	1	606.627330729	606.637997396	22000.000	38000.000	0.3125
131	Spectrogram 1	1	606.627330729	606.637997396	22000.000	38000.000	0.3125
132	Waveform 1	1	606.796664063	606.822664063	22000.000	38000.000	0.1538
132	Spectrogram 1	1	606.796664063	606.822664063	22000.000	38000.000	0.1538
133	Waveform 1	1	607.039330729	607.043330729	22000.000	38000.000	0.3333
133	Spectrogram 1	1	607.039330729	607.043330729	22000.000	38000.000	0.3333
134	Waveform 1	1	607.343330729	607.373330729	22000.000	38000.000	0.1333
134	Spectrogram 1	1	607.343330729	607.373330729	22000.000	38000.000	0.1333
135	Waveform 1	1	608.063330729	608.066664063	22000.000	38000.000	0.6000
135	Spectrogram 1	1	608.063330729	608.066664063	22000.000	38000.000	0.6000
136	Waveform 1	1	609.191997396	609.197330729	22000.000	38000.000	0.2500
136	Spectrogram 1	1	609.191997396	609.197330729	22000.000	38000.000	0.2500
137	Waveform 1	1	609.423997396	609.437330729	22000.000	38000.000	0.1000
137	Spectrogram 1	1	609.423997396	609.437330729	22000.000	38000.000	0.1000
138	Waveform 1	1	610.046664063	610.069330729	22000.000	38000.000	0.1765
138	Spectrogram 1	1	610.046664063	610.069330729	22000.000	38000.000	0.1765
139	Waveform 1	1	610.302664063	610.334664062	22000.000	38000.000	0.1667
139	Spectrogram 1	1	610.302664063	610.334664062	22000.000	38000.000	0.1667
140	Waveform 1	1	610.561997396	610.567997396	22000.000	38000.000	0.3333
140	Spectrogram 1	1	610.561997396	610.567997396	22000.000	38000.000	0.3333
141	Waveform 1	1	610.841997396	610.863997396	22000.000	38000.000	0.2121
141	Spectrogram 1	1	610.841997396	610.863997396	22000.000	38000.000	0.2121
142	Waveform 1	1	611.099997396	611.129330729	22000.000	38000.000	0.2045
142	Spectrogram 1	1	611.099997396	611.129330729	22000.000	38000.000	0.2045
143	Waveform 1	1	611.387330729	611.446664063	22000.000	38000.000	0.1011
143	Spectrogram 1	1	611.387330729	611.446664063	22000.000	38000.000	0.1011
144	Waveform 1	1	611.613330729	611.647330729	22000.000	38000.000	0.1176
144	Spectrogram 1	1	611.613330729	611.647330729	22000.000	38000.000	0.1176
145	Waveform 1	1	611.765330729	611.785330729	22000.000	38000.000	0.1000
145	Spectrogram 1	1	611.765330729	611.785330729	22000.000	38000.000	0.1000
146	Waveform 1	1	612.009330729	612.022664063	22000.000	38000.000	0.2500
146	Spectrogram 1	1	612.009330729	612.022664063	22000.000	38000.000	0.2500
147	Waveform 1	1	612.280664063	612.311330729	22000.000	38000.000	0.1087
147	Spectrogram 1	1	612.280664063	612.311330729	22000.000	38000.000	0.1087
148	Waveform 1	1	612.510664063	612.542664063	22000.000	38000.000	0.1875
148	Spectrogram 1	1	612.510664063	612.542664063	22000.000	38000.000	0.1875
149	Waveform 1	1	612.662664063	612.670664063	22000.000	38000.000	0.4167
149	Spectrogram 1	1	612.662664063	612.670664063	22000.000	38000.000	0.4167
150	Waveform 1	1	612.754664063	612.813997396	22000.000	38000.000	0.0899
150	Spectrogram 1	1	612.754664063	612.813997396	22000.000	38000.000	0.0899
151	Waveform 1	1	613.310664062	613.334664062	22000.000	38000.000	0.1111
151	Spectrogram 1	1	613.310664062	613.334664062	22000.000	38000.000	0.1111
152	Waveform 1	1	613.699997396	613.716664063	22000.000	38000.000	0.2800
152	Spectrogram 1	1	613.699997396	613.716664063	22000.000	38000.000	0.2800
153	Waveform 1	1	614.236664063	614.263330729	22000.000	38000.000	0.1000
153	Spectrogram 1	1	614.236664063	614.263330729	22000.000	38000.000	0.1000
154	Waveform 1	1	614.399330729	614.403997396	22000.000	38000.000	0.2857
154	Spectrogram 1	1	614.399330729	614.403997396	22000.000	38000.000	0.2857
155	Waveform 1	1	614.663330729	614.697997396	22000.000	38000.000	0.1538
155	Spectrogram 1	1	614.663330729	614.697997396	22000.000	38000.000	0.1538
156	Waveform 1	1	614.814664063	614.822664063	22000.000	38000.000	0.3333
156	Spectrogram 1	1	614.814664063	614.822664063	22000.000	38000.000	0.3333
157	Waveform 1	1	615.069330729	615.075997396	22000.000	38000.000	0.4000
157	Spectrogram 1	1	615.069330729	615.075997396	22000.000	38000.000	0.4000
158	Waveform 1	1	615.283330729	615.301330729	22000.000	38000.000	0.1111
158	Spectrogram 1	1	615.283330729	615.301330729	22000.000	38000.000	0.1111
159	Waveform 1	1	615.363997396	615.370664063	22000.000	38000.000	0.3000
159	Spectrogram 1	1	615.363997396	615.370664063	22000.000	38000.000	0.3000
160	Waveform 1	1	615.505997396	615.527330729	22000.000	38000.000	0.1250
160	Spectrogram 1	1	615.505997396	615.527330729	22000.000	38000.000	0.1250
161	Waveform 1	1	615.651997396	615.669330729	22000.000	38000.000	0.0769
161	Spectrogram 1	1	615.651997396	615.669330729	22000.000	38000.000	0.0769
162	Waveform 1	1	615.786664062	615.804664063	22000.000	38000.000	0.1852
162	Spectrogram 1	1	615.786664062	615.804664063	22000.000	38000.000	0.1852
163	Waveform 1	1	615.922664063	615.923997396	22000.000	38000.000	1.0000
163	Spectrogram 1	1	615.922664063	615.923997396	22000.000	38000.000	1.0000
164	Waveform 1	1	616.053997396	616.066664063	22000.000	38000.000	0.1579
164	Spectrogram 1	1	616.053997396	616.066664063	22000.000	38000.000	0.1579
165	Waveform 1	1	616.299330729	616.350664063	22000.000	38000.000	0.0909
165	Spectrogram 1	1	616.299330729	616.350664063	22000.000	38000.000	0.0909
166	Waveform 1	1	616.663997396	616.668664063	22000.000	38000.000	0.4286
166	Spectrogram 1	1	616.663997396	616.668664063	22000.000	38000.000	0.4286
167	Waveform 1	1	616.841330729	616.845997396	22000.000	38000.000	0.2857
167	Spectrogram 1	1	616.841330729	616.845997396	22000.000	38000.000	0.2857
168	Waveform 1	1	617.259997396	617.294664063	22000.000	38000.000	0.0769
168	Spectrogram 1	1	617.259997396	617.294664063	22000.000	38000.000	0.0769
169	Waveform 1	1	617.671330729	617.708664063	22000.000	38000.000	0.1607
169	Spectrogram 1	1	617.671330729	617.708664063	22000.000	38000.000	0.1607
170	Waveform 1	1	617.837997396	617.861330729	22000.000	38000.000	0.1143
170	Spectrogram 1	1	617.837997396	617.861330729	22000.000	38000.000	0.1143
171	Waveform 1	1	618.003997396	618.005330729	22000.000	38000.000	1.0000
171	Spectrogram 1	1	618.003997396	618.005330729	22000.000	38000.000	1.0000
172	Waveform 1	1	618.143330729	618.146664063	22000.000	38000.000	0.4000
172	Spectrogram 1	1	618.143330729	618.146664063	22000.000	38000.000	0.4000
173	Waveform 1	1	618.379997396	618.393330729	22000.000	38000.000	0.1500
173	Spectrogram 1	1	618.379997396	618.393330729	22000.000	38000.000	0.1500
174	Waveform 1	1	618.535997396	618.537997396	22000.000	38000.000	1.0000
174	Spectrogram 1	1	618.535997396	618.537997396	22000.000	38000.000	1.0000
175	Waveform 1	1	618.939997396	618.962664063	22000.000	38000.000	0.1471
175	Spectrogram 1	1	618.939997396	618.962664063	22000.000	38000.000	0.1471
176	Waveform 1	1	622.727330729	622.739330729	22000.000	38000.000	0.1111
176	Spectrogram 1	1	622.727330729	622.739330729	22000.000	38000.000	0.1111
177	Waveform 1	1	624.382664062	624.391997396	22000.000	38000.000	0.1429
177	Spectrogram 1	1	624.382664062	624.391997396	22000.000	38000.000	0.1429
178	Waveform 1	1	626.827997396	626.829997396	22000.000	38000.000	1.0000
178	Spectrogram 1	1	626.827997396	626.829997396	22000.000	38000.000	1.0000
179	Waveform 1	1	627.267330729	627.284664063	22000.000	38000.000	0.1538
179	Spectrogram 1	1	627.267330729	627.284664063	22000.000	38000.000	0.1538
180	Waveform 1	1	627.734664063	627.743330729	22000.000	38000.000	0.3846
180	Spectrogram 1	1	627.734664063	627.743330729	22000.000	38000.000	0.3846
181	Waveform 1	1	628.008664063	628.022664063	22000.000	38000.000	0.0952
181	Spectrogram 1	1	628.008664063	628.022664063	22000.000	38000.000	0.0952
182	Waveform 1	1	628.188664063	628.202664063	22000.000	38000.000	0.2381
182	Spectrogram 1	1	628.188664063	628.202664063	22000.000	38000.000	0.2381
183	Waveform 1	1	628.314664063	628.315997396	22000.000	38000.000	1.0000
183	Spectrogram 1	1	628.314664063	628.315997396	22000.000	38000.000	1.0000
184	Waveform 1	1	629.380664063	629.385330729	22000.000	38000.000	0.5714
184	Spectrogram 1	1	629.380664063	629.385330729	22000.000	38000.000	0.5714
185	Waveform 1	1	629.453330729	629.457330729	22000.000	38000.000	0.3333
185	Spectrogram 1	1	629.453330729	629.457330729	22000.000	38000.000	0.3333
186	Waveform 1	1	629.526664063	629.531997396	22000.000	38000.000	0.2500
186	Spectrogram 1	1	629.526664063	629.531997396	22000.000	38000.000	0.2500
187	Waveform 1	1	629.793997396	629.827997396	22000.000	38000.000	0.0980
187	Spectrogram 1	1	629.793997396	629.827997396	22000.000	38000.000	0.0980
188	Waveform 1	1	629.932664063	629.959997396	22000.000	38000.000	0.0976
188	Spectrogram 1	1	629.932664063	629.959997396	22000.000	38000.000	0.0976
189	Waveform 1	1	630.202664063	630.231330729	22000.000	38000.000	0.1163
189	Spectrogram 1	1	630.202664063	630.231330729	22000.000	38000.000	0.1163
190	Waveform 1	1	630.348664063	630.355997396	22000.000	38000.000	0.1818
190	Spectrogram 1	1	630.348664063	630.355997396	22000.000	38000.000	0.1818
191	Waveform 1	1	630.471330729	630.475330729	22000.000	38000.000	0.5000
191	Spectrogram 1	1	630.471330729	630.475330729	22000.000	38000.000	0.5000
192	Waveform 1	1	630.639330729	630.648664063	22000.000	38000.000	0.1429
192	Spectrogram 1	1	630.639330729	630.648664063	22000.000	38000.000	0.1429
193	Waveform 1	1	630.885997396	630.913330729	22000.000	38000.000	0.0732
193	Spectrogram 1	1	630.885997396	630.913330729	22000.000	38000.000	0.0732
194	Waveform 1	1	631.029330729	631.045330729	22000.000	38000.000	0.0833
194	Spectrogram 1	1	631.029330729	631.045330729	22000.000	38000.000	0.0833
195	Waveform 1	1	631.896664063	631.902664063	22000.000	38000.000	0.2222
195	Spectrogram 1	1	631.896664063	631.902664063	22000.000	38000.000	0.2222
196	Waveform 1	1	632.002664063	632.009330729	22000.000	38000.000	0.5000
196	Spectrogram 1	1	632.002664063	632.009330729	22000.000	38000.000	0.5000
197	Waveform 1	1	632.269997396	632.319330729	22000.000	38000.000	0.0811
197	Spectrogram 1	1	632.269997396	632.319330729	22000.000	38000.000	0.0811
198	Waveform 1	1	632.587997396	632.590664063	22000.000	38000.000	1.0000
198	Spectrogram 1	1	632.587997396	632.590664063	22000.000	38000.000	1.0000
199	Waveform 1	1	633.051330729	633.052664063	22000.000	38000.000	1.0000
199	Spectrogram 1	1	633.051330729	633.052664063	22000.000	38000.000	1.0000
200	Waveform 1	1	633.423330729	633.437997396	22000.000	38000.000	0.0909
200	Spectrogram 1	1	633.423330729	633.437997396	22000.000	38000.000	0.0909
201	Waveform 1	1	633.579997396	633.582664063	22000.000	38000.000	0.5000
201	Spectrogram 1	1	633.579997396	633.582664063	22000.000	38000.000	0.5000
202	Waveform 1	1	634.893997396	634.909330729	22000.000	38000.000	0.0870
202	Spectrogram 1	1	634.893997396	634.909330729	22000.000	38000.000	0.0870
203	Waveform 1	1	665.322664063	665.336664063	22000.000	38000.000	0.0952
203	Spectrogram 1	1	665.322664063	665.336664063	22000.000	38000.000	0.0952
204	Waveform 1	1	665.578664063	665.579997396	22000.000	38000.000	1.0000
204	Spectrogram 1	1	665.578664063	665.579997396	22000.000	38000.000	1.0000
205	Waveform 1	1	674.162664063	674.171330729	22000.000	38000.000	0.1538
205	Spectrogram 1	1	674.162664063	674.171330729	22000.000	38000.000	0.1538
206	Waveform 1	1	694.081330729	694.083330729	22000.000	38000.000	0.6667
206	Spectrogram 1	1	694.081330729	694.083330729	22000.000	38000.000	0.6667
207	Waveform 1	1	694.337330729	694.355330729	22000.000	38000.000	0.0741
207	Spectrogram 1	1	694.337330729	694.355330729	22000.000	38000.000	0.0741
208	Waveform 1	1	695.010664063	695.027997396	22000.000	38000.000	0.0769
208	Spectrogram 1	1	695.010664063	695.027997396	22000.000	38000.000	0.0769
209	Waveform 1	1	695.139997396	695.145997396	22000.000	38000.000	0.2222
209	Spectrogram 1	1	695.139997396	695.145997396	22000.000	38000.000	0.2222
210	Waveform 1	1	696.375997396	696.385997396	22000.000	38000.000	0.2000
210	Spectrogram 1	1	696.375997396	696.385997396	22000.000	38000.000	0.2000
211	Waveform 1	1	700.121330729	700.122664063	22000.000	38000.000	1.0000
211	Spectrogram 1	1	700.121330729	700.122664063	22000.000	38000.000	1.0000
212	Waveform 1	1	702.226664063	702.229330729	22000.000	38000.000	0.7500
212	Spectrogram 1	1	702.226664063	702.229330729	22000.000	38000.000	0.7500
213	Waveform 1	1	703.639330729	703.662664063	22000.000	38000.000	0.0857
213	Spectrogram 1	1	703.639330729	703.662664063	22000.000	38000.000	0.0857
214	Waveform 1	1	703.902664063	703.905997396	22000.000	38000.000	0.4000
214	Spectrogram 1	1	703.902664063	703.905997396	22000.000	38000.000	0.4000
215	Waveform 1	1	704.072664063	704.073997396	22000.000	38000.000	1.0000
215	Spectrogram 1	1	704.072664063	704.073997396	22000.000	38000.000	1.0000
216	Waveform 1	1	704.676664063	704.681330729	22000.000	38000.000	0.5714
216	Spectrogram 1	1	704.676664063	704.681330729	22000.000	38000.000	0.5714
217	Waveform 1	1	708.285330729	708.297997396	22000.000	38000.000	0.2105
217	Spectrogram 1	1	708.285330729	708.297997396	22000.000	38000.000	0.2105
218	Waveform 1	1	709.821330729	709.835330729	22000.000	38000.000	0.1905
218	Spectrogram 1	1	709.821330729	709.835330729	22000.000	38000.000	0.1905
219	Waveform 1	1	710.373997396	710.387330729	22000.000	38000.000	0.1500
219	Spectrogram 1	1	710.373997396	710.387330729	22000.000	38000.000	0.1500
220	Waveform 1	1	711.711997396	711.713330729	22000.000	38000.000	1.0000
220	Spectrogram 1	1	711.711997396	711.713330729	22000.000	38000.000	1.0000
221	Waveform 1	1	754.020664063	754.032664063	22000.000	38000.000	0.2222
221	Spectrogram 1	1	754.020664063	754.032664063	22000.000	38000.000	0.2222
222	Waveform 1	1	757.223997396	757.231997396	22000.000	38000.000	0.1667
222	Spectrogram 1	1	757.223997396	757.231997396	22000.000	38000.000	0.1667
223	Waveform 1	1	757.834664062	757.845997396	22000.000	38000.000	0.1176
223	Spectrogram 1	1	757.834664062	757.845997396	22000.000	38000.000	0.1176
224	Waveform 1	1	758.264664063	758.286664062	22000.000	38000.000	0.0909
224	Spectrogram 1	1	758.264664063	758.286664062	22000.000	38000.000	0.0909
225	Waveform 1	1	758.514664063	758.515997396	22000.000	38000.000	1.0000
225	Spectrogram 1	1	758.514664063	758.515997396	22000.000	38000.000	1.0000
226	Waveform 1	1	758.810664062	758.811997396	22000.000	38000.000	1.0000
226	Spectrogram 1	1	758.810664062	758.811997396	22000.000	38000.000	1.0000
227	Waveform 1	1	759.917997396	759.927330729	22000.000	38000.000	0.1429
227	Spectrogram 1	1	759.917997396	759.927330729	22000.000	38000.000	0.1429
228	Waveform 1	1	760.184664063	760.203997396	22000.000	38000.000	0.1379
228	Spectrogram 1	1	760.184664063	760.203997396	22000.000	38000.000	0.1379
229	Waveform 1	1	761.196664063	761.200664063	22000.000	38000.000	0.3333
229	Spectrogram 1	1	761.196664063	761.200664063	22000.000	38000.000	0.3333
230	Waveform 1	1	763.305997396	763.323997396	22000.000	38000.000	0.1111
230	Spectrogram 1	1	763.305997396	763.323997396	22000.000	38000.000	0.1111
231	Waveform 1	1	764.251997396	764.253330729	22000.000	38000.000	1.0000
231	Spectrogram 1	1	764.251997396	764.253330729	22000.000	38000.000	1.0000
232	Waveform 1	1	765.733330729	765.743330729	22000.000	38000.000	0.3333
232	Spectrogram 1	1	765.733330729	765.743330729	22000.000	38000.000	0.3333
233	Waveform 1	1	765.869330729	765.879997396	22000.000	38000.000	0.1250
233	Spectrogram 1	1	765.869330729	765.879997396	22000.000	38000.000	0.1250
234	Waveform 1	1	767.123330729	767.134664063	22000.000	38000.000	0.1176
234	Spectrogram 1	1	767.123330729	767.134664063	22000.000	38000.000	0.1176
235	Waveform 1	1	769.546664063	769.562664063	22000.000	38000.000	0.2500
235	Spectrogram 1	1	769.546664063	769.562664063	22000.000	38000.000	0.2500
236	Waveform 1	1	773.804664063	773.805997396	22000.000	38000.000	1.0000
236	Spectrogram 1	1	773.804664063	773.805997396	22000.000	38000.000	1.0000
237	Waveform 1	1	774.256664063	774.284664063	22000.000	38000.000	0.0952
237	Spectrogram 1	1	774.256664063	774.284664063	22000.000	38000.000	0.0952
238	Waveform 1	1	779.451997396	779.453330729	22000.000	38000.000	1.0000
238	Spectrogram 1	1	779.451997396	779.453330729	22000.000	38000.000	1.0000
239	Waveform 1	1	781.475330729	781.476664063	22000.000	38000.000	1.0000
239	Spectrogram 1	1	781.475330729	781.476664063	22000.000	38000.000	1.0000
240	Waveform 1	1	782.274664063	782.287330729	22000.000	38000.000	0.2105
240	Spectrogram 1	1	782.274664063	782.287330729	22000.000	38000.000	0.2105
241	Waveform 1	1	782.539997396	782.553330729	22000.000	38000.000	0.3500
241	Spectrogram 1	1	782.539997396	782.553330729	22000.000	38000.000	0.3500
242	Waveform 1	1	782.681330729	782.704664063	22000.000	38000.000	0.1714
242	Spectrogram 1	1	782.681330729	782.704664063	22000.000	38000.000	0.1714
243	Waveform 1	1	782.838664063	782.844664063	22000.000	38000.000	0.2222
243	Spectrogram 1	1	782.838664063	782.844664063	22000.000	38000.000	0.2222
244	Waveform 1	1	782.985997396	783.005997396	22000.000	38000.000	0.1000
244	Spectrogram 1	1	782.985997396	783.005997396	22000.000	38000.000	0.1000
245	Waveform 1	1	783.115330729	783.140664063	22000.000	38000.000	0.1053
245	Spectrogram 1	1	783.115330729	783.140664063	22000.000	38000.000	0.1053
246	Waveform 1	1	783.769330729	783.779330729	22000.000	38000.000	0.1333
246	Spectrogram 1	1	783.769330729	783.779330729	22000.000	38000.000	0.1333
247	Waveform 1	1	784.508664063	784.538664063	22000.000	38000.000	0.1111
247	Spectrogram 1	1	784.508664063	784.538664063	22000.000	38000.000	0.1111
248	Waveform 1	1	784.643330729	784.675997396	22000.000	38000.000	0.0816
248	Spectrogram 1	1	784.643330729	784.675997396	22000.000	38000.000	0.0816
249	Waveform 1	1	784.801997396	784.839997396	22000.000	38000.000	0.1053
249	Spectrogram 1	1	784.801997396	784.839997396	22000.000	38000.000	0.1053
250	Waveform 1	1	784.945330729	784.979330729	22000.000	38000.000	0.1765
250	Spectrogram 1	1	784.945330729	784.979330729	22000.000	38000.000	0.1765
251	Waveform 1	1	785.108664062	785.124664063	22000.000	38000.000	0.0833
251	Spectrogram 1	1	785.108664062	785.124664063	22000.000	38000.000	0.0833
252	Waveform 1	1	785.562664063	785.573330729	22000.000	38000.000	0.1250
252	Spectrogram 1	1	785.562664063	785.573330729	22000.000	38000.000	0.1250
253	Waveform 1	1	785.665330729	785.713330729	22000.000	38000.000	0.1111
253	Spectrogram 1	1	785.665330729	785.713330729	22000.000	38000.000	0.1111
254	Waveform 1	1	785.817330729	785.847330729	22000.000	38000.000	0.1111
254	Spectrogram 1	1	785.817330729	785.847330729	22000.000	38000.000	0.1111
255	Waveform 1	1	786.155330729	786.157330729	22000.000	38000.000	0.6667
255	Spectrogram 1	1	786.155330729	786.157330729	22000.000	38000.000	0.6667
256	Waveform 1	1	786.455330729	786.498664063	22000.000	38000.000	0.1231
256	Spectrogram 1	1	786.455330729	786.498664063	22000.000	38000.000	0.1231
257	Waveform 1	1	786.591330729	786.597997396	22000.000	38000.000	0.2000
257	Spectrogram 1	1	786.591330729	786.597997396	22000.000	38000.000	0.2000
258	Waveform 1	1	786.749330729	786.783997396	22000.000	38000.000	0.0962
258	Spectrogram 1	1	786.749330729	786.783997396	22000.000	38000.000	0.0962
259	Waveform 1	1	787.069330729	787.105330729	22000.000	38000.000	0.0926
259	Spectrogram 1	1	787.069330729	787.105330729	22000.000	38000.000	0.0926
260	Waveform 1	1	787.650664063	787.675330729	22000.000	38000.000	0.1351
260	Spectrogram 1	1	787.650664063	787.675330729	22000.000	38000.000	0.1351
261	Waveform 1	1	787.871330729	787.875330729	22000.000	38000.000	0.3333
261	Spectrogram 1	1	787.871330729	787.875330729	22000.000	38000.000	0.3333
262	Waveform 1	1	788.763997396	788.775330729	22000.000	38000.000	0.1176
262	Spectrogram 1	1	788.763997396	788.775330729	22000.000	38000.000	0.1176
263	Waveform 1	1	788.896664063	788.897997396	22000.000	38000.000	1.0000
263	Spectrogram 1	1	788.896664063	788.897997396	22000.000	38000.000	1.0000
264	Waveform 1	1	789.145997396	789.147330729	22000.000	38000.000	1.0000
264	Spectrogram 1	1	789.145997396	789.147330729	22000.000	38000.000	1.0000
265	Waveform 1	1	789.552664063	789.557330729	22000.000	38000.000	0.4286
265	Spectrogram 1	1	789.552664063	789.557330729	22000.000	38000.000	0.4286
266	Waveform 1	1	789.677997396	789.683997396	22000.000	38000.000	0.2222
266	Spectrogram 1	1	789.677997396	789.683997396	22000.000	38000.000	0.2222
267	Waveform 1	1	790.699997396	790.709997396	22000.000	38000.000	0.3333
267	Spectrogram 1	1	790.699997396	790.709997396	22000.000	38000.000	0.3333
268	Waveform 1	1	790.933330729	790.988664063	22000.000	38000.000	0.0723
268	Spectrogram 1	1	790.933330729	790.988664063	22000.000	38000.000	0.0723
269	Waveform 1	1	791.333330729	791.351330729	22000.000	38000.000	0.0741
269	Spectrogram 1	1	791.333330729	791.351330729	22000.000	38000.000	0.0741
270	Waveform 1	1	791.487330729	791.499330729	22000.000	38000.000	0.1667
270	Spectrogram 1	1	791.487330729	791.499330729	22000.000	38000.000	0.1667
271	Waveform 1	1	792.401330729	792.436664063	22000.000	38000.000	0.0755
271	Spectrogram 1	1	792.401330729	792.436664063	22000.000	38000.000	0.0755
272	Waveform 1	1	792.827997396	792.831997396	22000.000	38000.000	0.3333
272	Spectrogram 1	1	792.827997396	792.831997396	22000.000	38000.000	0.3333
273	Waveform 1	1	793.179330729	793.187997396	22000.000	38000.000	0.1538
273	Spectrogram 1	1	793.179330729	793.187997396	22000.000	38000.000	0.1538
274	Waveform 1	1	813.426664063	813.433330729	22000.000	38000.000	0.2000
274	Spectrogram 1	1	813.426664063	813.433330729	22000.000	38000.000	0.2000
275	Waveform 1	1	813.700664063	813.701997396	22000.000	38000.000	1.0000
275	Spectrogram 1	1	813.700664063	813.701997396	22000.000	38000.000	1.0000
276	Waveform 1	1	834.379330729	834.381330729	22000.000	38000.000	0.6667
276	Spectrogram 1	1	834.379330729	834.381330729	22000.000	38000.000	0.6667
277	Waveform 1	1	840.673330729	840.674664063	22000.000	38000.000	1.0000
277	Spectrogram 1	1	840.673330729	840.674664063	22000.000	38000.000	1.0000
278	Waveform 1	1	862.868664063	862.885330729	22000.000	38000.000	0.0800
278	Spectrogram 1	1	862.868664063	862.885330729	22000.000	38000.000	0.0800
279	Waveform 1	1	864.959330729	864.986664063	22000.000	38000.000	0.0732
279	Spectrogram 1	1	864.959330729	864.986664063	22000.000	38000.000	0.0732
280	Waveform 1	1	902.124664063	902.130664063	22000.000	38000.000	0.2222
280	Spectrogram 1	1	902.124664063	902.130664063	22000.000	38000.000	0.2222
281	Waveform 1	1	916.112664063	916.113997396	22000.000	38000.000	1.0000
281	Spectrogram 1	1	916.112664063	916.113997396	22000.000	38000.000	1.0000
282	Waveform 1	1	918.939997396	918.944664063	22000.000	38000.000	0.2857
282	Spectrogram 1	1	918.939997396	918.944664063	22000.000	38000.000	0.2857
283	Waveform 1	1	920.085330729	920.107330729	22000.000	38000.000	0.1515
283	Spectrogram 1	1	920.085330729	920.107330729	22000.000	38000.000	0.1515
284	Waveform 1	1	920.219330729	920.227330729	22000.000	38000.000	0.2500
284	Spectrogram 1	1	920.219330729	920.227330729	22000.000	38000.000	0.2500
285	Waveform 1	1	920.427997396	920.439997396	22000.000	38000.000	0.1667
285	Spectrogram 1	1	920.427997396	920.439997396	22000.000	38000.000	0.1667
286	Waveform 1	1	920.555330729	920.588664063	22000.000	38000.000	0.0800
286	Spectrogram 1	1	920.555330729	920.588664063	22000.000	38000.000	0.0800
287	Waveform 1	1	920.907997396	920.924664063	22000.000	38000.000	0.0800
287	Spectrogram 1	1	920.907997396	920.924664063	22000.000	38000.000	0.0800
288	Waveform 1	1	921.279997396	921.282664063	22000.000	38000.000	0.5000
288	Spectrogram 1	1	921.279997396	921.282664063	22000.000	38000.000	0.5000
289	Waveform 1	1	921.655330729	921.660664063	22000.000	38000.000	0.3750
289	Spectrogram 1	1	921.655330729	921.660664063	22000.000	38000.000	0.3750
290	Waveform 1	1	932.007330729	932.014664063	22000.000	38000.000	0.4545
290	Spectrogram 1	1	932.007330729	932.014664063	22000.000	38000.000	0.4545
291	Waveform 1	1	932.147997396	932.169330729	22000.000	38000.000	0.2188
291	Spectrogram 1	1	932.147997396	932.169330729	22000.000	38000.000	0.2188
292	Waveform 1	1	932.933330729	932.949997396	22000.000	38000.000	0.1200
292	Spectrogram 1	1	932.933330729	932.949997396	22000.000	38000.000	0.1200
293	Waveform 1	1	937.474664063	937.477330729	22000.000	38000.000	0.5000
293	Spectrogram 1	1	937.474664063	937.477330729	22000.000	38000.000	0.5000
294	Waveform 1	1	937.599997396	937.632664062	22000.000	38000.000	0.1020
294	Spectrogram 1	1	937.599997396	937.632664062	22000.000	38000.000	0.1020
295	Waveform 1	1	937.708664063	937.728664063	22000.000	38000.000	0.1000
295	Spectrogram 1	1	937.708664063	937.728664063	22000.000	38000.000	0.1000
296	Waveform 1	1	938.204664063	938.215330729	22000.000	38000.000	0.3125
296	Spectrogram 1	1	938.204664063	938.215330729	22000.000	38000.000	0.3125
297	Waveform 1	1	938.317330729	938.340664063	22000.000	38000.000	0.2286
297	Spectrogram 1	1	938.317330729	938.340664063	22000.000	38000.000	0.2286
298	Waveform 1	1	938.849330729	938.867330729	22000.000	38000.000	0.1481
298	Spectrogram 1	1	938.849330729	938.867330729	22000.000	38000.000	0.1481
299	Waveform 1	1	939.138664063	939.153997396	22000.000	38000.000	0.0870
299	Spectrogram 1	1	939.138664063	939.153997396	22000.000	38000.000	0.0870
300	Waveform 1	1	939.494664063	939.501330729	22000.000	38000.000	0.3000
300	Spectrogram 1	1	939.494664063	939.501330729	22000.000	38000.000	0.3000
301	Waveform 1	1	940.361330729	940.365330729	22000.000	38000.000	0.3333
301	Spectrogram 1	1	940.361330729	940.365330729	22000.000	38000.000	0.3333
302	Waveform 1	1	940.493330729	940.519997396	22000.000	38000.000	0.1000
302	Spectrogram 1	1	940.493330729	940.519997396	22000.000	38000.000	0.1000
303	Waveform 1	1	999.912664063	999.913997396	22000.000	38000.000	1.0000
303	Spectrogram 1	1	999.912664063	999.913997396	22000.000	38000.000	1.0000
304	Waveform 1	1	1000.191330729	1000.211997396	22000.000	38000.000	0.0968
304	Spectrogram 1	1	1000.191330729	1000.211997396	22000.000	38000.000	0.0968
305	Waveform 1	1	1000.465997396	1000.471997396	22000.000	38000.000	0.4444
305	Spectrogram 1	1	1000.465997396	1000.471997396	22000.000	38000.000	0.4444
306	Waveform 1	1	1000.725330729	1000.753997396	22000.000	38000.000	0.0930
306	Spectrogram 1	1	1000.725330729	1000.753997396	22000.000	38000.000	0.0930
307	Waveform 1	1	1000.885997396	1000.895330729	22000.000	38000.000	0.1429
307	Spectrogram 1	1	1000.885997396	1000.895330729	22000.000	38000.000	0.1429
308	Waveform 1	1	1001.463997396	1001.472664063	22000.000	38000.000	0.1538
308	Spectrogram 1	1	1001.463997396	1001.472664063	22000.000	38000.000	0.1538
309	Waveform 1	1	1001.759997396	1001.771330729	22000.000	38000.000	0.1176
309	Spectrogram 1	1	1001.759997396	1001.771330729	22000.000	38000.000	0.1176
310	Waveform 1	1	1002.527997396	1002.532664063	22000.000	38000.000	0.4286
310	Spectrogram 1	1	1002.527997396	1002.532664063	22000.000	38000.000	0.4286
311	Waveform 1	1	1002.665330729	1002.691997396	22000.000	38000.000	0.0750
311	Spectrogram 1	1	1002.665330729	1002.691997396	22000.000	38000.000	0.0750
312	Waveform 1	1	1003.459997396	1003.461330729	22000.000	38000.000	1.0000
312	Spectrogram 1	1	1003.459997396	1003.461330729	22000.000	38000.000	1.0000
313	Waveform 1	1	1003.610664063	1003.618664063	22000.000	38000.000	0.2500
313	Spectrogram 1	1	1003.610664063	1003.618664063	22000.000	38000.000	0.2500
314	Waveform 1	1	1003.679997396	1003.691330729	22000.000	38000.000	0.1765
314	Spectrogram 1	1	1003.679997396	1003.691330729	22000.000	38000.000	0.1765
315	Waveform 1	1	1003.759997396	1003.783997396	22000.000	38000.000	0.0833
315	Spectrogram 1	1	1003.759997396	1003.783997396	22000.000	38000.000	0.0833
316	Waveform 1	1	1003.916664063	1003.931330729	22000.000	38000.000	0.1818
316	Spectrogram 1	1	1003.916664063	1003.931330729	22000.000	38000.000	0.1818
317	Waveform 1	1	1004.223330729	1004.243330729	22000.000	38000.000	0.1000
317	Spectrogram 1	1	1004.223330729	1004.243330729	22000.000	38000.000	0.1000
318	Waveform 1	1	1004.405997396	1004.419330729	22000.000	38000.000	0.2500
318	Spectrogram 1	1	1004.405997396	1004.419330729	22000.000	38000.000	0.2500
319	Waveform 1	1	1004.669330729	1004.713330729	22000.000	38000.000	0.1364
319	Spectrogram 1	1	1004.669330729	1004.713330729	22000.000	38000.000	0.1364
320	Waveform 1	1	1004.834664062	1004.847997396	22000.000	38000.000	0.1500
320	Spectrogram 1	1	1004.834664062	1004.847997396	22000.000	38000.000	0.1500
321	Waveform 1	1	1004.979330729	1005.017330729	22000.000	38000.000	0.1930
321	Spectrogram 1	1	1004.979330729	1005.017330729	22000.000	38000.000	0.1930
322	Waveform 1	1	1005.135997396	1005.162664063	22000.000	38000.000	0.1500
322	Spectrogram 1	1	1005.135997396	1005.162664063	22000.000	38000.000	0.1500
323	Waveform 1	1	1005.409997396	1005.433330729	22000.000	38000.000	0.1429
323	Spectrogram 1	1	1005.409997396	1005.433330729	22000.000	38000.000	0.1429
324	Waveform 1	1	1005.819997396	1005.827997396	22000.000	38000.000	0.2500
324	Spectrogram 1	1	1005.819997396	1005.827997396	22000.000	38000.000	0.2500
325	Waveform 1	1	1005.969330729	1005.984664063	22000.000	38000.000	0.0870
325	Spectrogram 1	1	1005.969330729	1005.984664063	22000.000	38000.000	0.0870
326	Waveform 1	1	1006.118664063	1006.123330729	22000.000	38000.000	0.4286
326	Spectrogram 1	1	1006.118664063	1006.123330729	22000.000	38000.000	0.4286
327	Waveform 1	1	1006.278664063	1006.307330729	22000.000	38000.000	0.1628
327	Spectrogram 1	1	1006.278664063	1006.307330729	22000.000	38000.000	0.1628
328	Waveform 1	1	1006.368664063	1006.375997396	22000.000	38000.000	0.1818
328	Spectrogram 1	1	1006.368664063	1006.375997396	22000.000	38000.000	0.1818
329	Waveform 1	1	1006.538664063	1006.542664063	22000.000	38000.000	0.6667
329	Spectrogram 1	1	1006.538664063	1006.542664063	22000.000	38000.000	0.6667
330	Waveform 1	1	1006.706664063	1006.709330729	22000.000	38000.000	0.5000
330	Spectrogram 1	1	1006.706664063	1006.709330729	22000.000	38000.000	0.5000
331	Waveform 1	1	1008.257997396	1008.259330729	22000.000	38000.000	1.0000
331	Spectrogram 1	1	1008.257997396	1008.259330729	22000.000	38000.000	1.0000
332	Waveform 1	1	1024.534664063	1024.540664062	22000.000	38000.000	0.2222
332	Spectrogram 1	1	1024.534664063	1024.540664062	22000.000	38000.000	0.2222
333	Waveform 1	1	1025.641997396	1025.647330729	22000.000	38000.000	0.3750
333	Spectrogram 1	1	1025.641997396	1025.647330729	22000.000	38000.000	0.3750
334	Waveform 1	1	1028.160664063	1028.177997396	22000.000	38000.000	0.0769
334	Spectrogram 1	1	1028.160664063	1028.177997396	22000.000	38000.000	0.0769
335	Waveform 1	1	1030.984664062	1030.989997396	22000.000	38000.000	0.3750
335	Spectrogram 1	1	1030.984664062	1030.989997396	22000.000	38000.000	0.3750
336	Waveform 1	1	1103.630664063	1103.636664062	22000.000	38000.000	0.2222
336	Spectrogram 1	1	1103.630664063	1103.636664062	22000.000	38000.000	0.2222
337	Waveform 1	1	1103.871997396	1103.884664062	22000.000	38000.000	0.1053
337	Spectrogram 1	1	1103.871997396	1103.884664062	22000.000	38000.000	0.1053
338	Waveform 1	1	1133.031997396	1133.037997396	22000.000	38000.000	0.2222
338	Spectrogram 1	1	1133.031997396	1133.037997396	22000.000	38000.000	0.2222
339	Waveform 1	1	1133.133997396	1133.135330729	22000.000	38000.000	1.0000
339	Spectrogram 1	1	1133.133997396	1133.135330729	22000.000	38000.000	1.0000
340	Waveform 1	1	1137.005330729	1137.015997396	22000.000	38000.000	0.1875
340	Spectrogram 1	1	1137.005330729	1137.015997396	22000.000	38000.000	0.1875
341	Waveform 1	1	1137.875330729	1137.907997396	22000.000	38000.000	0.0816
341	Spectrogram 1	1	1137.875330729	1137.907997396	22000.000	38000.000	0.0816
342	Waveform 1	1	1138.150664063	1138.155330729	22000.000	38000.000	0.2857
342	Spectrogram 1	1	1138.150664063	1138.155330729	22000.000	38000.000	0.2857
343	Waveform 1	1	1138.405997396	1138.425997396	22000.000	38000.000	0.1000
343	Spectrogram 1	1	1138.405997396	1138.425997396	22000.000	38000.000	0.1000
344	Waveform 1	1	1138.627997396	1138.681330729	22000.000	38000.000	0.0750
344	Spectrogram 1	1	1138.627997396	1138.681330729	22000.000	38000.000	0.0750
345	Waveform 1	1	1139.984664062	1140.010664062	22000.000	38000.000	0.1026
345	Spectrogram 1	1	1139.984664062	1140.010664062	22000.000	38000.000	0.1026
346	Waveform 1	1	1140.505997396	1140.517997396	22000.000	38000.000	0.1111
346	Spectrogram 1	1	1140.505997396	1140.517997396	22000.000	38000.000	0.1111
347	Waveform 1	1	1140.763997396	1140.767997396	22000.000	38000.000	0.5000
347	Spectrogram 1	1	1140.763997396	1140.767997396	22000.000	38000.000	0.5000
348	Waveform 1	1	1140.892664062	1140.911330729	22000.000	38000.000	0.0714
348	Spectrogram 1	1	1140.892664062	1140.911330729	22000.000	38000.000	0.0714
349	Waveform 1	1	1141.561330729	1141.572664062	22000.000	38000.000	0.2941
349	Spectrogram 1	1	1141.561330729	1141.572664062	22000.000	38000.000	0.2941
350	Waveform 1	1	1142.267997396	1142.299330729	22000.000	38000.000	0.1277
350	Spectrogram 1	1	1142.267997396	1142.299330729	22000.000	38000.000	0.1277
351	Waveform 1	1	1143.779330729	1143.781997396	22000.000	38000.000	1.0000
351	Spectrogram 1	1	1143.779330729	1143.781997396	22000.000	38000.000	1.0000
352	Waveform 1	1	1144.127330729	1144.161330729	22000.000	38000.000	0.1373
352	Spectrogram 1	1	1144.127330729	1144.161330729	22000.000	38000.000	0.1373
353	Waveform 1	1	1144.518664062	1144.527997396	22000.000	38000.000	0.2857
353	Spectrogram 1	1	1144.518664062	1144.527997396	22000.000	38000.000	0.2857
354	Waveform 1	1	1144.831997396	1144.855997396	22000.000	38000.000	0.1667
354	Spectrogram 1	1	1144.831997396	1144.855997396	22000.000	38000.000	0.1667
355	Waveform 1	1	1145.974664062	1145.992664062	22000.000	38000.000	0.1111
355	Spectrogram 1	1	1145.974664062	1145.992664062	22000.000	38000.000	0.1111
356	Waveform 1	1	1146.505997396	1146.510664062	22000.000	38000.000	0.2857
356	Spectrogram 1	1	1146.505997396	1146.510664062	22000.000	38000.000	0.2857
357	Waveform 1	1	1147.109330729	1147.112664063	22000.000	38000.000	0.6000
357	Spectrogram 1	1	1147.109330729	1147.112664063	22000.000	38000.000	0.6000
358	Waveform 1	1	1148.114664062	1148.115997396	22000.000	38000.000	1.0000
358	Spectrogram 1	1	1148.114664062	1148.115997396	22000.000	38000.000	1.0000
359	Waveform 1	1	1148.251330729	1148.264664062	22000.000	38000.000	0.2500
359	Spectrogram 1	1	1148.251330729	1148.264664062	22000.000	38000.000	0.2500
360	Waveform 1	1	1148.800664062	1148.827330729	22000.000	38000.000	0.1250
360	Spectrogram 1	1	1148.800664062	1148.827330729	22000.000	38000.000	0.1250
361	Waveform 1	1	1148.944664062	1148.961330729	22000.000	38000.000	0.1200
361	Spectrogram 1	1	1148.944664062	1148.961330729	22000.000	38000.000	0.1200
362	Waveform 1	1	1149.263997396	1149.269997396	22000.000	38000.000	0.3333
362	Spectrogram 1	1	1149.263997396	1149.269997396	22000.000	38000.000	0.3333
363	Waveform 1	1	1149.535330729	1149.566664062	22000.000	38000.000	0.0851
363	Spectrogram 1	1	1149.535330729	1149.566664062	22000.000	38000.000	0.0851
364	Waveform 1	1	1150.349997396	1150.374664062	22000.000	38000.000	0.1351
364	Spectrogram 1	1	1150.349997396	1150.374664062	22000.000	38000.000	0.1351
365	Waveform 1	1	1151.347997396	1151.362664063	22000.000	38000.000	0.1818
365	Spectrogram 1	1	1151.347997396	1151.362664063	22000.000	38000.000	0.1818
366	Waveform 1	1	1151.708664063	1151.714664062	22000.000	38000.000	0.3333
366	Spectrogram 1	1	1151.708664063	1151.714664062	22000.000	38000.000	0.3333
367	Waveform 1	1	1151.885330729	1151.893997396	22000.000	38000.000	0.1538
367	Spectrogram 1	1	1151.885330729	1151.893997396	22000.000	38000.000	0.1538
368	Waveform 1	1	1152.195330729	1152.203330729	22000.000	38000.000	0.4167
368	Spectrogram 1	1	1152.195330729	1152.203330729	22000.000	38000.000	0.4167
369	Waveform 1	1	1152.925997396	1152.928664063	22000.000	38000.000	0.5000
369	Spectrogram 1	1	1152.925997396	1152.928664063	22000.000	38000.000	0.5000
370	Waveform 1	1	1153.986664063	1154.001997396	22000.000	38000.000	0.0870
370	Spectrogram 1	1	1153.986664063	1154.001997396	22000.000	38000.000	0.0870
371	Waveform 1	1	1154.061330729	1154.063330729	22000.000	38000.000	1.0000
371	Spectrogram 1	1	1154.061330729	1154.063330729	22000.000	38000.000	1.0000
372	Waveform 1	1	1154.388664062	1154.413330729	22000.000	38000.000	0.0811
372	Spectrogram 1	1	1154.388664062	1154.413330729	22000.000	38000.000	0.0811
373	Waveform 1	1	1155.285330729	1155.307997396	22000.000	38000.000	0.1471
373	Spectrogram 1	1	1155.285330729	1155.307997396	22000.000	38000.000	0.1471
374	Waveform 1	1	1155.746664063	1155.766664063	22000.000	38000.000	0.2667
374	Spectrogram 1	1	1155.746664063	1155.766664063	22000.000	38000.000	0.2667
375	Waveform 1	1	1156.704664062	1156.728664063	22000.000	38000.000	0.2222
375	Spectrogram 1	1	1156.704664062	1156.728664063	22000.000	38000.000	0.2222
376	Waveform 1	1	1156.893997396	1156.927330729	22000.000	38000.000	0.1600
376	Spectrogram 1	1	1156.893997396	1156.927330729	22000.000	38000.000	0.1600
377	Waveform 1	1	1157.134664062	1157.175997396	22000.000	38000.000	0.0806
377	Spectrogram 1	1	1157.134664062	1157.175997396	22000.000	38000.000	0.0806
378	Waveform 1	1	1157.328664062	1157.348664062	22000.000	38000.000	0.1333
378	Spectrogram 1	1	1157.328664062	1157.348664062	22000.000	38000.000	0.1333
379	Waveform 1	1	1157.434664062	1157.460664062	22000.000	38000.000	0.1795
379	Spectrogram 1	1	1157.434664062	1157.460664062	22000.000	38000.000	0.1795
380	Waveform 1	1	1157.595997396	1157.603997396	22000.000	38000.000	0.2500
380	Spectrogram 1	1	1157.595997396	1157.603997396	22000.000	38000.000	0.2500
381	Waveform 1	1	1158.430664062	1158.445330729	22000.000	38000.000	0.0909
381	Spectrogram 1	1	1158.430664062	1158.445330729	22000.000	38000.000	0.0909
382	Waveform 1	1	1159.236664063	1159.242664062	22000.000	38000.000	0.4444
382	Spectrogram 1	1	1159.236664063	1159.242664062	22000.000	38000.000	0.4444
383	Waveform 1	1	1159.362664063	1159.397330729	22000.000	38000.000	0.1346
383	Spectrogram 1	1	1159.362664063	1159.397330729	22000.000	38000.000	0.1346
384	Waveform 1	1	1159.637330729	1159.652664062	22000.000	38000.000	0.2174
384	Spectrogram 1	1	1159.637330729	1159.652664062	22000.000	38000.000	0.2174
385	Waveform 1	1	1159.784664063	1159.828664062	22000.000	38000.000	0.1061
385	Spectrogram 1	1	1159.784664063	1159.828664062	22000.000	38000.000	0.1061
386	Waveform 1	1	1159.959330729	1159.963997396	22000.000	38000.000	0.2857
386	Spectrogram 1	1	1159.959330729	1159.963997396	22000.000	38000.000	0.2857
387	Waveform 1	1	1160.645997396	1160.662664062	22000.000	38000.000	0.2000
387	Spectrogram 1	1	1160.645997396	1160.662664062	22000.000	38000.000	0.2000
388	Waveform 1	1	1160.883997396	1160.909997396	22000.000	38000.000	0.1026
388	Spectrogram 1	1	1160.883997396	1160.909997396	22000.000	38000.000	0.1026
389	Waveform 1	1	1161.973330729	1161.987997396	22000.000	38000.000	0.1364
389	Spectrogram 1	1	1161.973330729	1161.987997396	22000.000	38000.000	0.1364
390	Waveform 1	1	1162.089330729	1162.097997396	22000.000	38000.000	0.1538
390	Spectrogram 1	1	1162.089330729	1162.097997396	22000.000	38000.000	0.1538
391	Waveform 1	1	1162.351330729	1162.362664063	22000.000	38000.000	0.4118
391	Spectrogram 1	1	1162.351330729	1162.362664063	22000.000	38000.000	0.4118
392	Waveform 1	1	1162.511997396	1162.533330729	22000.000	38000.000	0.1562
392	Spectrogram 1	1	1162.511997396	1162.533330729	22000.000	38000.000	0.1562
393	Waveform 1	1	1162.605330729	1162.637330729	22000.000	38000.000	0.1458
393	Spectrogram 1	1	1162.605330729	1162.637330729	22000.000	38000.000	0.1458
394	Waveform 1	1	1162.712664062	1162.715997396	22000.000	38000.000	0.6000
394	Spectrogram 1	1	1162.712664062	1162.715997396	22000.000	38000.000	0.6000
395	Waveform 1	1	1162.858664062	1162.879997396	22000.000	38000.000	0.1250
395	Spectrogram 1	1	1162.858664062	1162.879997396	22000.000	38000.000	0.1250
396	Waveform 1	1	1162.959330729	1163.015997396	22000.000	38000.000	0.0706
396	Spectrogram 1	1	1162.959330729	1163.015997396	22000.000	38000.000	0.0706
397	Waveform 1	1	1163.230664062	1163.289997396	22000.000	38000.000	0.1124
397	Spectrogram 1	1	1163.230664062	1163.289997396	22000.000	38000.000	0.1124
398	Waveform 1	1	1163.642664062	1163.679997396	22000.000	38000.000	0.1071
398	Spectrogram 1	1	1163.642664062	1163.679997396	22000.000	38000.000	0.1071
399	Waveform 1	1	1164.493330729	1164.560664062	22000.000	38000.000	0.0891
399	Spectrogram 1	1	1164.493330729	1164.560664062	22000.000	38000.000	0.0891
400	Waveform 1	1	1164.752664062	1164.796664062	22000.000	38000.000	0.1212
400	Spectrogram 1	1	1164.752664062	1164.796664062	22000.000	38000.000	0.1212
401	Waveform 1	1	1164.884664062	1164.916664062	22000.000	38000.000	0.2083
401	Spectrogram 1	1	1164.884664062	1164.916664062	22000.000	38000.000	0.2083
402	Waveform 1	1	1165.454664062	1165.512664062	22000.000	38000.000	0.0805
402	Spectrogram 1	1	1165.454664062	1165.512664062	22000.000	38000.000	0.0805
403	Waveform 1	1	1166.803330729	1166.813330729	22000.000	38000.000	0.1333
403	Spectrogram 1	1	1166.803330729	1166.813330729	22000.000	38000.000	0.1333
404	Waveform 1	1	1167.031997396	1167.070664062	22000.000	38000.000	0.0862
404	Spectrogram 1	1	1167.031997396	1167.070664062	22000.000	38000.000	0.0862
405	Waveform 1	1	1167.176664062	1167.222664062	22000.000	38000.000	0.1014
405	Spectrogram 1	1	1167.176664062	1167.222664062	22000.000	38000.000	0.1014
406	Waveform 1	1	1167.378664062	1167.379997396	22000.000	38000.000	1.0000
406	Spectrogram 1	1	1167.378664062	1167.379997396	22000.000	38000.000	1.0000
407	Waveform 1	1	1167.791997396	1167.834664062	22000.000	38000.000	0.1094
407	Spectrogram 1	1	1167.791997396	1167.834664062	22000.000	38000.000	0.1094
408	Waveform 1	1	1167.965997396	1167.970664062	22000.000	38000.000	0.4286
408	Spectrogram 1	1	1167.965997396	1167.970664062	22000.000	38000.000	0.4286
409	Waveform 1	1	1168.113330729	1168.121997396	22000.000	38000.000	0.2308
409	Spectrogram 1	1	1168.113330729	1168.121997396	22000.000	38000.000	0.2308
410	Waveform 1	1	1168.337997396	1168.377330729	22000.000	38000.000	0.1017
410	Spectrogram 1	1	1168.337997396	1168.377330729	22000.000	38000.000	0.1017
411	Waveform 1	1	1168.603330729	1168.649330729	22000.000	38000.000	0.0870
411	Spectrogram 1	1	1168.603330729	1168.649330729	22000.000	38000.000	0.0870
412	Waveform 1	1	1169.039997396	1169.056664062	22000.000	38000.000	0.1200
412	Spectrogram 1	1	1169.039997396	1169.056664062	22000.000	38000.000	0.1200
413	Waveform 1	1	1169.432664062	1169.435997396	22000.000	38000.000	0.4000
413	Spectrogram 1	1	1169.432664062	1169.435997396	22000.000	38000.000	0.4000
414	Waveform 1	1	1169.743997396	1169.745330729	22000.000	38000.000	1.0000
414	Spectrogram 1	1	1169.743997396	1169.745330729	22000.000	38000.000	1.0000
415	Waveform 1	1	1170.803997396	1170.816664062	22000.000	38000.000	0.2632
415	Spectrogram 1	1	1170.803997396	1170.816664062	22000.000	38000.000	0.2632
416	Waveform 1	1	1172.369330729	1172.377330729	22000.000	38000.000	0.1667
416	Spectrogram 1	1	1172.369330729	1172.377330729	22000.000	38000.000	0.1667
417	Waveform 1	1	1175.017330729	1175.025997396	22000.000	38000.000	0.2308
417	Spectrogram 1	1	1175.017330729	1175.025997396	22000.000	38000.000	0.2308
418	Waveform 1	1	1177.030664062	1177.031997396	22000.000	38000.000	1.0000
418	Spectrogram 1	1	1177.030664062	1177.031997396	22000.000	38000.000	1.0000
419	Waveform 1	1	1177.303330729	1177.309997396	22000.000	38000.000	0.2000
419	Spectrogram 1	1	1177.303330729	1177.309997396	22000.000	38000.000	0.2000
420	Waveform 1	1	1177.840664062	1177.861997396	22000.000	38000.000	0.0938
420	Spectrogram 1	1	1177.840664062	1177.861997396	22000.000	38000.000	0.0938
421	Waveform 1	1	1180.713997396	1180.737997396	22000.000	38000.000	0.0833
421	Spectrogram 1	1	1180.713997396	1180.737997396	22000.000	38000.000	0.0833
422	Waveform 1	1	1185.110664062	1185.114664062	22000.000	38000.000	0.3333
422	Spectrogram 1	1	1185.110664062	1185.114664062	22000.000	38000.000	0.3333
423	Waveform 1	1	1187.653997396	1187.668664062	22000.000	38000.000	0.0909
423	Spectrogram 1	1	1187.653997396	1187.668664062	22000.000	38000.000	0.0909
424	Waveform 1	1	1200.695330729	1200.739997396	22000.000	38000.000	0.0896
424	Spectrogram 1	1	1200.695330729	1200.739997396	22000.000	38000.000	0.0896
425	Waveform 1	1	1200.875997396	1200.887997396	22000.000	38000.000	0.1667
425	Spectrogram 1	1	1200.875997396	1200.887997396	22000.000	38000.000	0.1667
426	Waveform 1	1	1201.827330729	1201.857997396	22000.000	38000.000	0.0870
426	Spectrogram 1	1	1201.827330729	1201.857997396	22000.000	38000.000	0.0870
427	Waveform 1	1	1202.170664063	1202.173330729	22000.000	38000.000	0.5000
427	Spectrogram 1	1	1202.170664063	1202.173330729	22000.000	38000.000	0.5000
428	Waveform 1	1	1202.652664062	1202.669330729	22000.000	38000.000	0.1200
428	Spectrogram 1	1	1202.652664062	1202.669330729	22000.000	38000.000	0.1200
429	Waveform 1	1	1203.348664062	1203.399997396	22000.000	38000.000	0.0779
429	Spectrogram 1	1	1203.348664062	1203.399997396	22000.000	38000.000	0.0779
430	Waveform 1	1	1203.877330729	1203.888664062	22000.000	38000.000	0.1765
430	Spectrogram 1	1	1203.877330729	1203.888664062	22000.000	38000.000	0.1765
431	Waveform 1	1	1206.237997396	1206.243997396	22000.000	38000.000	0.2222
431	Spectrogram 1	1	1206.237997396	1206.243997396	22000.000	38000.000	0.2222
432	Waveform 1	1	1206.512664062	1206.519330729	22000.000	38000.000	0.2000
432	Spectrogram 1	1	1206.512664062	1206.519330729	22000.000	38000.000	0.2000
433	Waveform 1	1	1207.131997396	1207.134664062	22000.000	38000.000	0.7500
433	Spectrogram 1	1	1207.131997396	1207.134664062	22000.000	38000.000	0.7500
434	Waveform 1	1	1207.513997396	1207.515997396	22000.000	38000.000	0.6667
434	Spectrogram 1	1	1207.513997396	1207.515997396	22000.000	38000.000	0.6667
435	Waveform 1	1	1208.096664062	1208.109330729	22000.000	38000.000	0.1053
435	Spectrogram 1	1	1208.096664062	1208.109330729	22000.000	38000.000	0.1053
436	Waveform 1	1	1209.247997396	1209.261330729	22000.000	38000.000	0.2500
436	Spectrogram 1	1	1209.247997396	1209.261330729	22000.000	38000.000	0.2500
437	Waveform 1	1	1209.393330729	1209.397997396	22000.000	38000.000	0.7143
437	Spectrogram 1	1	1209.393330729	1209.397997396	22000.000	38000.000	0.7143
438	Waveform 1	1	1209.821997396	1209.829997396	22000.000	38000.000	0.2500
438	Spectrogram 1	1	1209.821997396	1209.829997396	22000.000	38000.000	0.2500
439	Waveform 1	1	1210.113330729	1210.121330729	22000.000	38000.000	0.2500
439	Spectrogram 1	1	1210.113330729	1210.121330729	22000.000	38000.000	0.2500
440	Waveform 1	1	1210.849330729	1210.857997396	22000.000	38000.000	0.7692
440	Spectrogram 1	1	1210.849330729	1210.857997396	22000.000	38000.000	0.7692
441	Waveform 1	1	1211.124664062	1211.135997396	22000.000	38000.000	0.1176
441	Spectrogram 1	1	1211.124664062	1211.135997396	22000.000	38000.000	0.1176
442	Waveform 1	1	1213.059997396	1213.063330729	22000.000	38000.000	0.4000
442	Spectrogram 1	1	1213.059997396	1213.063330729	22000.000	38000.000	0.4000
443	Waveform 1	1	1215.553997396	1215.557330729	22000.000	38000.000	0.4000
443	Spectrogram 1	1	1215.553997396	1215.557330729	22000.000	38000.000	0.4000
444	Waveform 1	1	1219.925330729	1219.937330729	22000.000	38000.000	0.1111
444	Spectrogram 1	1	1219.925330729	1219.937330729	22000.000	38000.000	0.1111
445	Waveform 1	1	1221.026664063	1221.027997396	22000.000	38000.000	1.0000
445	Spectrogram 1	1	1221.026664063	1221.027997396	22000.000	38000.000	1.0000
446	Waveform 1	1	1223.255997396	1223.264664062	22000.000	38000.000	0.1538
446	Spectrogram 1	1	1223.255997396	1223.264664062	22000.000	38000.000	0.1538
447	Waveform 1	1	1228.415330729	1228.418664062	22000.000	38000.000	0.4000
447	Spectrogram 1	1	1228.415330729	1228.418664062	22000.000	38000.000	0.4000
448	Waveform 1	1	1229.188664063	1229.199997396	22000.000	38000.000	0.1765
448	Spectrogram 1	1	1229.188664063	1229.199997396	22000.000	38000.000	0.1765
449	Waveform 1	1	1230.218664063	1230.221330729	22000.000	38000.000	0.5000
449	Spectrogram 1	1	1230.218664063	1230.221330729	22000.000	38000.000	0.5000
450	Waveform 1	1	1230.471997396	1230.473330729	22000.000	38000.000	1.0000
450	Spectrogram 1	1	1230.471997396	1230.473330729	22000.000	38000.000	1.0000
451	Waveform 1	1	1231.110664062	1231.121330729	22000.000	38000.000	0.1875
451	Spectrogram 1	1	1231.110664062	1231.121330729	22000.000	38000.000	0.1875
452	Waveform 1	1	1231.239997396	1231.243997396	22000.000	38000.000	0.3333
452	Spectrogram 1	1	1231.239997396	1231.243997396	22000.000	38000.000	0.3333
453	Waveform 1	1	1233.981997396	1233.984664062	22000.000	38000.000	0.7500
453	Spectrogram 1	1	1233.981997396	1233.984664062	22000.000	38000.000	0.7500
454	Waveform 1	1	1235.489997396	1235.491997396	22000.000	38000.000	0.6667
454	Spectrogram 1	1	1235.489997396	1235.491997396	22000.000	38000.000	0.6667
455	Waveform 1	1	1236.010664062	1236.033997396	22000.000	38000.000	0.0857
455	Spectrogram 1	1	1236.010664062	1236.033997396	22000.000	38000.000	0.0857
456	Waveform 1	1	1236.270664062	1236.277997396	22000.000	38000.000	0.2727
456	Spectrogram 1	1	1236.270664062	1236.277997396	22000.000	38000.000	0.2727
457	Waveform 1	1	1238.329330729	1238.330664062	22000.000	38000.000	1.0000
457	Spectrogram 1	1	1238.329330729	1238.330664062	22000.000	38000.000	1.0000
458	Waveform 1	1	1241.997330729	1241.998664062	22000.000	38000.000	1.0000
458	Spectrogram 1	1	1241.997330729	1241.998664062	22000.000	38000.000	1.0000
459	Waveform 1	1	1243.335997396	1243.339330729	22000.000	38000.000	0.6000
459	Spectrogram 1	1	1243.335997396	1243.339330729	22000.000	38000.000	0.6000
460	Waveform 1	1	1245.223997396	1245.226664063	22000.000	38000.000	0.5000
460	Spectrogram 1	1	1245.223997396	1245.226664063	22000.000	38000.000	0.5000
461	Waveform 1	1	1267.987330729	1267.994664062	22000.000	38000.000	0.3636
461	Spectrogram 1	1	1267.987330729	1267.994664062	22000.000	38000.000	0.3636
462	Waveform 1	1	1269.942664062	1269.971330729	22000.000	38000.000	0.1395
462	Spectrogram 1	1	1269.942664062	1269.971330729	22000.000	38000.000	0.1395
463	Waveform 1	1	1271.105330729	1271.106664062	22000.000	38000.000	1.0000
463	Spectrogram 1	1	1271.105330729	1271.106664062	22000.000	38000.000	1.0000
464	Waveform 1	1	1271.349330729	1271.355330729	22000.000	38000.000	0.3333
464	Spectrogram 1	1	1271.349330729	1271.355330729	22000.000	38000.000	0.3333
465	Waveform 1	1	1271.571997396	1271.573330729	22000.000	38000.000	1.0000
465	Spectrogram 1	1	1271.571997396	1271.573330729	22000.000	38000.000	1.0000
466	Waveform 1	1	1272.224664062	1272.249330729	22000.000	38000.000	0.1351
466	Spectrogram 1	1	1272.224664062	1272.249330729	22000.000	38000.000	0.1351
467	Waveform 1	1	1274.145997396	1274.148664062	22000.000	38000.000	0.7500
467	Spectrogram 1	1	1274.145997396	1274.148664062	22000.000	38000.000	0.7500
468	Waveform 1	1	1277.211997396	1277.213330729	22000.000	38000.000	1.0000
468	Spectrogram 1	1	1277.211997396	1277.213330729	22000.000	38000.000	1.0000
469	Waveform 1	1	1278.138664062	1278.153997396	22000.000	38000.000	0.1739
469	Spectrogram 1	1	1278.138664062	1278.153997396	22000.000	38000.000	0.1739
470	Waveform 1	1	1279.044664063	1279.045997396	22000.000	38000.000	1.0000
470	Spectrogram 1	1	1279.044664063	1279.045997396	22000.000	38000.000	1.0000
471	Waveform 1	1	1286.598664062	1286.601997396	22000.000	38000.000	0.4000
471	Spectrogram 1	1	1286.598664062	1286.601997396	22000.000	38000.000	0.4000
472	Waveform 1	1	1351.742664062	1351.745330729	22000.000	38000.000	0.5000
472	Spectrogram 1	1	1351.742664062	1351.745330729	22000.000	38000.000	0.5000
473	Waveform 1	1	1354.448664063	1354.459997396	22000.000	38000.000	0.1176
473	Spectrogram 1	1	1354.448664063	1354.459997396	22000.000	38000.000	0.1176
474	Waveform 1	1	1354.595330729	1354.597997396	22000.000	38000.000	0.7500
474	Spectrogram 1	1	1354.595330729	1354.597997396	22000.000	38000.000	0.7500
475	Waveform 1	1	1357.599997396	1357.603997396	22000.000	38000.000	0.5000
475	Spectrogram 1	1	1357.599997396	1357.603997396	22000.000	38000.000	0.5000
476	Waveform 1	1	1358.009997396	1358.018664062	22000.000	38000.000	0.1538
476	Spectrogram 1	1	1358.009997396	1358.018664062	22000.000	38000.000	0.1538
477	Waveform 1	1	1358.524664062	1358.531330729	22000.000	38000.000	0.5000
477	Spectrogram 1	1	1358.524664062	1358.531330729	22000.000	38000.000	0.5000
478	Waveform 1	1	1358.721997396	1358.731330729	22000.000	38000.000	0.1429
478	Spectrogram 1	1	1358.721997396	1358.731330729	22000.000	38000.000	0.1429
479	Waveform 1	1	1359.011330729	1359.015330729	22000.000	38000.000	0.3333
479	Spectrogram 1	1	1359.011330729	1359.015330729	22000.000	38000.000	0.3333
480	Waveform 1	1	1359.089330729	1359.093997396	22000.000	38000.000	0.7143
480	Spectrogram 1	1	1359.089330729	1359.093997396	22000.000	38000.000	0.7143
481	Waveform 1	1	1359.235997396	1359.242664062	22000.000	38000.000	0.4000
481	Spectrogram 1	1	1359.235997396	1359.242664062	22000.000	38000.000	0.4000
482	Waveform 1	1	1359.685997396	1359.687330729	22000.000	38000.000	1.0000
482	Spectrogram 1	1	1359.685997396	1359.687330729	22000.000	38000.000	1.0000
483	Waveform 1	1	1359.797997396	1359.801330729	22000.000	38000.000	0.4000
483	Spectrogram 1	1	1359.797997396	1359.801330729	22000.000	38000.000	0.4000
484	Waveform 1	1	1359.960664062	1359.971997396	22000.000	38000.000	0.2353
484	Spectrogram 1	1	1359.960664062	1359.971997396	22000.000	38000.000	0.2353
485	Waveform 1	1	1360.855997396	1360.857997396	22000.000	38000.000	1.0000
485	Spectrogram 1	1	1360.855997396	1360.857997396	22000.000	38000.000	1.0000
486	Waveform 1	1	1361.065330729	1361.068664062	22000.000	38000.000	0.4000
486	Spectrogram 1	1	1361.065330729	1361.068664062	22000.000	38000.000	0.4000
487	Waveform 1	1	1361.350664062	1361.357997396	22000.000	38000.000	0.2727
487	Spectrogram 1	1	1361.350664062	1361.357997396	22000.000	38000.000	0.2727
488	Waveform 1	1	1361.943330729	1361.951330729	22000.000	38000.000	0.3333
488	Spectrogram 1	1	1361.943330729	1361.951330729	22000.000	38000.000	0.3333
489	Waveform 1	1	1362.232664062	1362.237997396	22000.000	38000.000	0.2500
489	Spectrogram 1	1	1362.232664062	1362.237997396	22000.000	38000.000	0.2500
490	Waveform 1	1	1367.905330729	1367.911330729	22000.000	38000.000	0.4444
490	Spectrogram 1	1	1367.905330729	1367.911330729	22000.000	38000.000	0.4444
491	Waveform 1	1	1368.535330729	1368.536664062	22000.000	38000.000	1.0000
491	Spectrogram 1	1	1368.535330729	1368.536664062	22000.000	38000.000	1.0000
492	Waveform 1	1	1368.964664062	1368.979330729	22000.000	38000.000	0.2727
492	Spectrogram 1	1	1368.964664062	1368.979330729	22000.000	38000.000	0.2727
493	Waveform 1	1	1369.247997396	1369.255330729	22000.000	38000.000	0.1818
493	Spectrogram 1	1	1369.247997396	1369.255330729	22000.000	38000.000	0.1818
494	Waveform 1	1	1369.822664062	1369.827330729	22000.000	38000.000	0.2857
494	Spectrogram 1	1	1369.822664062	1369.827330729	22000.000	38000.000	0.2857
495	Waveform 1	1	1371.473330729	1371.489997396	22000.000	38000.000	0.1600
495	Spectrogram 1	1	1371.473330729	1371.489997396	22000.000	38000.000	0.1600
496	Waveform 1	1	1371.742664062	1371.753997396	22000.000	38000.000	0.1765
496	Spectrogram 1	1	1371.742664062	1371.753997396	22000.000	38000.000	0.1765
497	Waveform 1	1	1372.799997396	1372.820664062	22000.000	38000.000	0.1290
497	Spectrogram 1	1	1372.799997396	1372.820664062	22000.000	38000.000	0.1290
498	Waveform 1	1	1373.351330729	1373.371997396	22000.000	38000.000	0.1290
498	Spectrogram 1	1	1373.351330729	1373.371997396	22000.000	38000.000	0.1290
499	Waveform 1	1	1373.648664062	1373.655997396	22000.000	38000.000	0.5455
499	Spectrogram 1	1	1373.648664062	1373.655997396	22000.000	38000.000	0.5455
500	Waveform 1	1	1443.515997396	1443.517330729	22000.000	38000.000	1.0000
500	Spectrogram 1	1	1443.515997396	1443.517330729	22000.000	38000.000	1.0000
501	Waveform 1	1	1447.713330729	1447.720664062	22000.000	38000.000	0.1818
501	Spectrogram 1	1	1447.713330729	1447.720664062	22000.000	38000.000	0.1818
502	Waveform 1	1	1448.703997396	1448.707330729	22000.000	38000.000	0.4000
502	Spectrogram 1	1	1448.703997396	1448.707330729	22000.000	38000.000	0.4000
503	Waveform 1	1	1450.781330729	1450.785997396	22000.000	38000.000	0.2857
503	Spectrogram 1	1	1450.781330729	1450.785997396	22000.000	38000.000	0.2857
504	Waveform 1	1	1469.933330729	1469.948664063	22000.000	38000.000	0.1304
504	Spectrogram 1	1	1469.933330729	1469.948664063	22000.000	38000.000	0.1304
505	Waveform 1	1	1470.962664062	1470.991330729	22000.000	38000.000	0.1395
505	Spectrogram 1	1	1470.962664062	1470.991330729	22000.000	38000.000	0.1395
506	Waveform 1	1	1474.083330729	1474.084664062	22000.000	38000.000	1.0000
506	Spectrogram 1	1	1474.083330729	1474.084664062	22000.000	38000.000	1.0000
507	Waveform 1	1	1474.359330729	1474.378664062	22000.000	38000.000	0.1724
507	Spectrogram 1	1	1474.359330729	1474.378664062	22000.000	38000.000	0.1724
508	Waveform 1	1	1475.471997396	1475.473330729	22000.000	38000.000	1.0000
508	Spectrogram 1	1	1475.471997396	1475.473330729	22000.000	38000.000	1.0000
509	Waveform 1	1	1476.554664063	1476.565997396	22000.000	38000.000	0.2941
509	Spectrogram 1	1	1476.554664063	1476.565997396	22000.000	38000.000	0.2941
510	Waveform 1	1	1476.723330729	1476.763997396	22000.000	38000.000	0.0984
510	Spectrogram 1	1	1476.723330729	1476.763997396	22000.000	38000.000	0.0984
511	Waveform 1	1	1476.917330729	1476.942664062	22000.000	38000.000	0.1053
511	Spectrogram 1	1	1476.917330729	1476.942664062	22000.000	38000.000	0.1053
512	Waveform 1	1	1477.097997396	1477.118664062	22000.000	38000.000	0.1290
512	Spectrogram 1	1	1477.097997396	1477.118664062	22000.000	38000.000	0.1290
513	Waveform 1	1	1477.263997396	1477.267997396	22000.000	38000.000	0.3333
513	Spectrogram 1	1	1477.263997396	1477.267997396	22000.000	38000.000	0.3333
514	Waveform 1	1	1478.435330729	1478.453330729	22000.000	38000.000	0.1852
514	Spectrogram 1	1	1478.435330729	1478.453330729	22000.000	38000.000	0.1852
515	Waveform 1	1	1480.909997396	1480.915330729	22000.000	38000.000	0.2500
515	Spectrogram 1	1	1480.909997396	1480.915330729	22000.000	38000.000	0.2500
516	Waveform 1	1	1481.971997396	1481.975997396	22000.000	38000.000	0.3333
516	Spectrogram 1	1	1481.971997396	1481.975997396	22000.000	38000.000	0.3333
517	Waveform 1	1	1485.685997396	1485.687330729	22000.000	38000.000	1.0000
517	Spectrogram 1	1	1485.685997396	1485.687330729	22000.000	38000.000	1.0000
518	Waveform 1	1	1487.913997396	1487.926664062	22000.000	38000.000	0.1053
518	Spectrogram 1	1	1487.913997396	1487.926664062	22000.000	38000.000	0.1053
519	Waveform 1	1	1490.245330729	1490.248664062	22000.000	38000.000	0.4000
519	Spectrogram 1	1	1490.245330729	1490.248664062	22000.000	38000.000	0.4000
520	Waveform 1	1	1649.448664063	1649.452664062	22000.000	38000.000	0.3333
520	Spectrogram 1	1	1649.448664063	1649.452664062	22000.000	38000.000	0.3333
521	Waveform 1	1	1653.150664063	1653.151997396	22000.000	38000.000	1.0000
521	Spectrogram 1	1	1653.150664063	1653.151997396	22000.000	38000.000	1.0000
522	Waveform 1	1	1654.164664062	1654.171330729	22000.000	38000.000	0.2000
522	Spectrogram 1	1	1654.164664062	1654.171330729	22000.000	38000.000	0.2000
523	Waveform 1	1	1654.310664062	1654.313330729	22000.000	38000.000	0.5000
523	Spectrogram 1	1	1654.310664062	1654.313330729	22000.000	38000.000	0.5000
524	Waveform 1	1	1654.500664062	1654.515997396	22000.000	38000.000	0.1739
524	Spectrogram 1	1	1654.500664062	1654.515997396	22000.000	38000.000	0.1739
525	Waveform 1	1	1654.757997396	1654.772664062	22000.000	38000.000	0.0909
525	Spectrogram 1	1	1654.757997396	1654.772664062	22000.000	38000.000	0.0909
526	Waveform 1	1	1655.099330729	1655.103330729	22000.000	38000.000	0.3333
526	Spectrogram 1	1	1655.099330729	1655.103330729	22000.000	38000.000	0.3333
527	Waveform 1	1	1655.694664062	1655.706664062	22000.000	38000.000	0.1111
527	Spectrogram 1	1	1655.694664062	1655.706664062	22000.000	38000.000	0.1111
528	Waveform 1	1	1657.064664063	1657.073330729	22000.000	38000.000	0.1538
528	Spectrogram 1	1	1657.064664063	1657.073330729	22000.000	38000.000	0.1538
529	Waveform 1	1	1662.299997396	1662.320664062	22000.000	38000.000	0.1290
529	Spectrogram 1	1	1662.299997396	1662.320664062	22000.000	38000.000	0.1290
530	Waveform 1	1	1662.740664062	1662.743997396	22000.000	38000.000	0.6000
530	Spectrogram 1	1	1662.740664062	1662.743997396	22000.000	38000.000	0.6000
531	Waveform 1	1	1663.261997396	1663.271997396	22000.000	38000.000	0.1333
531	Spectrogram 1	1	1663.261997396	1663.271997396	22000.000	38000.000	0.1333
532	Waveform 1	1	1664.386664062	1664.393997396	22000.000	38000.000	0.2727
532	Spectrogram 1	1	1664.386664062	1664.393997396	22000.000	38000.000	0.2727
533	Waveform 1	1	1665.466664062	1665.479997396	22000.000	38000.000	0.2000
533	Spectrogram 1	1	1665.466664062	1665.479997396	22000.000	38000.000	0.2000
534	Waveform 1	1	1666.048664062	1666.065997396	22000.000	38000.000	0.1538
534	Spectrogram 1	1	1666.048664062	1666.065997396	22000.000	38000.000	0.1538
535	Waveform 1	1	1666.850664062	1666.861330729	22000.000	38000.000	0.3125
535	Spectrogram 1	1	1666.850664062	1666.861330729	22000.000	38000.000	0.3125
536	Waveform 1	1	1667.245997396	1667.269997396	22000.000	38000.000	0.0833
536	Spectrogram 1	1	1667.245997396	1667.269997396	22000.000	38000.000	0.0833
537	Waveform 1	1	1667.389997396	1667.392664062	22000.000	38000.000	0.7500
537	Spectrogram 1	1	1667.389997396	1667.392664062	22000.000	38000.000	0.7500
538	Waveform 1	1	1677.358664062	1677.361330729	22000.000	38000.000	0.5000
538	Spectrogram 1	1	1677.358664062	1677.361330729	22000.000	38000.000	0.5000
539	Waveform 1	1	1679.722664062	1679.723997396	22000.000	38000.000	1.0000
539	Spectrogram 1	1	1679.722664062	1679.723997396	22000.000	38000.000	1.0000
540	Waveform 1	1	1680.813330729	1680.820664062	22000.000	38000.000	0.3636
540	Spectrogram 1	1	1680.813330729	1680.820664062	22000.000	38000.000	0.3636
541	Waveform 1	1	1682.800664062	1682.803330729	22000.000	38000.000	0.5000
541	Spectrogram 1	1	1682.800664062	1682.803330729	22000.000	38000.000	0.5000
542	Waveform 1	1	1683.665330729	1683.667997396	22000.000	38000.000	0.5000
542	Spectrogram 1	1	1683.665330729	1683.667997396	22000.000	38000.000	0.5000
543	Waveform 1	1	1684.011997396	1684.013330729	22000.000	38000.000	1.0000
543	Spectrogram 1	1	1684.011997396	1684.013330729	22000.000	38000.000	1.0000
544	Waveform 1	1	1685.461997396	1685.465997396	22000.000	38000.000	0.5000
544	Spectrogram 1	1	1685.461997396	1685.465997396	22000.000	38000.000	0.5000
545	Waveform 1	1	1685.601330729	1685.604664062	22000.000	38000.000	0.4000
545	Spectrogram 1	1	1685.601330729	1685.604664062	22000.000	38000.000	0.4000
546	Waveform 1	1	1685.705997396	1685.775997396	22000.000	38000.000	0.0762
546	Spectrogram 1	1	1685.705997396	1685.775997396	22000.000	38000.000	0.0762
547	Waveform 1	1	1685.862664063	1685.865330729	22000.000	38000.000	0.7500
547	Spectrogram 1	1	1685.862664063	1685.865330729	22000.000	38000.000	0.7500
548	Waveform 1	1	1686.007997396	1686.017330729	22000.000	38000.000	0.2857
548	Spectrogram 1	1	1686.007997396	1686.017330729	22000.000	38000.000	0.2857
549	Waveform 1	1	1686.750664062	1686.757330729	22000.000	38000.000	0.2000
549	Spectrogram 1	1	1686.750664062	1686.757330729	22000.000	38000.000	0.2000
550	Waveform 1	1	1686.855330729	1686.915330729	22000.000	38000.000	0.0889
550	Spectrogram 1	1	1686.855330729	1686.915330729	22000.000	38000.000	0.0889
551	Waveform 1	1	1687.688664063	1687.696664062	22000.000	38000.000	0.1667
551	Spectrogram 1	1	1687.688664063	1687.696664062	22000.000	38000.000	0.1667
552	Waveform 1	1	1687.957997396	1687.960664062	22000.000	38000.000	0.5000
552	Spectrogram 1	1	1687.957997396	1687.960664062	22000.000	38000.000	0.5000
553	Waveform 1	1	1688.343330729	1688.371330729	22000.000	38000.000	0.1667
553	Spectrogram 1	1	1688.343330729	1688.371330729	22000.000	38000.000	0.1667
554	Waveform 1	1	1688.502664062	1688.515330729	22000.000	38000.000	0.4211
554	Spectrogram 1	1	1688.502664062	1688.515330729	22000.000	38000.000	0.4211
555	Waveform 1	1	1688.638664062	1688.649997396	22000.000	38000.000	0.1176
555	Spectrogram 1	1	1688.638664062	1688.649997396	22000.000	38000.000	0.1176
556	Waveform 1	1	1688.779330729	1688.819997396	22000.000	38000.000	0.1803
556	Spectrogram 1	1	1688.779330729	1688.819997396	22000.000	38000.000	0.1803
557	Waveform 1	1	1689.054664063	1689.066664062	22000.000	38000.000	0.1667
557	Spectrogram 1	1	1689.054664063	1689.066664062	22000.000	38000.000	0.1667
558	Waveform 1	1	1689.200664062	1689.201997396	22000.000	38000.000	1.0000
558	Spectrogram 1	1	1689.200664062	1689.201997396	22000.000	38000.000	1.0000
559	Waveform 1	1	1689.316664062	1689.327330729	22000.000	38000.000	0.1875
559	Spectrogram 1	1	1689.316664062	1689.327330729	22000.000	38000.000	0.1875
560	Waveform 1	1	1689.591330729	1689.603330729	22000.000	38000.000	0.2222
560	Spectrogram 1	1	1689.591330729	1689.603330729	22000.000	38000.000	0.2222
561	Waveform 1	1	1689.865330729	1689.881997396	22000.000	38000.000	0.1200
561	Spectrogram 1	1	1689.865330729	1689.881997396	22000.000	38000.000	0.1200
562	Waveform 1	1	1690.089997396	1690.097330729	22000.000	38000.000	0.3636
562	Spectrogram 1	1	1690.089997396	1690.097330729	22000.000	38000.000	0.3636
563	Waveform 1	1	1690.253330729	1690.258664062	22000.000	38000.000	0.6250
563	Spectrogram 1	1	1690.253330729	1690.258664062	22000.000	38000.000	0.6250
564	Waveform 1	1	1690.409330729	1690.411330729	22000.000	38000.000	0.6667
564	Spectrogram 1	1	1690.409330729	1690.411330729	22000.000	38000.000	0.6667
565	Waveform 1	1	1690.514664062	1690.541330729	22000.000	38000.000	0.1250
565	Spectrogram 1	1	1690.514664062	1690.541330729	22000.000	38000.000	0.1250
566	Waveform 1	1	1690.659330729	1690.710664062	22000.000	38000.000	0.1299
566	Spectrogram 1	1	1690.659330729	1690.710664062	22000.000	38000.000	0.1299
567	Waveform 1	1	1691.187330729	1691.212664062	22000.000	38000.000	0.2105
567	Spectrogram 1	1	1691.187330729	1691.212664062	22000.000	38000.000	0.2105
568	Waveform 1	1	1691.283330729	1691.293330729	22000.000	38000.000	0.4000
568	Spectrogram 1	1	1691.283330729	1691.293330729	22000.000	38000.000	0.4000
569	Waveform 1	1	1691.741330729	1691.742664062	22000.000	38000.000	1.0000
569	Spectrogram 1	1	1691.741330729	1691.742664062	22000.000	38000.000	1.0000
570	Waveform 1	1	1691.890664063	1691.906664062	22000.000	38000.000	0.3750
570	Spectrogram 1	1	1691.890664063	1691.906664062	22000.000	38000.000	0.3750
571	Waveform 1	1	1692.049997396	1692.059997396	22000.000	38000.000	0.2000
571	Spectrogram 1	1	1692.049997396	1692.059997396	22000.000	38000.000	0.2000
572	Waveform 1	1	1692.311330729	1692.313330729	22000.000	38000.000	0.6667
572	Spectrogram 1	1	1692.311330729	1692.313330729	22000.000	38000.000	0.6667
573	Waveform 1	1	1692.416664062	1692.418664062	22000.000	38000.000	0.6667
573	Spectrogram 1	1	1692.416664062	1692.418664062	22000.000	38000.000	0.6667
574	Waveform 1	1	1693.006664063	1693.028664062	22000.000	38000.000	0.0909
574	Spectrogram 1	1	1693.006664063	1693.028664062	22000.000	38000.000	0.0909
575	Waveform 1	1	1693.438664063	1693.442664062	22000.000	38000.000	0.5000
575	Spectrogram 1	1	1693.438664063	1693.442664062	22000.000	38000.000	0.5000
576	Waveform 1	1	1693.579997396	1693.590664062	22000.000	38000.000	0.3125
576	Spectrogram 1	1	1693.579997396	1693.590664062	22000.000	38000.000	0.3125
577	Waveform 1	1	1694.321330729	1694.322664062	22000.000	38000.000	1.0000
577	Spectrogram 1	1	1694.321330729	1694.322664062	22000.000	38000.000	1.0000
578	Waveform 1	1	1695.502664062	1695.504664062	22000.000	38000.000	0.6667
578	Spectrogram 1	1	1695.502664062	1695.504664062	22000.000	38000.000	0.6667
579	Waveform 1	1	1695.801997396	1695.803330729	22000.000	38000.000	1.0000
579	Spectrogram 1	1	1695.801997396	1695.803330729	22000.000	38000.000	1.0000
580	Waveform 1	1	1696.147330729	1696.166664062	22000.000	38000.000	0.1379
580	Spectrogram 1	1	1696.147330729	1696.166664062	22000.000	38000.000	0.1379
581	Waveform 1	1	1696.327997396	1696.350664062	22000.000	38000.000	0.2941
581	Spectrogram 1	1	1696.327997396	1696.350664062	22000.000	38000.000	0.2941
582	Waveform 1	1	1696.749997396	1696.751330729	22000.000	38000.000	1.0000
582	Spectrogram 1	1	1696.749997396	1696.751330729	22000.000	38000.000	1.0000
583	Waveform 1	1	1698.205330729	1698.209997396	22000.000	38000.000	0.4286
583	Spectrogram 1	1	1698.205330729	1698.209997396	22000.000	38000.000	0.4286
584	Waveform 1	1	1705.756664063	1705.762664062	22000.000	38000.000	0.2222
584	Spectrogram 1	1	1705.756664063	1705.762664062	22000.000	38000.000	0.2222
585	Waveform 1	1	1715.355997396	1715.360664062	22000.000	38000.000	0.2857
585	Spectrogram 1	1	1715.355997396	1715.360664062	22000.000	38000.000	0.2857
586	Waveform 1	1	1717.603997396	1717.622664063	22000.000	38000.000	0.2143
586	Spectrogram 1	1	1717.603997396	1717.622664063	22000.000	38000.000	0.2143
587	Waveform 1	1	1717.751330729	1717.765997396	22000.000	38000.000	0.1364
587	Spectrogram 1	1	1717.751330729	1717.765997396	22000.000	38000.000	0.1364
588	Waveform 1	1	1718.186664062	1718.209997396	22000.000	38000.000	0.2000
588	Spectrogram 1	1	1718.186664062	1718.209997396	22000.000	38000.000	0.2000
589	Waveform 1	1	1718.441330729	1718.442664062	22000.000	38000.000	1.0000
589	Spectrogram 1	1	1718.441330729	1718.442664062	22000.000	38000.000	1.0000
590	Waveform 1	1	1718.581330729	1718.599330729	22000.000	38000.000	0.4444
590	Spectrogram 1	1	1718.581330729	1718.599330729	22000.000	38000.000	0.4444
591	Waveform 1	1	1718.984664062	1719.011997396	22000.000	38000.000	0.1463
591	Spectrogram 1	1	1718.984664062	1719.011997396	22000.000	38000.000	0.1463
592	Waveform 1	1	1719.539997396	1719.561997396	22000.000	38000.000	0.2727
592	Spectrogram 1	1	1719.539997396	1719.561997396	22000.000	38000.000	0.2727
593	Waveform 1	1	1719.953997396	1719.973997396	22000.000	38000.000	0.1667
593	Spectrogram 1	1	1719.953997396	1719.973997396	22000.000	38000.000	0.1667
594	Waveform 1	1	1720.134664062	1720.135997396	22000.000	38000.000	1.0000
594	Spectrogram 1	1	1720.134664062	1720.135997396	22000.000	38000.000	1.0000
595	Waveform 1	1	1720.216664062	1720.220664062	22000.000	38000.000	0.5000
595	Spectrogram 1	1	1720.216664062	1720.220664062	22000.000	38000.000	0.5000
596	Waveform 1	1	1720.371330729	1720.399997396	22000.000	38000.000	0.2791
596	Spectrogram 1	1	1720.371330729	1720.399997396	22000.000	38000.000	0.2791
597	Waveform 1	1	1720.634664062	1720.638664062	22000.000	38000.000	0.3333
597	Spectrogram 1	1	1720.634664062	1720.638664062	22000.000	38000.000	0.3333
598	Waveform 1	1	1720.805330729	1720.812664062	22000.000	38000.000	0.2727
598	Spectrogram 1	1	1720.805330729	1720.812664062	22000.000	38000.000	0.2727
599	Waveform 1	1	1721.306664062	1721.344664062	22000.000	38000.000	0.2281
599	Spectrogram 1	1	1721.306664062	1721.344664062	22000.000	38000.000	0.2281
600	Waveform 1	1	1721.495997396	1721.526664063	22000.000	38000.000	0.1957
600	Spectrogram 1	1	1721.495997396	1721.526664063	22000.000	38000.000	0.1957
601	Waveform 1	1	1721.661997396	1721.673997396	22000.000	38000.000	0.3889
601	Spectrogram 1	1	1721.661997396	1721.673997396	22000.000	38000.000	0.3889
602	Waveform 1	1	1721.939330729	1721.942664062	22000.000	38000.000	1.0000
602	Spectrogram 1	1	1721.939330729	1721.942664062	22000.000	38000.000	1.0000
603	Waveform 1	1	1722.185997396	1722.199330729	22000.000	38000.000	0.1000
603	Spectrogram 1	1	1722.185997396	1722.199330729	22000.000	38000.000	0.1000
604	Waveform 1	1	1722.565997396	1722.581997396	22000.000	38000.000	0.2083
604	Spectrogram 1	1	1722.565997396	1722.581997396	22000.000	38000.000	0.2083
605	Waveform 1	1	1722.989997396	1722.995330729	22000.000	38000.000	0.7500
605	Spectrogram 1	1	1722.989997396	1722.995330729	22000.000	38000.000	0.7500
606	Waveform 1	1	1723.399330729	1723.413330729	22000.000	38000.000	0.1429
606	Spectrogram 1	1	1723.399330729	1723.413330729	22000.000	38000.000	0.1429
607	Waveform 1	1	1725.225330729	1725.229997396	22000.000	38000.000	0.2857
607	Spectrogram 1	1	1725.225330729	1725.229997396	22000.000	38000.000	0.2857
608	Waveform 1	1	1732.057997396	1732.059330729	22000.000	38000.000	1.0000
608	Spectrogram 1	1	1732.057997396	1732.059330729	22000.000	38000.000	1.0000
609	Waveform 1	1	1733.716664062	1733.721330729	22000.000	38000.000	0.4286
609	Spectrogram 1	1	1733.716664062	1733.721330729	22000.000	38000.000	0.4286
610	Waveform 1	1	1734.155997396	1734.162664062	22000.000	38000.000	0.2000
610	Spectrogram 1	1	1734.155997396	1734.162664062	22000.000	38000.000	0.2000
611	Waveform 1	1	1735.969997396	1735.971330729	22000.000	38000.000	1.0000
611	Spectrogram 1	1	1735.969997396	1735.971330729	22000.000	38000.000	1.0000
612	Waveform 1	1	1736.399997396	1736.409997396	22000.000	38000.000	0.1333
612	Spectrogram 1	1	1736.399997396	1736.409997396	22000.000	38000.000	0.1333
613	Waveform 1	1	1736.859997396	1736.861330729	22000.000	38000.000	1.0000
613	Spectrogram 1	1	1736.859997396	1736.861330729	22000.000	38000.000	1.0000
614	Waveform 1	1	1736.939330729	1736.947997396	22000.000	38000.000	0.3077
614	Spectrogram 1	1	1736.939330729	1736.947997396	22000.000	38000.000	0.3077
615	Waveform 1	1	1737.517997396	1737.519330729	22000.000	38000.000	1.0000
615	Spectrogram 1	1	1737.517997396	1737.519330729	22000.000	38000.000	1.0000
616	Waveform 1	1	1738.751330729	1738.757997396	22000.000	38000.000	0.3000
616	Spectrogram 1	1	1738.751330729	1738.757997396	22000.000	38000.000	0.3000
617	Waveform 1	1	1741.776664063	1741.777997396	22000.000	38000.000	1.0000
617	Spectrogram 1	1	1741.776664063	1741.777997396	22000.000	38000.000	1.0000
618	Waveform 1	1	1742.188664063	1742.197330729	22000.000	38000.000	0.1538
618	Spectrogram 1	1	1742.188664063	1742.197330729	22000.000	38000.000	0.1538
619	Waveform 1	1	1743.141997396	1743.152664062	22000.000	38000.000	0.1250
619	Spectrogram 1	1	1743.141997396	1743.152664062	22000.000	38000.000	0.1250
620	Waveform 1	1	1743.286664062	1743.291330729	22000.000	38000.000	0.7143
620	Spectrogram 1	1	1743.286664062	1743.291330729	22000.000	38000.000	0.7143
621	Waveform 1	1	1745.576664062	1745.577997396	22000.000	38000.000	1.0000
621	Spectrogram 1	1	1745.576664062	1745.577997396	22000.000	38000.000	1.0000
622	Waveform 1	1	1771.670664063	1771.673997396	22000.000	38000.000	0.6000
622	Spectrogram 1	1	1771.670664063	1771.673997396	22000.000	38000.000	0.6000
623	Waveform 1	1	1774.352664063	1774.361997396	22000.000	38000.000	0.2143
623	Spectrogram 1	1	1774.352664063	1774.361997396	22000.000	38000.000	0.2143
624	Waveform 1	1	1774.945997396	1774.947330729	22000.000	38000.000	1.0000
624	Spectrogram 1	1	1774.945997396	1774.947330729	22000.000	38000.000	1.0000
625	Waveform 1	1	1775.431997396	1775.433330729	22000.000	38000.000	1.0000
625	Spectrogram 1	1	1775.431997396	1775.433330729	22000.000	38000.000	1.0000
626	Waveform 1	1	1775.725997396	1775.761330729	22000.000	38000.000	0.0943
626	Spectrogram 1	1	1775.725997396	1775.761330729	22000.000	38000.000	0.0943
627	Waveform 1	1	1780.005997396	1780.007330729	22000.000	38000.000	1.0000
627	Spectrogram 1	1	1780.005997396	1780.007330729	22000.000	38000.000	1.0000
628	Waveform 1	1	1780.147330729	1780.161997396	22000.000	38000.000	0.2273
628	Spectrogram 1	1	1780.147330729	1780.161997396	22000.000	38000.000	0.2273
629	Waveform 1	1	1782.992664062	1782.999997396	22000.000	38000.000	0.3636
629	Spectrogram 1	1	1782.992664062	1782.999997396	22000.000	38000.000	0.3636
630	Waveform 1	1	1783.215330729	1783.220664062	22000.000	38000.000	0.5000
630	Spectrogram 1	1	1783.215330729	1783.220664062	22000.000	38000.000	0.5000
631	Waveform 1	1	1783.373330729	1783.390664063	22000.000	38000.000	0.1154
631	Spectrogram 1	1	1783.373330729	1783.390664063	22000.000	38000.000	0.1154
632	Waveform 1	1	1783.645997396	1783.658664062	22000.000	38000.000	0.1053
632	Spectrogram 1	1	1783.645997396	1783.658664062	22000.000	38000.000	0.1053
633	Waveform 1	1	1784.219997396	1784.257330729	22000.000	38000.000	0.1607
633	Spectrogram 1	1	1784.219997396	1784.257330729	22000.000	38000.000	0.1607
634	Waveform 1	1	1784.631997396	1784.643997396	22000.000	38000.000	0.2222
634	Spectrogram 1	1	1784.631997396	1784.643997396	22000.000	38000.000	0.2222
635	Waveform 1	1	1784.776664063	1784.777997396	22000.000	38000.000	1.0000
635	Spectrogram 1	1	1784.776664063	1784.777997396	22000.000	38000.000	1.0000
636	Waveform 1	1	1784.844664062	1784.853997396	22000.000	38000.000	0.2857
636	Spectrogram 1	1	1784.844664062	1784.853997396	22000.000	38000.000	0.2857
637	Waveform 1	1	1785.251330729	1785.253997396	22000.000	38000.000	0.7500
637	Spectrogram 1	1	1785.251330729	1785.253997396	22000.000	38000.000	0.7500
638	Waveform 1	1	1785.969330729	1785.981997396	22000.000	38000.000	0.2105
638	Spectrogram 1	1	1785.969330729	1785.981997396	22000.000	38000.000	0.2105
639	Waveform 1	1	1786.684664062	1786.687997396	22000.000	38000.000	0.4000
639	Spectrogram 1	1	1786.684664062	1786.687997396	22000.000	38000.000	0.4000
640	Waveform 1	1	1787.407330729	1787.421997396	22000.000	38000.000	0.0909
640	Spectrogram 1	1	1787.407330729	1787.421997396	22000.000	38000.000	0.0909
641	Waveform 1	1	1787.827330729	1787.841330729	22000.000	38000.000	0.1429
641	Spectrogram 1	1	1787.827330729	1787.841330729	22000.000	38000.000	0.1429
642	Waveform 1	1	1787.929330729	1787.933330729	22000.000	38000.000	0.6667
642	Spectrogram 1	1	1787.929330729	1787.933330729	22000.000	38000.000	0.6667
643	Waveform 1	1	1788.528664062	1788.531330729	22000.000	38000.000	0.7500
643	Spectrogram 1	1	1788.528664062	1788.531330729	22000.000	38000.000	0.7500
644	Waveform 1	1	1788.917330729	1788.939997396	22000.000	38000.000	0.0882
644	Spectrogram 1	1	1788.917330729	1788.939997396	22000.000	38000.000	0.0882
645	Waveform 1	1	1789.053997396	1789.061997396	22000.000	38000.000	0.1667
645	Spectrogram 1	1	1789.053997396	1789.061997396	22000.000	38000.000	0.1667
646	Waveform 1	1	1792.703330729	1792.717997396	22000.000	38000.000	0.1818
646	Spectrogram 1	1	1792.703330729	1792.717997396	22000.000	38000.000	0.1818
647	Waveform 1	1	1792.841997396	1792.861330729	22000.000	38000.000	0.1034
647	Spectrogram 1	1	1792.841997396	1792.861330729	22000.000	38000.000	0.1034
648	Waveform 1	1	1793.277997396	1793.283997396	22000.000	38000.000	0.3333
648	Spectrogram 1	1	1793.277997396	1793.283997396	22000.000	38000.000	0.3333
649	Waveform 1	1	1793.408664062	1793.437997396	22000.000	38000.000	0.1136
649	Spectrogram 1	1	1793.408664062	1793.437997396	22000.000	38000.000	0.1136
650	Waveform 1	1	1793.545330729	1793.551997396	22000.000	38000.000	0.4000
650	Spectrogram 1	1	1793.545330729	1793.551997396	22000.000	38000.000	0.4000
651	Waveform 1	1	1793.683330729	1793.689330729	22000.000	38000.000	0.3333
651	Spectrogram 1	1	1793.683330729	1793.689330729	22000.000	38000.000	0.3333
652	Waveform 1	1	1793.954664062	1793.958664063	22000.000	38000.000	0.3333
652	Spectrogram 1	1	1793.954664062	1793.958664063	22000.000	38000.000	0.3333
653	Waveform 1	1	1794.106664062	1794.114664062	22000.000	38000.000	0.5000
653	Spectrogram 1	1	1794.106664062	1794.114664062	22000.000	38000.000	0.5000
654	Waveform 1	1	1794.269997396	1794.271997396	22000.000	38000.000	0.6667
654	Spectrogram 1	1	1794.269997396	1794.271997396	22000.000	38000.000	0.6667
655	Waveform 1	1	1794.535330729	1794.554664063	22000.000	38000.000	0.1724
655	Spectrogram 1	1	1794.535330729	1794.554664063	22000.000	38000.000	0.1724
656	Waveform 1	1	1794.686664062	1794.694664062	22000.000	38000.000	0.1667
656	Spectrogram 1	1	1794.686664062	1794.694664062	22000.000	38000.000	0.1667
