Selection	View	Channel	Begin Time (s)	End Time (s)	Low Freq (Hz)	High Freq (Hz)	Occupancy
1	Waveform 1	1	445.639997396	445.641997396	38000.000	81000.000	1.0000
1	Spectrogram 1	1	445.639997396	445.641997396	38000.000	81000.000	1.0000
2	Waveform 1	1	445.709997396	445.711997396	38000.000	81000.000	1.0000
2	Spectrogram 1	1	445.709997396	445.711997396	38000.000	81000.000	1.0000
3	Waveform 1	1	445.763330729	445.764664063	38000.000	81000.000	1.0000
3	Spectrogram 1	1	445.763330729	445.764664063	38000.000	81000.000	1.0000
4	Waveform 1	1	445.840664062	445.841997396	38000.000	81000.000	1.0000
4	Spectrogram 1	1	445.840664062	445.841997396	38000.000	81000.000	1.0000
5	Waveform 1	1	445.875330729	445.876664062	38000.000	81000.000	1.0000
5	Spectrogram 1	1	445.875330729	445.876664062	38000.000	81000.000	1.0000
6	Waveform 1	1	445.906664062	445.908664063	38000.000	81000.000	1.0000
6	Spectrogram 1	1	445.906664062	445.908664063	38000.000	81000.000	1.0000
7	Waveform 1	1	445.940664062	445.941997396	38000.000	81000.000	1.0000
7	Spectrogram 1	1	445.940664062	445.941997396	38000.000	81000.000	1.0000
8	Waveform 1	1	446.111330729	446.115997396	38000.000	81000.000	0.5714
8	Spectrogram 1	1	446.111330729	446.115997396	38000.000	81000.000	0.5714
9	Waveform 1	1	446.210664062	446.212664062	38000.000	81000.000	1.0000
9	Spectrogram 1	1	446.210664062	446.212664062	38000.000	81000.000	1.0000
10	Waveform 1	1	446.297330729	446.299997396	38000.000	81000.000	1.0000
10	Spectrogram 1	1	446.297330729	446.299997396	38000.000	81000.000	1.0000
11	Waveform 1	1	446.375997396	446.377330729	38000.000	81000.000	1.0000
11	Spectrogram 1	1	446.375997396	446.377330729	38000.000	81000.000	1.0000
12	Waveform 1	1	446.439330729	446.445330729	38000.000	81000.000	0.7778
12	Spectrogram 1	1	446.439330729	446.445330729	38000.000	81000.000	0.7778
13	Waveform 1	1	446.488664062	446.497330729	38000.000	81000.000	0.6154
13	Spectrogram 1	1	446.488664062	446.497330729	38000.000	81000.000	0.6154
14	Waveform 1	1	446.541330729	446.547330729	38000.000	81000.000	1.0000
14	Spectrogram 1	1	446.541330729	446.547330729	38000.000	81000.000	1.0000
15	Waveform 1	1	446.624664063	446.635997396	38000.000	81000.000	0.7647
15	Spectrogram 1	1	446.624664063	446.635997396	38000.000	81000.000	0.7647
16	Waveform 1	1	446.681997396	446.688664062	38000.000	81000.000	0.7000
16	Spectrogram 1	1	446.681997396	446.688664062	38000.000	81000.000	0.7000
17	Waveform 1	1	446.716664063	446.722664062	38000.000	81000.000	0.5556
17	Spectrogram 1	1	446.716664063	446.722664062	38000.000	81000.000	0.5556
18	Waveform 1	1	446.787997396	446.790664063	38000.000	81000.000	1.0000
18	Spectrogram 1	1	446.787997396	446.790664063	38000.000	81000.000	1.0000
19	Waveform 1	1	446.837330729	446.847997396	38000.000	81000.000	0.7500
19	Spectrogram 1	1	446.837330729	446.847997396	38000.000	81000.000	0.7500
20	Waveform 1	1	446.899330729	446.909997396	38000.000	81000.000	0.3125
20	Spectrogram 1	1	446.899330729	446.909997396	38000.000	81000.000	0.3125
21	Waveform 1	1	446.969997396	446.985997396	38000.000	81000.000	0.4167
21	Spectrogram 1	1	446.969997396	446.985997396	38000.000	81000.000	0.4167
22	Waveform 1	1	447.025330729	447.035997396	38000.000	81000.000	0.8125
22	Spectrogram 1	1	447.025330729	447.035997396	38000.000	81000.000	0.8125
23	Waveform 1	1	447.072664062	447.089330729	38000.000	81000.000	0.7600
23	Spectrogram 1	1	447.072664062	447.089330729	38000.000	81000.000	0.7600
24	Waveform 1	1	447.151997396	447.173330729	38000.000	81000.000	0.4375
24	Spectrogram 1	1	447.151997396	447.173330729	38000.000	81000.000	0.4375
25	Waveform 1	1	447.216664063	447.235997396	38000.000	81000.000	0.4828
25	Spectrogram 1	1	447.216664063	447.235997396	38000.000	81000.000	0.4828
26	Waveform 1	1	447.269330729	447.288664063	38000.000	81000.000	0.6207
26	Spectrogram 1	1	447.269330729	447.288664063	38000.000	81000.000	0.6207
27	Waveform 1	1	447.321330729	447.338664063	38000.000	81000.000	0.5769
27	Spectrogram 1	1	447.321330729	447.338664063	38000.000	81000.000	0.5769
28	Waveform 1	1	447.365330729	447.375330729	38000.000	81000.000	0.8000
28	Spectrogram 1	1	447.365330729	447.375330729	38000.000	81000.000	0.8000
29	Waveform 1	1	447.405330729	447.419997396	38000.000	81000.000	0.5909
29	Spectrogram 1	1	447.405330729	447.419997396	38000.000	81000.000	0.5909
30	Waveform 1	1	447.446664063	447.461330729	38000.000	81000.000	0.8182
30	Spectrogram 1	1	447.446664063	447.461330729	38000.000	81000.000	0.8182
31	Waveform 1	1	447.485330729	447.499330729	38000.000	81000.000	0.6667
31	Spectrogram 1	1	447.485330729	447.499330729	38000.000	81000.000	0.6667
32	Waveform 1	1	447.525330729	447.539997396	38000.000	81000.000	0.7727
32	Spectrogram 1	1	447.525330729	447.539997396	38000.000	81000.000	0.7727
33	Waveform 1	1	447.581330729	447.603997396	38000.000	81000.000	0.4706
33	Spectrogram 1	1	447.581330729	447.603997396	38000.000	81000.000	0.4706
34	Waveform 1	1	447.656664062	447.679330729	38000.000	81000.000	0.6176
34	Spectrogram 1	1	447.656664062	447.679330729	38000.000	81000.000	0.6176
35	Waveform 1	1	447.706664063	447.720664063	38000.000	81000.000	0.4286
35	Spectrogram 1	1	447.706664063	447.720664063	38000.000	81000.000	0.4286
36	Waveform 1	1	447.748664062	447.764664063	38000.000	81000.000	0.5833
36	Spectrogram 1	1	447.748664062	447.764664063	38000.000	81000.000	0.5833
37	Waveform 1	1	447.823997396	447.850664063	38000.000	81000.000	0.2250
37	Spectrogram 1	1	447.823997396	447.850664063	38000.000	81000.000	0.2250
38	Waveform 1	1	447.903330729	447.926664062	38000.000	81000.000	0.4000
38	Spectrogram 1	1	447.903330729	447.926664062	38000.000	81000.000	0.4000
39	Waveform 1	1	447.991997396	448.018664062	38000.000	81000.000	0.2750
39	Spectrogram 1	1	447.991997396	448.018664062	38000.000	81000.000	0.2750
40	Waveform 1	1	448.068664062	448.095330729	38000.000	81000.000	0.3000
40	Spectrogram 1	1	448.068664062	448.095330729	38000.000	81000.000	0.3000
41	Waveform 1	1	448.155330729	448.175330729	38000.000	81000.000	0.4000
41	Spectrogram 1	1	448.155330729	448.175330729	38000.000	81000.000	0.4000
42	Waveform 1	1	448.241330729	448.265330729	38000.000	81000.000	0.3611
42	Spectrogram 1	1	448.241330729	448.265330729	38000.000	81000.000	0.3611
43	Waveform 1	1	448.323330729	448.347330729	38000.000	81000.000	0.2778
43	Spectrogram 1	1	448.323330729	448.347330729	38000.000	81000.000	0.2778
44	Waveform 1	1	448.406664062	448.429997396	38000.000	81000.000	0.4571
44	Spectrogram 1	1	448.406664062	448.429997396	38000.000	81000.000	0.4571
45	Waveform 1	1	448.494664063	448.516664063	38000.000	81000.000	0.2424
45	Spectrogram 1	1	448.494664063	448.516664063	38000.000	81000.000	0.2424
46	Waveform 1	1	448.579330729	448.594664062	38000.000	81000.000	0.4783
46	Spectrogram 1	1	448.579330729	448.594664062	38000.000	81000.000	0.4783
47	Waveform 1	1	448.753997396	448.763330729	38000.000	81000.000	0.4286
47	Spectrogram 1	1	448.753997396	448.763330729	38000.000	81000.000	0.4286
48	Waveform 1	1	448.850664063	448.858664062	38000.000	81000.000	0.3333
48	Spectrogram 1	1	448.850664063	448.858664062	38000.000	81000.000	0.3333
49	Waveform 1	1	448.930664062	448.933330729	38000.000	81000.000	0.5000
49	Spectrogram 1	1	448.930664062	448.933330729	38000.000	81000.000	0.5000
50	Waveform 1	1	449.017330729	449.027330729	38000.000	81000.000	0.4000
50	Spectrogram 1	1	449.017330729	449.027330729	38000.000	81000.000	0.4000
51	Waveform 1	1	449.104664062	449.108664062	38000.000	81000.000	0.5000
51	Spectrogram 1	1	449.104664062	449.108664062	38000.000	81000.000	0.5000
52	Waveform 1	1	449.195997396	449.211330729	38000.000	81000.000	0.2609
52	Spectrogram 1	1	449.195997396	449.211330729	38000.000	81000.000	0.2609
53	Waveform 1	1	449.283330729	449.286664062	38000.000	81000.000	0.4000
53	Spectrogram 1	1	449.283330729	449.286664062	38000.000	81000.000	0.4000
54	Waveform 1	1	449.451997396	449.453330729	38000.000	81000.000	1.0000
54	Spectrogram 1	1	449.451997396	449.453330729	38000.000	81000.000	1.0000
55	Waveform 1	1	449.541997396	449.547997396	38000.000	81000.000	0.4444
55	Spectrogram 1	1	449.541997396	449.547997396	38000.000	81000.000	0.4444
56	Waveform 1	1	450.063997396	450.067330729	38000.000	81000.000	0.4000
56	Spectrogram 1	1	450.063997396	450.067330729	38000.000	81000.000	0.4000
57	Waveform 1	1	450.409997396	450.415330729	38000.000	81000.000	0.3750
57	Spectrogram 1	1	450.409997396	450.415330729	38000.000	81000.000	0.3750
58	Waveform 1	1	541.993330729	542.001997396	38000.000	81000.000	0.4615
58	Spectrogram 1	1	541.993330729	542.001997396	38000.000	81000.000	0.4615
59	Waveform 1	1	542.095330729	542.096664063	38000.000	81000.000	1.0000
59	Spectrogram 1	1	542.095330729	542.096664063	38000.000	81000.000	1.0000
60	Waveform 1	1	542.281330729	542.289997396	38000.000	81000.000	0.3077
60	Spectrogram 1	1	542.281330729	542.289997396	38000.000	81000.000	0.3077
61	Waveform 1	1	542.391330729	542.393997396	38000.000	81000.000	0.5000
61	Spectrogram 1	1	542.391330729	542.393997396	38000.000	81000.000	0.5000
62	Waveform 1	1	542.689997396	542.698664063	38000.000	81000.000	0.6154
62	Spectrogram 1	1	542.689997396	542.698664063	38000.000	81000.000	0.6154
63	Waveform 1	1	542.790664063	542.791997396	38000.000	81000.000	1.0000
63	Spectrogram 1	1	542.790664063	542.791997396	38000.000	81000.000	1.0000
64	Waveform 1	1	543.072664063	543.085997396	38000.000	81000.000	0.3500
64	Spectrogram 1	1	543.072664063	543.085997396	38000.000	81000.000	0.3500
65	Waveform 1	1	543.175997396	543.187997396	38000.000	81000.000	0.2778
65	Spectrogram 1	1	543.175997396	543.187997396	38000.000	81000.000	0.2778
66	Waveform 1	1	543.476664063	543.477997396	38000.000	81000.000	1.0000
66	Spectrogram 1	1	543.476664063	543.477997396	38000.000	81000.000	1.0000
67	Waveform 1	1	543.758664063	543.777997396	38000.000	81000.000	0.2414
67	Spectrogram 1	1	543.758664063	543.777997396	38000.000	81000.000	0.2414
68	Waveform 1	1	543.945330729	543.952664063	38000.000	81000.000	0.5455
68	Spectrogram 1	1	543.945330729	543.952664063	38000.000	81000.000	0.5455
69	Waveform 1	1	543.971997396	543.973997396	38000.000	81000.000	0.6667
69	Spectrogram 1	1	543.971997396	543.973997396	38000.000	81000.000	0.6667
70	Waveform 1	1	544.045997396	544.069330729	38000.000	81000.000	0.3429
70	Spectrogram 1	1	544.045997396	544.069330729	38000.000	81000.000	0.3429
71	Waveform 1	1	544.189997396	544.192664063	38000.000	81000.000	1.0000
71	Spectrogram 1	1	544.189997396	544.192664063	38000.000	81000.000	1.0000
72	Waveform 1	1	544.214664063	544.221330729	38000.000	81000.000	0.4000
72	Spectrogram 1	1	544.214664063	544.221330729	38000.000	81000.000	0.4000
73	Waveform 1	1	544.304664063	544.323330729	38000.000	81000.000	0.2857
73	Spectrogram 1	1	544.304664063	544.323330729	38000.000	81000.000	0.2857
74	Waveform 1	1	544.495997396	544.523997396	38000.000	81000.000	0.2381
74	Spectrogram 1	1	544.495997396	544.523997396	38000.000	81000.000	0.2381
75	Waveform 1	1	544.633997396	544.652664063	38000.000	81000.000	0.2143
75	Spectrogram 1	1	544.633997396	544.652664063	38000.000	81000.000	0.2143
76	Waveform 1	1	544.804664063	544.807330729	38000.000	81000.000	1.0000
76	Spectrogram 1	1	544.804664063	544.807330729	38000.000	81000.000	1.0000
77	Waveform 1	1	544.829330729	544.831997396	38000.000	81000.000	0.7500
77	Spectrogram 1	1	544.829330729	544.831997396	38000.000	81000.000	0.7500
78	Waveform 1	1	545.020664063	545.037330729	38000.000	81000.000	0.4000
78	Spectrogram 1	1	545.020664063	545.037330729	38000.000	81000.000	0.4000
79	Waveform 1	1	545.101330729	545.121330729	38000.000	81000.000	0.2667
79	Spectrogram 1	1	545.101330729	545.121330729	38000.000	81000.000	0.2667
80	Waveform 1	1	545.304664063	545.307330729	38000.000	81000.000	1.0000
80	Spectrogram 1	1	545.304664063	545.307330729	38000.000	81000.000	1.0000
81	Waveform 1	1	545.497330729	545.498664063	38000.000	81000.000	1.0000
81	Spectrogram 1	1	545.497330729	545.498664063	38000.000	81000.000	1.0000
82	Waveform 1	1	545.682664063	545.684664063	38000.000	81000.000	1.0000
82	Spectrogram 1	1	545.682664063	545.684664063	38000.000	81000.000	1.0000
83	Waveform 1	1	545.823997396	545.825330729	38000.000	81000.000	1.0000
83	Spectrogram 1	1	545.823997396	545.825330729	38000.000	81000.000	1.0000
84	Waveform 1	1	545.987997396	545.993997396	38000.000	81000.000	0.4444
84	Spectrogram 1	1	545.987997396	545.993997396	38000.000	81000.000	0.4444
