Selection	View	Channel	Begin Time (s)	End Time (s)	Low Freq (Hz)	High Freq (Hz)	Occupancy
1	Waveform 1	1	266.233330729	266.234664062	38000.000	81000.000	1.0000
1	Spectrogram 1	1	266.233330729	266.234664062	38000.000	81000.000	1.0000
2	Waveform 1	1	266.420664063	266.425330729	38000.000	81000.000	0.4286
2	Spectrogram 1	1	266.420664063	266.425330729	38000.000	81000.000	0.4286
3	Waveform 1	1	266.524664062	266.525997396	38000.000	81000.000	1.0000
3	Spectrogram 1	1	266.524664062	266.525997396	38000.000	81000.000	1.0000
4	Waveform 1	1	266.712664062	266.724664062	38000.000	81000.000	0.5000
4	Spectrogram 1	1	266.712664062	266.724664062	38000.000	81000.000	0.5000
5	Waveform 1	1	266.824664063	266.835997396	38000.000	81000.000	0.7059
5	Spectrogram 1	1	266.824664063	266.835997396	38000.000	81000.000	0.7059
6	Waveform 1	1	267.011330729	267.025330729	38000.000	81000.000	0.4286
6	Spectrogram 1	1	267.011330729	267.025330729	38000.000	81000.000	0.4286
7	Waveform 1	1	267.121997396	267.129330729	38000.000	81000.000	0.6364
7	Spectrogram 1	1	267.121997396	267.129330729	38000.000	81000.000	0.6364
8	Waveform 1	1	267.217330729	267.241997396	38000.000	81000.000	0.4865
8	Spectrogram 1	1	267.217330729	267.241997396	38000.000	81000.000	0.4865
9	Waveform 1	1	267.319330729	267.341997396	38000.000	81000.000	0.4706
9	Spectrogram 1	1	267.319330729	267.341997396	38000.000	81000.000	0.4706
10	Waveform 1	1	267.409997396	267.421997396	38000.000	81000.000	1.0000
10	Spectrogram 1	1	267.409997396	267.421997396	38000.000	81000.000	1.0000
11	Waveform 1	1	267.491330729	267.514664063	38000.000	81000.000	0.6857
11	Spectrogram 1	1	267.491330729	267.514664063	38000.000	81000.000	0.6857
12	Waveform 1	1	267.559997396	267.573330729	38000.000	81000.000	0.5500
12	Spectrogram 1	1	267.559997396	267.573330729	38000.000	81000.000	0.5500
13	Waveform 1	1	267.634664063	267.643997396	38000.000	81000.000	0.7143
13	Spectrogram 1	1	267.634664063	267.643997396	38000.000	81000.000	0.7143
14	Waveform 1	1	267.764664063	267.773330729	38000.000	81000.000	0.6923
14	Spectrogram 1	1	267.764664063	267.773330729	38000.000	81000.000	0.6923
15	Waveform 1	1	267.867330729	267.873330729	38000.000	81000.000	0.4444
15	Spectrogram 1	1	267.867330729	267.873330729	38000.000	81000.000	0.4444
16	Waveform 1	1	268.692664063	268.713997396	38000.000	81000.000	0.3125
16	Spectrogram 1	1	268.692664063	268.713997396	38000.000	81000.000	0.3125
17	Waveform 1	1	268.798664062	268.821997396	38000.000	81000.000	0.4857
17	Spectrogram 1	1	268.798664062	268.821997396	38000.000	81000.000	0.4857
18	Waveform 1	1	268.887997396	268.896664063	38000.000	81000.000	0.4615
18	Spectrogram 1	1	268.887997396	268.896664063	38000.000	81000.000	0.4615
19	Waveform 1	1	269.057997396	269.075330729	38000.000	81000.000	0.8077
19	Spectrogram 1	1	269.057997396	269.075330729	38000.000	81000.000	0.8077
20	Waveform 1	1	269.132664062	269.145997396	38000.000	81000.000	0.6000
20	Spectrogram 1	1	269.132664062	269.145997396	38000.000	81000.000	0.6000
21	Waveform 1	1	269.203330729	269.224664062	38000.000	81000.000	0.6562
21	Spectrogram 1	1	269.203330729	269.224664062	38000.000	81000.000	0.6562
22	Waveform 1	1	269.289330729	269.302664063	38000.000	81000.000	0.9000
22	Spectrogram 1	1	269.289330729	269.302664063	38000.000	81000.000	0.9000
23	Waveform 1	1	269.367330729	269.380664062	38000.000	81000.000	0.8500
23	Spectrogram 1	1	269.367330729	269.380664062	38000.000	81000.000	0.8500
24	Waveform 1	1	269.453330729	269.467330729	38000.000	81000.000	0.8095
24	Spectrogram 1	1	269.453330729	269.467330729	38000.000	81000.000	0.8095
25	Waveform 1	1	269.545330729	269.559997396	38000.000	81000.000	0.7727
25	Spectrogram 1	1	269.545330729	269.559997396	38000.000	81000.000	0.7727
26	Waveform 1	1	269.640664062	269.659997396	38000.000	81000.000	0.6897
26	Spectrogram 1	1	269.640664062	269.659997396	38000.000	81000.000	0.6897
27	Waveform 1	1	269.729330729	269.741997396	38000.000	81000.000	0.7895
27	Spectrogram 1	1	269.729330729	269.741997396	38000.000	81000.000	0.7895
28	Waveform 1	1	269.819997396	269.838664063	38000.000	81000.000	0.7143
28	Spectrogram 1	1	269.819997396	269.838664063	38000.000	81000.000	0.7143
29	Waveform 1	1	269.906664062	269.921997396	38000.000	81000.000	0.6522
29	Spectrogram 1	1	269.906664062	269.921997396	38000.000	81000.000	0.6522
30	Waveform 1	1	269.999330729	270.023997396	38000.000	81000.000	0.6486
30	Spectrogram 1	1	269.999330729	270.023997396	38000.000	81000.000	0.6486
31	Waveform 1	1	270.096664062	270.112664063	38000.000	81000.000	0.8333
31	Spectrogram 1	1	270.096664062	270.112664063	38000.000	81000.000	0.8333
32	Waveform 1	1	270.183997396	270.203997396	38000.000	81000.000	0.4667
32	Spectrogram 1	1	270.183997396	270.203997396	38000.000	81000.000	0.4667
33	Waveform 1	1	270.277997396	270.293997396	38000.000	81000.000	0.5417
33	Spectrogram 1	1	270.277997396	270.293997396	38000.000	81000.000	0.5417
34	Waveform 1	1	270.446664063	270.461997396	38000.000	81000.000	0.5652
34	Spectrogram 1	1	270.446664063	270.461997396	38000.000	81000.000	0.5652
35	Waveform 1	1	270.543997396	270.548664062	38000.000	81000.000	0.5714
35	Spectrogram 1	1	270.543997396	270.548664062	38000.000	81000.000	0.5714
36	Waveform 1	1	270.717330729	270.731997396	38000.000	81000.000	0.3636
36	Spectrogram 1	1	270.717330729	270.731997396	38000.000	81000.000	0.3636
37	Waveform 1	1	270.821997396	270.823330729	38000.000	81000.000	1.0000
37	Spectrogram 1	1	270.821997396	270.823330729	38000.000	81000.000	1.0000
38	Waveform 1	1	271.002664063	271.011997396	38000.000	81000.000	0.4286
38	Spectrogram 1	1	271.002664063	271.011997396	38000.000	81000.000	0.4286
39	Waveform 1	1	271.104664062	271.109330729	38000.000	81000.000	0.4286
39	Spectrogram 1	1	271.104664062	271.109330729	38000.000	81000.000	0.4286
40	Waveform 1	1	271.280664062	271.287997396	38000.000	81000.000	0.3636
40	Spectrogram 1	1	271.280664062	271.287997396	38000.000	81000.000	0.3636
41	Waveform 1	1	271.382664062	271.383997396	38000.000	81000.000	1.0000
41	Spectrogram 1	1	271.382664062	271.383997396	38000.000	81000.000	1.0000
42	Waveform 1	1	271.839997396	271.843330729	38000.000	81000.000	0.4000
42	Spectrogram 1	1	271.839997396	271.843330729	38000.000	81000.000	0.4000
43	Waveform 1	1	272.442664063	272.443997396	38000.000	81000.000	1.0000
43	Spectrogram 1	1	272.442664063	272.443997396	38000.000	81000.000	1.0000
