Selection	View	Channel	Begin Time (s)	End Time (s)	Low Freq (Hz)	High Freq (Hz)	Occupancy
1	Waveform 1	1	883.717330729	883.718664063	38000.000	81000.000	1.0000
1	Spectrogram 1	1	883.717330729	883.718664063	38000.000	81000.000	1.0000
2	Waveform 1	1	884.113997396	884.115997396	38000.000	81000.000	1.0000
2	Spectrogram 1	1	884.113997396	884.115997396	38000.000	81000.000	1.0000
3	Waveform 1	1	884.180664062	884.183330729	38000.000	81000.000	1.0000
3	Spectrogram 1	1	884.180664062	884.183330729	38000.000	81000.000	1.0000
4	Waveform 1	1	884.265997396	884.267330729	38000.000	81000.000	1.0000
4	Spectrogram 1	1	884.265997396	884.267330729	38000.000	81000.000	1.0000
5	Waveform 1	1	884.357997396	884.359330729	38000.000	81000.000	1.0000
5	Spectrogram 1	1	884.357997396	884.359330729	38000.000	81000.000	1.0000
6	Waveform 1	1	884.416664063	884.419997396	38000.000	81000.000	1.0000
6	Spectrogram 1	1	884.416664063	884.419997396	38000.000	81000.000	1.0000
7	Waveform 1	1	884.475997396	884.479330729	38000.000	81000.000	1.0000
7	Spectrogram 1	1	884.475997396	884.479330729	38000.000	81000.000	1.0000
8	Waveform 1	1	884.556664063	884.557997396	38000.000	81000.000	1.0000
8	Spectrogram 1	1	884.556664063	884.557997396	38000.000	81000.000	1.0000
9	Waveform 1	1	884.634664063	884.637997396	38000.000	81000.000	0.8000
9	Spectrogram 1	1	884.634664063	884.637997396	38000.000	81000.000	0.8000
10	Waveform 1	1	884.694664063	884.698664063	38000.000	81000.000	1.0000
10	Spectrogram 1	1	884.694664063	884.698664063	38000.000	81000.000	1.0000
11	Waveform 1	1	884.767997396	884.773330729	38000.000	81000.000	0.7500
11	Spectrogram 1	1	884.767997396	884.773330729	38000.000	81000.000	0.7500
12	Waveform 1	1	884.859997396	884.865997396	38000.000	81000.000	0.5556
12	Spectrogram 1	1	884.859997396	884.865997396	38000.000	81000.000	0.5556
13	Waveform 1	1	884.947330729	884.953330729	38000.000	81000.000	0.7778
13	Spectrogram 1	1	884.947330729	884.953330729	38000.000	81000.000	0.7778
14	Waveform 1	1	885.039997396	885.045997396	38000.000	81000.000	1.0000
14	Spectrogram 1	1	885.039997396	885.045997396	38000.000	81000.000	1.0000
15	Waveform 1	1	885.111997396	885.120664063	38000.000	81000.000	1.0000
15	Spectrogram 1	1	885.111997396	885.120664063	38000.000	81000.000	1.0000
16	Waveform 1	1	885.168664063	885.175997396	38000.000	81000.000	1.0000
16	Spectrogram 1	1	885.168664063	885.175997396	38000.000	81000.000	1.0000
17	Waveform 1	1	885.237997396	885.245330729	38000.000	81000.000	0.9091
17	Spectrogram 1	1	885.237997396	885.245330729	38000.000	81000.000	0.9091
18	Waveform 1	1	885.325330729	885.334664062	38000.000	81000.000	0.8571
18	Spectrogram 1	1	885.325330729	885.334664062	38000.000	81000.000	0.8571
19	Waveform 1	1	885.405997396	885.417330729	38000.000	81000.000	0.8235
19	Spectrogram 1	1	885.405997396	885.417330729	38000.000	81000.000	0.8235
20	Waveform 1	1	885.500664063	885.513997396	38000.000	81000.000	0.8500
20	Spectrogram 1	1	885.500664063	885.513997396	38000.000	81000.000	0.8500
21	Waveform 1	1	885.574664063	885.588664063	38000.000	81000.000	0.7143
21	Spectrogram 1	1	885.574664063	885.588664063	38000.000	81000.000	0.7143
22	Waveform 1	1	885.662664063	885.678664063	38000.000	81000.000	0.6667
22	Spectrogram 1	1	885.662664063	885.678664063	38000.000	81000.000	0.6667
23	Waveform 1	1	885.719330729	885.735330729	38000.000	81000.000	0.6250
23	Spectrogram 1	1	885.719330729	885.735330729	38000.000	81000.000	0.6250
24	Waveform 1	1	885.780664063	885.796664063	38000.000	81000.000	0.8333
24	Spectrogram 1	1	885.780664063	885.796664063	38000.000	81000.000	0.8333
25	Waveform 1	1	885.855330729	885.871997396	38000.000	81000.000	0.6800
25	Spectrogram 1	1	885.855330729	885.871997396	38000.000	81000.000	0.6800
26	Waveform 1	1	885.946664063	885.959330729	38000.000	81000.000	0.7895
26	Spectrogram 1	1	885.946664063	885.959330729	38000.000	81000.000	0.7895
27	Waveform 1	1	886.033330729	886.052664063	38000.000	81000.000	0.5517
27	Spectrogram 1	1	886.033330729	886.052664063	38000.000	81000.000	0.5517
28	Waveform 1	1	886.119330729	886.138664063	38000.000	81000.000	0.5517
28	Spectrogram 1	1	886.119330729	886.138664063	38000.000	81000.000	0.5517
29	Waveform 1	1	886.214664063	886.232664063	38000.000	81000.000	0.7037
29	Spectrogram 1	1	886.214664063	886.232664063	38000.000	81000.000	0.7037
30	Waveform 1	1	886.299997396	886.320664063	38000.000	81000.000	0.5806
30	Spectrogram 1	1	886.299997396	886.320664063	38000.000	81000.000	0.5806
31	Waveform 1	1	886.400664063	886.412664063	38000.000	81000.000	0.8889
31	Spectrogram 1	1	886.400664063	886.412664063	38000.000	81000.000	0.8889
32	Waveform 1	1	886.484664063	886.503997396	38000.000	81000.000	0.6897
32	Spectrogram 1	1	886.484664063	886.503997396	38000.000	81000.000	0.6897
33	Waveform 1	1	886.553330729	886.569997396	38000.000	81000.000	0.9200
33	Spectrogram 1	1	886.553330729	886.569997396	38000.000	81000.000	0.9200
34	Waveform 1	1	886.606664063	886.620664063	38000.000	81000.000	0.6667
34	Spectrogram 1	1	886.606664063	886.620664063	38000.000	81000.000	0.6667
35	Waveform 1	1	886.669330729	886.677997396	38000.000	81000.000	0.9231
35	Spectrogram 1	1	886.669330729	886.677997396	38000.000	81000.000	0.9231
36	Waveform 1	1	886.837997396	886.844664063	38000.000	81000.000	1.0000
36	Spectrogram 1	1	886.837997396	886.844664063	38000.000	81000.000	1.0000
37	Waveform 1	1	888.268664063	888.273330729	38000.000	81000.000	0.5714
37	Spectrogram 1	1	888.268664063	888.273330729	38000.000	81000.000	0.5714
38	Waveform 1	1	888.332664063	888.333997396	38000.000	81000.000	1.0000
38	Spectrogram 1	1	888.332664063	888.333997396	38000.000	81000.000	1.0000
39	Waveform 1	1	888.559997396	888.564664063	38000.000	81000.000	0.7143
39	Spectrogram 1	1	888.559997396	888.564664063	38000.000	81000.000	0.7143
40	Waveform 1	1	888.642664063	888.645997396	38000.000	81000.000	0.6000
40	Spectrogram 1	1	888.642664063	888.645997396	38000.000	81000.000	0.6000
41	Waveform 1	1	888.729997396	888.735330729	38000.000	81000.000	0.7500
41	Spectrogram 1	1	888.729997396	888.735330729	38000.000	81000.000	0.7500
42	Waveform 1	1	888.804664063	888.810664062	38000.000	81000.000	1.0000
42	Spectrogram 1	1	888.804664063	888.810664062	38000.000	81000.000	1.0000
43	Waveform 1	1	888.911997396	888.913997396	38000.000	81000.000	1.0000
43	Spectrogram 1	1	888.911997396	888.913997396	38000.000	81000.000	1.0000
44	Waveform 1	1	888.977997396	888.983997396	38000.000	81000.000	0.8889
44	Spectrogram 1	1	888.977997396	888.983997396	38000.000	81000.000	0.8889
45	Waveform 1	1	889.047330729	889.053330729	38000.000	81000.000	0.5556
45	Spectrogram 1	1	889.047330729	889.053330729	38000.000	81000.000	0.5556
46	Waveform 1	1	889.136664063	889.145330729	38000.000	81000.000	1.0000
46	Spectrogram 1	1	889.136664063	889.145330729	38000.000	81000.000	1.0000
47	Waveform 1	1	889.227997396	889.237330729	38000.000	81000.000	1.0000
47	Spectrogram 1	1	889.227997396	889.237330729	38000.000	81000.000	1.0000
48	Waveform 1	1	889.289330729	889.301997396	38000.000	81000.000	0.7368
48	Spectrogram 1	1	889.289330729	889.301997396	38000.000	81000.000	0.7368
49	Waveform 1	1	889.357330729	889.369997396	38000.000	81000.000	1.0000
49	Spectrogram 1	1	889.357330729	889.369997396	38000.000	81000.000	1.0000
50	Waveform 1	1	889.439997396	889.457330729	38000.000	81000.000	0.9231
50	Spectrogram 1	1	889.439997396	889.457330729	38000.000	81000.000	0.9231
51	Waveform 1	1	889.501330729	889.518664063	38000.000	81000.000	0.7308
51	Spectrogram 1	1	889.501330729	889.518664063	38000.000	81000.000	0.7308
52	Waveform 1	1	889.565330729	889.579997396	38000.000	81000.000	0.8636
52	Spectrogram 1	1	889.565330729	889.579997396	38000.000	81000.000	0.8636
53	Waveform 1	1	889.640664063	889.659997396	38000.000	81000.000	0.5862
53	Spectrogram 1	1	889.640664063	889.659997396	38000.000	81000.000	0.5862
54	Waveform 1	1	889.726664063	889.745330729	38000.000	81000.000	0.5000
54	Spectrogram 1	1	889.726664063	889.745330729	38000.000	81000.000	0.5000
55	Waveform 1	1	889.817330729	889.833997396	38000.000	81000.000	0.8400
55	Spectrogram 1	1	889.817330729	889.833997396	38000.000	81000.000	0.8400
56	Waveform 1	1	889.909330729	889.927997396	38000.000	81000.000	0.5714
56	Spectrogram 1	1	889.909330729	889.927997396	38000.000	81000.000	0.5714
57	Waveform 1	1	889.999997396	890.016664063	38000.000	81000.000	0.6000
57	Spectrogram 1	1	889.999997396	890.016664063	38000.000	81000.000	0.6000
58	Waveform 1	1	890.061997396	890.078664063	38000.000	81000.000	0.5600
58	Spectrogram 1	1	890.061997396	890.078664063	38000.000	81000.000	0.5600
59	Waveform 1	1	890.123997396	890.138664063	38000.000	81000.000	0.8636
59	Spectrogram 1	1	890.123997396	890.138664063	38000.000	81000.000	0.8636
60	Waveform 1	1	890.193997396	890.209997396	38000.000	81000.000	0.7083
60	Spectrogram 1	1	890.193997396	890.209997396	38000.000	81000.000	0.7083
61	Waveform 1	1	890.287330729	890.303330729	38000.000	81000.000	0.5000
61	Spectrogram 1	1	890.287330729	890.303330729	38000.000	81000.000	0.5000
62	Waveform 1	1	890.381330729	890.387330729	38000.000	81000.000	1.0000
62	Spectrogram 1	1	890.381330729	890.387330729	38000.000	81000.000	1.0000
63	Waveform 1	1	890.471330729	890.483997396	38000.000	81000.000	0.4211
63	Spectrogram 1	1	890.471330729	890.483997396	38000.000	81000.000	0.4211
64	Waveform 1	1	890.666664063	890.677997396	38000.000	81000.000	0.7059
64	Spectrogram 1	1	890.666664063	890.677997396	38000.000	81000.000	0.7059
65	Waveform 1	1	890.755997396	890.763997396	38000.000	81000.000	0.7500
65	Spectrogram 1	1	890.755997396	890.763997396	38000.000	81000.000	0.7500
66	Waveform 1	1	890.880664063	890.886664063	38000.000	81000.000	0.8889
66	Spectrogram 1	1	890.880664063	890.886664063	38000.000	81000.000	0.8889
67	Waveform 1	1	890.941997396	890.949330729	38000.000	81000.000	0.9091
67	Spectrogram 1	1	890.941997396	890.949330729	38000.000	81000.000	0.9091
68	Waveform 1	1	890.987997396	890.994664063	38000.000	81000.000	0.9000
68	Spectrogram 1	1	890.987997396	890.994664063	38000.000	81000.000	0.9000
69	Waveform 1	1	891.033997396	891.040664063	38000.000	81000.000	1.0000
69	Spectrogram 1	1	891.033997396	891.040664063	38000.000	81000.000	1.0000
70	Waveform 1	1	891.105997396	891.113997396	38000.000	81000.000	0.6667
70	Spectrogram 1	1	891.105997396	891.113997396	38000.000	81000.000	0.6667
71	Waveform 1	1	891.184664063	891.187997396	38000.000	81000.000	1.0000
71	Spectrogram 1	1	891.184664063	891.187997396	38000.000	81000.000	1.0000
72	Waveform 1	1	891.303997396	891.306664063	38000.000	81000.000	1.0000
72	Spectrogram 1	1	891.303997396	891.306664063	38000.000	81000.000	1.0000
73	Waveform 1	1	891.379330729	891.383330729	38000.000	81000.000	0.6667
73	Spectrogram 1	1	891.379330729	891.383330729	38000.000	81000.000	0.6667
74	Waveform 1	1	891.847997396	891.849330729	38000.000	81000.000	1.0000
74	Spectrogram 1	1	891.847997396	891.849330729	38000.000	81000.000	1.0000
75	Waveform 1	1	891.905330729	891.908664063	38000.000	81000.000	0.8000
75	Spectrogram 1	1	891.905330729	891.908664063	38000.000	81000.000	0.8000
76	Waveform 1	1	891.960664063	891.962664063	38000.000	81000.000	1.0000
76	Spectrogram 1	1	891.960664063	891.962664063	38000.000	81000.000	1.0000
77	Waveform 1	1	892.008664063	892.009997396	38000.000	81000.000	1.0000
77	Spectrogram 1	1	892.008664063	892.009997396	38000.000	81000.000	1.0000
78	Waveform 1	1	892.961330729	892.962664063	38000.000	81000.000	1.0000
78	Spectrogram 1	1	892.961330729	892.962664063	38000.000	81000.000	1.0000
79	Waveform 1	1	895.405997396	895.407330729	38000.000	81000.000	1.0000
79	Spectrogram 1	1	895.405997396	895.407330729	38000.000	81000.000	1.0000
80	Waveform 1	1	898.255330729	898.256664063	38000.000	81000.000	1.0000
80	Spectrogram 1	1	898.255330729	898.256664063	38000.000	81000.000	1.0000
81	Waveform 1	1	898.458664063	898.459997396	38000.000	81000.000	1.0000
81	Spectrogram 1	1	898.458664063	898.459997396	38000.000	81000.000	1.0000
82	Waveform 1	1	898.635330729	898.636664063	38000.000	81000.000	1.0000
82	Spectrogram 1	1	898.635330729	898.636664063	38000.000	81000.000	1.0000
83	Waveform 1	1	899.095330729	899.097330729	38000.000	81000.000	1.0000
83	Spectrogram 1	1	899.095330729	899.097330729	38000.000	81000.000	1.0000
84	Waveform 1	1	899.270664063	899.272664063	38000.000	81000.000	0.6667
84	Spectrogram 1	1	899.270664063	899.272664063	38000.000	81000.000	0.6667
85	Waveform 1	1	899.348664063	899.351330729	38000.000	81000.000	1.0000
85	Spectrogram 1	1	899.348664063	899.351330729	38000.000	81000.000	1.0000
86	Waveform 1	1	899.407330729	899.409997396	38000.000	81000.000	1.0000
86	Spectrogram 1	1	899.407330729	899.409997396	38000.000	81000.000	1.0000
87	Waveform 1	1	899.483997396	899.488664063	38000.000	81000.000	1.0000
87	Spectrogram 1	1	899.483997396	899.488664063	38000.000	81000.000	1.0000
88	Waveform 1	1	899.567330729	899.570664063	38000.000	81000.000	1.0000
88	Spectrogram 1	1	899.567330729	899.570664063	38000.000	81000.000	1.0000
89	Waveform 1	1	899.651997396	899.655997396	38000.000	81000.000	1.0000
89	Spectrogram 1	1	899.651997396	899.655997396	38000.000	81000.000	1.0000
90	Waveform 1	1	899.773330729	899.778664063	38000.000	81000.000	0.7500
90	Spectrogram 1	1	899.773330729	899.778664063	38000.000	81000.000	0.7500
91	Waveform 1	1	899.843330729	899.848664063	38000.000	81000.000	0.8750
91	Spectrogram 1	1	899.843330729	899.848664063	38000.000	81000.000	0.8750
92	Waveform 1	1	899.929997396	899.935330729	38000.000	81000.000	0.8750
92	Spectrogram 1	1	899.929997396	899.935330729	38000.000	81000.000	0.8750
93	Waveform 1	1	900.033997396	900.044664063	38000.000	81000.000	0.8750
93	Spectrogram 1	1	900.033997396	900.044664063	38000.000	81000.000	0.8750
94	Waveform 1	1	900.129997396	900.139330729	38000.000	81000.000	0.8571
94	Spectrogram 1	1	900.129997396	900.139330729	38000.000	81000.000	0.8571
95	Waveform 1	1	900.215997396	900.227330729	38000.000	81000.000	0.7059
95	Spectrogram 1	1	900.215997396	900.227330729	38000.000	81000.000	0.7059
96	Waveform 1	1	900.307997396	900.319997396	38000.000	81000.000	0.8333
96	Spectrogram 1	1	900.307997396	900.319997396	38000.000	81000.000	0.8333
97	Waveform 1	1	900.383330729	900.394664063	38000.000	81000.000	0.7647
97	Spectrogram 1	1	900.383330729	900.394664063	38000.000	81000.000	0.7647
98	Waveform 1	1	900.469997396	900.485997396	38000.000	81000.000	0.6667
98	Spectrogram 1	1	900.469997396	900.485997396	38000.000	81000.000	0.6667
99	Waveform 1	1	900.532664063	900.547330729	38000.000	81000.000	0.7727
99	Spectrogram 1	1	900.532664063	900.547330729	38000.000	81000.000	0.7727
100	Waveform 1	1	900.599997396	900.615330729	38000.000	81000.000	0.8261
100	Spectrogram 1	1	900.599997396	900.615330729	38000.000	81000.000	0.8261
101	Waveform 1	1	900.681330729	900.699997396	38000.000	81000.000	0.7857
101	Spectrogram 1	1	900.681330729	900.699997396	38000.000	81000.000	0.7857
102	Waveform 1	1	900.767330729	900.783330729	38000.000	81000.000	0.6250
102	Spectrogram 1	1	900.767330729	900.783330729	38000.000	81000.000	0.6250
103	Waveform 1	1	900.824664063	900.841330729	38000.000	81000.000	0.9200
103	Spectrogram 1	1	900.824664063	900.841330729	38000.000	81000.000	0.9200
104	Waveform 1	1	900.891330729	900.909330729	38000.000	81000.000	0.7407
104	Spectrogram 1	1	900.891330729	900.909330729	38000.000	81000.000	0.7407
105	Waveform 1	1	900.965330729	900.981997396	38000.000	81000.000	0.5200
105	Spectrogram 1	1	900.965330729	900.981997396	38000.000	81000.000	0.5200
106	Waveform 1	1	901.033997396	901.047997396	38000.000	81000.000	0.8095
106	Spectrogram 1	1	901.033997396	901.047997396	38000.000	81000.000	0.8095
107	Waveform 1	1	901.096664063	901.110664063	38000.000	81000.000	0.7619
107	Spectrogram 1	1	901.096664063	901.110664063	38000.000	81000.000	0.7619
108	Waveform 1	1	901.155330729	901.167997396	38000.000	81000.000	0.7368
108	Spectrogram 1	1	901.155330729	901.167997396	38000.000	81000.000	0.7368
109	Waveform 1	1	901.208664063	901.215330729	38000.000	81000.000	0.7000
109	Spectrogram 1	1	901.208664063	901.215330729	38000.000	81000.000	0.7000
110	Waveform 1	1	901.251330729	901.257330729	38000.000	81000.000	0.4444
110	Spectrogram 1	1	901.251330729	901.257330729	38000.000	81000.000	0.4444
111	Waveform 1	1	901.735997396	901.738664063	38000.000	81000.000	0.7500
111	Spectrogram 1	1	901.735997396	901.738664063	38000.000	81000.000	0.7500
112	Waveform 1	1	902.363997396	902.368664063	38000.000	81000.000	0.5714
112	Spectrogram 1	1	902.363997396	902.368664063	38000.000	81000.000	0.5714
113	Waveform 1	1	902.433330729	902.437997396	38000.000	81000.000	0.8571
113	Spectrogram 1	1	902.433330729	902.437997396	38000.000	81000.000	0.8571
114	Waveform 1	1	902.681330729	902.683997396	38000.000	81000.000	1.0000
114	Spectrogram 1	1	902.681330729	902.683997396	38000.000	81000.000	1.0000
115	Waveform 1	1	902.763330729	902.764664063	38000.000	81000.000	1.0000
115	Spectrogram 1	1	902.763330729	902.764664063	38000.000	81000.000	1.0000
116	Waveform 1	1	903.010664063	903.011997396	38000.000	81000.000	1.0000
116	Spectrogram 1	1	903.010664063	903.011997396	38000.000	81000.000	1.0000
117	Waveform 1	1	904.731997396	904.734664063	38000.000	81000.000	1.0000
117	Spectrogram 1	1	904.731997396	904.734664063	38000.000	81000.000	1.0000
118	Waveform 1	1	904.799997396	904.801997396	38000.000	81000.000	1.0000
118	Spectrogram 1	1	904.799997396	904.801997396	38000.000	81000.000	1.0000
119	Waveform 1	1	904.948664063	904.951997396	38000.000	81000.000	1.0000
119	Spectrogram 1	1	904.948664063	904.951997396	38000.000	81000.000	1.0000
120	Waveform 1	1	905.131997396	905.135330729	38000.000	81000.000	0.8000
120	Spectrogram 1	1	905.131997396	905.135330729	38000.000	81000.000	0.8000
121	Waveform 1	1	905.225997396	905.235330729	38000.000	81000.000	0.5714
121	Spectrogram 1	1	905.225997396	905.235330729	38000.000	81000.000	0.5714
122	Waveform 1	1	905.307330729	905.310664062	38000.000	81000.000	0.6000
122	Spectrogram 1	1	905.307330729	905.310664062	38000.000	81000.000	0.6000
123	Waveform 1	1	905.430664062	905.433330729	38000.000	81000.000	0.7500
123	Spectrogram 1	1	905.430664062	905.433330729	38000.000	81000.000	0.7500
124	Waveform 1	1	905.503997396	905.511997396	38000.000	81000.000	0.5833
124	Spectrogram 1	1	905.503997396	905.511997396	38000.000	81000.000	0.5833
125	Waveform 1	1	905.600664063	905.609997396	38000.000	81000.000	0.7857
125	Spectrogram 1	1	905.600664063	905.609997396	38000.000	81000.000	0.7857
126	Waveform 1	1	905.652664063	905.654664063	38000.000	81000.000	1.0000
126	Spectrogram 1	1	905.652664063	905.654664063	38000.000	81000.000	1.0000
127	Waveform 1	1	905.705330729	905.706664063	38000.000	81000.000	1.0000
127	Spectrogram 1	1	905.705330729	905.706664063	38000.000	81000.000	1.0000
128	Waveform 1	1	905.773997396	905.775997396	38000.000	81000.000	1.0000
128	Spectrogram 1	1	905.773997396	905.775997396	38000.000	81000.000	1.0000
129	Waveform 1	1	905.856664063	905.863330729	38000.000	81000.000	0.8000
129	Spectrogram 1	1	905.856664063	905.863330729	38000.000	81000.000	0.8000
130	Waveform 1	1	905.951330729	905.959330729	38000.000	81000.000	0.8333
130	Spectrogram 1	1	905.951330729	905.959330729	38000.000	81000.000	0.8333
131	Waveform 1	1	906.037997396	906.046664063	38000.000	81000.000	0.6923
131	Spectrogram 1	1	906.037997396	906.046664063	38000.000	81000.000	0.6923
132	Waveform 1	1	906.101997396	906.111330729	38000.000	81000.000	0.8571
132	Spectrogram 1	1	906.101997396	906.111330729	38000.000	81000.000	0.8571
133	Waveform 1	1	906.167330729	906.175330729	38000.000	81000.000	0.9167
133	Spectrogram 1	1	906.167330729	906.175330729	38000.000	81000.000	0.9167
134	Waveform 1	1	906.243997396	906.256664063	38000.000	81000.000	0.7368
134	Spectrogram 1	1	906.243997396	906.256664063	38000.000	81000.000	0.7368
135	Waveform 1	1	906.332664063	906.342664063	38000.000	81000.000	1.0000
135	Spectrogram 1	1	906.332664063	906.342664063	38000.000	81000.000	1.0000
136	Waveform 1	1	906.417330729	906.429997396	38000.000	81000.000	0.5789
136	Spectrogram 1	1	906.417330729	906.429997396	38000.000	81000.000	0.5789
137	Waveform 1	1	906.505330729	906.519330729	38000.000	81000.000	0.6190
137	Spectrogram 1	1	906.505330729	906.519330729	38000.000	81000.000	0.6190
138	Waveform 1	1	906.599997396	906.612664063	38000.000	81000.000	0.7895
138	Spectrogram 1	1	906.599997396	906.612664063	38000.000	81000.000	0.7895
139	Waveform 1	1	906.685330729	906.699997396	38000.000	81000.000	0.7727
139	Spectrogram 1	1	906.685330729	906.699997396	38000.000	81000.000	0.7727
140	Waveform 1	1	906.759997396	906.773330729	38000.000	81000.000	0.7000
140	Spectrogram 1	1	906.759997396	906.773330729	38000.000	81000.000	0.7000
141	Waveform 1	1	906.817330729	906.830664063	38000.000	81000.000	0.8500
141	Spectrogram 1	1	906.817330729	906.830664063	38000.000	81000.000	0.8500
142	Waveform 1	1	906.875997396	906.888664063	38000.000	81000.000	0.6842
142	Spectrogram 1	1	906.875997396	906.888664063	38000.000	81000.000	0.6842
143	Waveform 1	1	906.957330729	906.971997396	38000.000	81000.000	0.7727
143	Spectrogram 1	1	906.957330729	906.971997396	38000.000	81000.000	0.7727
144	Waveform 1	1	907.039330729	907.055997396	38000.000	81000.000	0.6400
144	Spectrogram 1	1	907.039330729	907.055997396	38000.000	81000.000	0.6400
145	Waveform 1	1	907.125330729	907.144664063	38000.000	81000.000	0.4483
145	Spectrogram 1	1	907.125330729	907.144664063	38000.000	81000.000	0.4483
146	Waveform 1	1	907.211330729	907.228664063	38000.000	81000.000	0.6154
146	Spectrogram 1	1	907.211330729	907.228664063	38000.000	81000.000	0.6154
147	Waveform 1	1	907.289997396	907.305997396	38000.000	81000.000	0.5417
147	Spectrogram 1	1	907.289997396	907.305997396	38000.000	81000.000	0.5417
148	Waveform 1	1	907.379330729	907.393997396	38000.000	81000.000	0.7727
148	Spectrogram 1	1	907.379330729	907.393997396	38000.000	81000.000	0.7727
149	Waveform 1	1	907.462664063	907.475330729	38000.000	81000.000	0.7895
149	Spectrogram 1	1	907.462664063	907.475330729	38000.000	81000.000	0.7895
150	Waveform 1	1	907.546664063	907.562664063	38000.000	81000.000	0.6667
150	Spectrogram 1	1	907.546664063	907.562664063	38000.000	81000.000	0.6667
151	Waveform 1	1	907.627997396	907.645330729	38000.000	81000.000	0.5769
151	Spectrogram 1	1	907.627997396	907.645330729	38000.000	81000.000	0.5769
152	Waveform 1	1	907.711330729	907.727997396	38000.000	81000.000	0.6000
152	Spectrogram 1	1	907.711330729	907.727997396	38000.000	81000.000	0.6000
153	Waveform 1	1	907.798664063	907.814664063	38000.000	81000.000	0.4167
153	Spectrogram 1	1	907.798664063	907.814664063	38000.000	81000.000	0.4167
154	Waveform 1	1	907.895330729	907.910664063	38000.000	81000.000	0.6957
154	Spectrogram 1	1	907.895330729	907.910664063	38000.000	81000.000	0.6957
155	Waveform 1	1	907.982664063	908.000664063	38000.000	81000.000	0.5926
155	Spectrogram 1	1	907.982664063	908.000664063	38000.000	81000.000	0.5926
156	Waveform 1	1	908.069330729	908.087330729	38000.000	81000.000	0.7037
156	Spectrogram 1	1	908.069330729	908.087330729	38000.000	81000.000	0.7037
157	Waveform 1	1	908.156664062	908.173997396	38000.000	81000.000	0.5385
157	Spectrogram 1	1	908.156664062	908.173997396	38000.000	81000.000	0.5385
158	Waveform 1	1	908.251330729	908.271997396	38000.000	81000.000	0.4839
158	Spectrogram 1	1	908.251330729	908.271997396	38000.000	81000.000	0.4839
159	Waveform 1	1	908.351330729	908.359997396	38000.000	81000.000	1.0000
159	Spectrogram 1	1	908.351330729	908.359997396	38000.000	81000.000	1.0000
160	Waveform 1	1	908.397330729	908.419330729	38000.000	81000.000	0.7576
160	Spectrogram 1	1	908.397330729	908.419330729	38000.000	81000.000	0.7576
161	Waveform 1	1	908.461330729	908.481330729	38000.000	81000.000	0.8333
161	Spectrogram 1	1	908.461330729	908.481330729	38000.000	81000.000	0.8333
162	Waveform 1	1	908.545997396	908.564664063	38000.000	81000.000	0.7143
162	Spectrogram 1	1	908.545997396	908.564664063	38000.000	81000.000	0.7143
163	Waveform 1	1	908.642664063	908.663997396	38000.000	81000.000	0.7188
163	Spectrogram 1	1	908.642664063	908.663997396	38000.000	81000.000	0.7188
164	Waveform 1	1	908.735997396	908.756664063	38000.000	81000.000	0.9032
164	Spectrogram 1	1	908.735997396	908.756664063	38000.000	81000.000	0.9032
165	Waveform 1	1	908.791330729	908.807997396	38000.000	81000.000	0.6400
165	Spectrogram 1	1	908.791330729	908.807997396	38000.000	81000.000	0.6400
166	Waveform 1	1	908.851330729	908.868664063	38000.000	81000.000	0.7308
166	Spectrogram 1	1	908.851330729	908.868664063	38000.000	81000.000	0.7308
167	Waveform 1	1	908.936664063	908.955330729	38000.000	81000.000	0.9643
167	Spectrogram 1	1	908.936664063	908.955330729	38000.000	81000.000	0.9643
168	Waveform 1	1	909.031997396	909.045330729	38000.000	81000.000	0.9000
168	Spectrogram 1	1	909.031997396	909.045330729	38000.000	81000.000	0.9000
169	Waveform 1	1	909.123330729	909.141997396	38000.000	81000.000	0.6071
169	Spectrogram 1	1	909.123330729	909.141997396	38000.000	81000.000	0.6071
170	Waveform 1	1	909.223997396	909.242664063	38000.000	81000.000	0.6429
170	Spectrogram 1	1	909.223997396	909.242664063	38000.000	81000.000	0.6429
171	Waveform 1	1	909.289330729	909.296664063	38000.000	81000.000	0.8182
171	Spectrogram 1	1	909.289330729	909.296664063	38000.000	81000.000	0.8182
172	Waveform 1	1	909.353997396	909.365997396	38000.000	81000.000	0.8333
172	Spectrogram 1	1	909.353997396	909.365997396	38000.000	81000.000	0.8333
173	Waveform 1	1	909.431997396	909.451330729	38000.000	81000.000	0.4828
173	Spectrogram 1	1	909.431997396	909.451330729	38000.000	81000.000	0.4828
174	Waveform 1	1	909.529330729	909.545997396	38000.000	81000.000	0.7600
174	Spectrogram 1	1	909.529330729	909.545997396	38000.000	81000.000	0.7600
175	Waveform 1	1	909.591330729	909.607997396	38000.000	81000.000	0.7200
175	Spectrogram 1	1	909.591330729	909.607997396	38000.000	81000.000	0.7200
176	Waveform 1	1	909.665997396	909.670664063	38000.000	81000.000	0.5714
176	Spectrogram 1	1	909.665997396	909.670664063	38000.000	81000.000	0.5714
177	Waveform 1	1	910.989997396	910.998664063	38000.000	81000.000	0.6154
177	Spectrogram 1	1	910.989997396	910.998664063	38000.000	81000.000	0.6154
178	Waveform 1	1	911.136664063	911.141330729	38000.000	81000.000	1.0000
178	Spectrogram 1	1	911.136664063	911.141330729	38000.000	81000.000	1.0000
179	Waveform 1	1	911.216664063	911.219330729	38000.000	81000.000	0.5000
179	Spectrogram 1	1	911.216664063	911.219330729	38000.000	81000.000	0.5000
180	Waveform 1	1	911.381997396	911.385997396	38000.000	81000.000	0.8333
180	Spectrogram 1	1	911.381997396	911.385997396	38000.000	81000.000	0.8333
181	Waveform 1	1	911.436664063	911.441330729	38000.000	81000.000	0.5714
181	Spectrogram 1	1	911.436664063	911.441330729	38000.000	81000.000	0.5714
182	Waveform 1	1	911.485997396	911.491997396	38000.000	81000.000	0.7778
182	Spectrogram 1	1	911.485997396	911.491997396	38000.000	81000.000	0.7778
183	Waveform 1	1	911.812664063	911.815330729	38000.000	81000.000	0.7500
183	Spectrogram 1	1	911.812664063	911.815330729	38000.000	81000.000	0.7500
184	Waveform 1	1	913.533330729	913.534664063	38000.000	81000.000	1.0000
184	Spectrogram 1	1	913.533330729	913.534664063	38000.000	81000.000	1.0000
185	Waveform 1	1	934.256664063	934.258664063	38000.000	81000.000	1.0000
185	Spectrogram 1	1	934.256664063	934.258664063	38000.000	81000.000	1.0000
186	Waveform 1	1	934.523330729	934.524664063	38000.000	81000.000	1.0000
186	Spectrogram 1	1	934.523330729	934.524664063	38000.000	81000.000	1.0000
187	Waveform 1	1	934.581330729	934.584664062	38000.000	81000.000	1.0000
187	Spectrogram 1	1	934.581330729	934.584664062	38000.000	81000.000	1.0000
188	Waveform 1	1	934.643330729	934.645330729	38000.000	81000.000	0.6667
188	Spectrogram 1	1	934.643330729	934.645330729	38000.000	81000.000	0.6667
189	Waveform 1	1	934.725997396	934.729997396	38000.000	81000.000	0.8333
189	Spectrogram 1	1	934.725997396	934.729997396	38000.000	81000.000	0.8333
190	Waveform 1	1	934.809997396	934.814664063	38000.000	81000.000	0.7143
190	Spectrogram 1	1	934.809997396	934.814664063	38000.000	81000.000	0.7143
191	Waveform 1	1	934.888664063	934.890664063	38000.000	81000.000	1.0000
191	Spectrogram 1	1	934.888664063	934.890664063	38000.000	81000.000	1.0000
192	Waveform 1	1	934.950664063	934.954664063	38000.000	81000.000	1.0000
192	Spectrogram 1	1	934.950664063	934.954664063	38000.000	81000.000	1.0000
193	Waveform 1	1	935.018664063	935.021997396	38000.000	81000.000	1.0000
193	Spectrogram 1	1	935.018664063	935.021997396	38000.000	81000.000	1.0000
194	Waveform 1	1	935.089997396	935.092664063	38000.000	81000.000	1.0000
194	Spectrogram 1	1	935.089997396	935.092664063	38000.000	81000.000	1.0000
195	Waveform 1	1	935.151330729	935.157330729	38000.000	81000.000	0.7778
195	Spectrogram 1	1	935.151330729	935.157330729	38000.000	81000.000	0.7778
196	Waveform 1	1	935.220664063	935.228664063	38000.000	81000.000	0.9167
196	Spectrogram 1	1	935.220664063	935.228664063	38000.000	81000.000	0.9167
197	Waveform 1	1	935.301330729	935.306664063	38000.000	81000.000	0.7500
197	Spectrogram 1	1	935.301330729	935.306664063	38000.000	81000.000	0.7500
198	Waveform 1	1	935.389997396	935.396664063	38000.000	81000.000	0.6000
198	Spectrogram 1	1	935.389997396	935.396664063	38000.000	81000.000	0.6000
199	Waveform 1	1	935.482664063	935.494664063	38000.000	81000.000	0.6667
199	Spectrogram 1	1	935.482664063	935.494664063	38000.000	81000.000	0.6667
200	Waveform 1	1	935.543330729	935.552664063	38000.000	81000.000	1.0000
200	Spectrogram 1	1	935.543330729	935.552664063	38000.000	81000.000	1.0000
201	Waveform 1	1	935.607330729	935.617997396	38000.000	81000.000	0.6250
201	Spectrogram 1	1	935.607330729	935.617997396	38000.000	81000.000	0.6250
202	Waveform 1	1	935.685997396	935.698664063	38000.000	81000.000	0.7368
202	Spectrogram 1	1	935.685997396	935.698664063	38000.000	81000.000	0.7368
203	Waveform 1	1	935.769330729	935.782664063	38000.000	81000.000	0.6000
203	Spectrogram 1	1	935.769330729	935.782664063	38000.000	81000.000	0.6000
204	Waveform 1	1	935.856664063	935.873997396	38000.000	81000.000	0.5385
204	Spectrogram 1	1	935.856664063	935.873997396	38000.000	81000.000	0.5385
205	Waveform 1	1	935.943997396	935.961997396	38000.000	81000.000	0.6667
205	Spectrogram 1	1	935.943997396	935.961997396	38000.000	81000.000	0.6667
206	Waveform 1	1	936.031330729	936.049330729	38000.000	81000.000	0.6296
206	Spectrogram 1	1	936.031330729	936.049330729	38000.000	81000.000	0.6296
207	Waveform 1	1	936.079997396	936.096664063	38000.000	81000.000	0.4400
207	Spectrogram 1	1	936.079997396	936.096664063	38000.000	81000.000	0.4400
208	Waveform 1	1	936.117997396	936.132664062	38000.000	81000.000	0.5909
208	Spectrogram 1	1	936.117997396	936.132664062	38000.000	81000.000	0.5909
209	Waveform 1	1	936.153997396	936.162664063	38000.000	81000.000	1.0000
209	Spectrogram 1	1	936.153997396	936.162664063	38000.000	81000.000	1.0000
210	Waveform 1	1	936.188664063	936.198664063	38000.000	81000.000	0.8667
210	Spectrogram 1	1	936.188664063	936.198664063	38000.000	81000.000	0.8667
211	Waveform 1	1	936.224664063	936.233997396	38000.000	81000.000	0.4286
211	Spectrogram 1	1	936.224664063	936.233997396	38000.000	81000.000	0.4286
212	Waveform 1	1	936.261997396	936.271330729	38000.000	81000.000	0.3571
212	Spectrogram 1	1	936.261997396	936.271330729	38000.000	81000.000	0.3571
213	Waveform 1	1	936.407997396	936.413330729	38000.000	81000.000	0.3750
213	Spectrogram 1	1	936.407997396	936.413330729	38000.000	81000.000	0.3750
214	Waveform 1	1	936.440664063	936.447330729	38000.000	81000.000	0.3000
214	Spectrogram 1	1	936.440664063	936.447330729	38000.000	81000.000	0.3000
215	Waveform 1	1	936.607330729	936.609997396	38000.000	81000.000	0.7500
215	Spectrogram 1	1	936.607330729	936.609997396	38000.000	81000.000	0.7500
216	Waveform 1	1	936.639997396	936.643330729	38000.000	81000.000	1.0000
216	Spectrogram 1	1	936.639997396	936.643330729	38000.000	81000.000	1.0000
217	Waveform 1	1	936.675330729	936.682664063	38000.000	81000.000	0.5455
217	Spectrogram 1	1	936.675330729	936.682664063	38000.000	81000.000	0.5455
218	Waveform 1	1	936.709330729	936.720664063	38000.000	81000.000	0.7059
218	Spectrogram 1	1	936.709330729	936.720664063	38000.000	81000.000	0.7059
219	Waveform 1	1	936.751997396	936.753330729	38000.000	81000.000	1.0000
219	Spectrogram 1	1	936.751997396	936.753330729	38000.000	81000.000	1.0000
220	Waveform 1	1	936.790664063	936.795997396	38000.000	81000.000	1.0000
220	Spectrogram 1	1	936.790664063	936.795997396	38000.000	81000.000	1.0000
221	Waveform 1	1	937.283997396	937.285330729	38000.000	81000.000	1.0000
221	Spectrogram 1	1	937.283997396	937.285330729	38000.000	81000.000	1.0000
222	Waveform 1	1	937.472664063	937.476664063	38000.000	81000.000	0.8333
222	Spectrogram 1	1	937.472664063	937.476664063	38000.000	81000.000	0.8333
223	Waveform 1	1	937.548664063	937.555330729	38000.000	81000.000	1.0000
223	Spectrogram 1	1	937.548664063	937.555330729	38000.000	81000.000	1.0000
224	Waveform 1	1	937.604664063	937.608664062	38000.000	81000.000	1.0000
224	Spectrogram 1	1	937.604664063	937.608664062	38000.000	81000.000	1.0000
225	Waveform 1	1	937.657330729	937.661330729	38000.000	81000.000	1.0000
225	Spectrogram 1	1	937.657330729	937.661330729	38000.000	81000.000	1.0000
226	Waveform 1	1	937.723997396	937.730664063	38000.000	81000.000	0.7000
226	Spectrogram 1	1	937.723997396	937.730664063	38000.000	81000.000	0.7000
227	Waveform 1	1	937.791997396	937.799997396	38000.000	81000.000	1.0000
227	Spectrogram 1	1	937.791997396	937.799997396	38000.000	81000.000	1.0000
228	Waveform 1	1	937.863997396	937.871330729	38000.000	81000.000	1.0000
228	Spectrogram 1	1	937.863997396	937.871330729	38000.000	81000.000	1.0000
229	Waveform 1	1	937.933330729	937.945330729	38000.000	81000.000	0.7778
229	Spectrogram 1	1	937.933330729	937.945330729	38000.000	81000.000	0.7778
230	Waveform 1	1	937.983997396	937.994664063	38000.000	81000.000	1.0000
230	Spectrogram 1	1	937.983997396	937.994664063	38000.000	81000.000	1.0000
231	Waveform 1	1	938.039330729	938.046664063	38000.000	81000.000	1.0000
231	Spectrogram 1	1	938.039330729	938.046664063	38000.000	81000.000	1.0000
232	Waveform 1	1	938.109330729	938.123997396	38000.000	81000.000	0.8182
232	Spectrogram 1	1	938.109330729	938.123997396	38000.000	81000.000	0.8182
233	Waveform 1	1	938.192664063	938.207330729	38000.000	81000.000	0.8636
233	Spectrogram 1	1	938.192664063	938.207330729	38000.000	81000.000	0.8636
234	Waveform 1	1	938.281997396	938.295997396	38000.000	81000.000	0.8571
234	Spectrogram 1	1	938.281997396	938.295997396	38000.000	81000.000	0.8571
235	Waveform 1	1	938.363330729	938.369997396	38000.000	81000.000	0.8000
235	Spectrogram 1	1	938.363330729	938.369997396	38000.000	81000.000	0.8000
236	Waveform 1	1	938.435997396	938.448664063	38000.000	81000.000	0.8947
236	Spectrogram 1	1	938.435997396	938.448664063	38000.000	81000.000	0.8947
237	Waveform 1	1	938.492664063	938.501330729	38000.000	81000.000	0.8462
237	Spectrogram 1	1	938.492664063	938.501330729	38000.000	81000.000	0.8462
238	Waveform 1	1	938.550664063	938.563997396	38000.000	81000.000	0.9000
238	Spectrogram 1	1	938.550664063	938.563997396	38000.000	81000.000	0.9000
239	Waveform 1	1	938.618664063	938.635330729	38000.000	81000.000	0.6000
239	Spectrogram 1	1	938.618664063	938.635330729	38000.000	81000.000	0.6000
240	Waveform 1	1	938.681330729	938.695330729	38000.000	81000.000	0.9048
240	Spectrogram 1	1	938.681330729	938.695330729	38000.000	81000.000	0.9048
241	Waveform 1	1	938.743330729	938.745330729	38000.000	81000.000	1.0000
241	Spectrogram 1	1	938.743330729	938.745330729	38000.000	81000.000	1.0000
242	Waveform 1	1	938.802664063	938.812664063	38000.000	81000.000	0.9333
242	Spectrogram 1	1	938.802664063	938.812664063	38000.000	81000.000	0.9333
243	Waveform 1	1	939.043997396	939.050664063	38000.000	81000.000	0.9000
243	Spectrogram 1	1	939.043997396	939.050664063	38000.000	81000.000	0.9000
244	Waveform 1	1	939.128664063	939.136664063	38000.000	81000.000	0.8333
244	Spectrogram 1	1	939.128664063	939.136664063	38000.000	81000.000	0.8333
245	Waveform 1	1	1000.589997396	1000.591330729	38000.000	81000.000	1.0000
245	Spectrogram 1	1	1000.589997396	1000.591330729	38000.000	81000.000	1.0000
246	Waveform 1	1	1000.793997396	1000.797330729	38000.000	81000.000	1.0000
246	Spectrogram 1	1	1000.793997396	1000.797330729	38000.000	81000.000	1.0000
247	Waveform 1	1	1000.891997396	1000.895330729	38000.000	81000.000	0.6000
247	Spectrogram 1	1	1000.891997396	1000.895330729	38000.000	81000.000	0.6000
248	Waveform 1	1	1001.071330729	1001.075330729	38000.000	81000.000	1.0000
248	Spectrogram 1	1	1001.071330729	1001.075330729	38000.000	81000.000	1.0000
249	Waveform 1	1	1001.152664063	1001.154664063	38000.000	81000.000	0.6667
249	Spectrogram 1	1	1001.152664063	1001.154664063	38000.000	81000.000	0.6667
250	Waveform 1	1	1001.221330729	1001.223997396	38000.000	81000.000	1.0000
250	Spectrogram 1	1	1001.221330729	1001.223997396	38000.000	81000.000	1.0000
251	Waveform 1	1	1001.321997396	1001.324664063	38000.000	81000.000	0.7500
251	Spectrogram 1	1	1001.321997396	1001.324664063	38000.000	81000.000	0.7500
252	Waveform 1	1	1001.393997396	1001.396664063	38000.000	81000.000	1.0000
252	Spectrogram 1	1	1001.393997396	1001.396664063	38000.000	81000.000	1.0000
253	Waveform 1	1	1001.472664063	1001.475330729	38000.000	81000.000	1.0000
253	Spectrogram 1	1	1001.472664063	1001.475330729	38000.000	81000.000	1.0000
254	Waveform 1	1	1003.521997396	1003.523997396	38000.000	81000.000	1.0000
254	Spectrogram 1	1	1003.521997396	1003.523997396	38000.000	81000.000	1.0000
255	Waveform 1	1	1003.699330729	1003.700664063	38000.000	81000.000	1.0000
255	Spectrogram 1	1	1003.699330729	1003.700664063	38000.000	81000.000	1.0000
256	Waveform 1	1	1005.082664063	1005.085997396	38000.000	81000.000	1.0000
256	Spectrogram 1	1	1005.082664063	1005.085997396	38000.000	81000.000	1.0000
257	Waveform 1	1	1005.180664062	1005.183997396	38000.000	81000.000	0.6000
257	Spectrogram 1	1	1005.180664062	1005.183997396	38000.000	81000.000	0.6000
258	Waveform 1	1	1005.250664063	1005.252664063	38000.000	81000.000	1.0000
258	Spectrogram 1	1	1005.250664063	1005.252664063	38000.000	81000.000	1.0000
259	Waveform 1	1	1005.359997396	1005.363330729	38000.000	81000.000	0.8000
259	Spectrogram 1	1	1005.359997396	1005.363330729	38000.000	81000.000	0.8000
260	Waveform 1	1	1005.460664063	1005.464664063	38000.000	81000.000	1.0000
260	Spectrogram 1	1	1005.460664063	1005.464664063	38000.000	81000.000	1.0000
261	Waveform 1	1	1006.159330729	1006.163997396	38000.000	81000.000	0.7143
261	Spectrogram 1	1	1006.159330729	1006.163997396	38000.000	81000.000	0.7143
262	Waveform 1	1	1006.415330729	1006.420664063	38000.000	81000.000	1.0000
262	Spectrogram 1	1	1006.415330729	1006.420664063	38000.000	81000.000	1.0000
263	Waveform 1	1	1006.513997396	1006.519330729	38000.000	81000.000	1.0000
263	Spectrogram 1	1	1006.513997396	1006.519330729	38000.000	81000.000	1.0000
264	Waveform 1	1	1006.697330729	1006.705330729	38000.000	81000.000	0.8333
264	Spectrogram 1	1	1006.697330729	1006.705330729	38000.000	81000.000	0.8333
265	Waveform 1	1	1006.794664063	1006.799330729	38000.000	81000.000	0.7143
265	Spectrogram 1	1	1006.794664063	1006.799330729	38000.000	81000.000	0.7143
266	Waveform 1	1	1006.851997396	1006.853330729	38000.000	81000.000	1.0000
266	Spectrogram 1	1	1006.851997396	1006.853330729	38000.000	81000.000	1.0000
267	Waveform 1	1	1007.418664063	1007.420664063	38000.000	81000.000	1.0000
267	Spectrogram 1	1	1007.418664063	1007.420664063	38000.000	81000.000	1.0000
268	Waveform 1	1	1007.577330729	1007.588664063	38000.000	81000.000	0.9412
268	Spectrogram 1	1	1007.577330729	1007.588664063	38000.000	81000.000	0.9412
269	Waveform 1	1	1007.660664063	1007.667997396	38000.000	81000.000	0.9091
269	Spectrogram 1	1	1007.660664063	1007.667997396	38000.000	81000.000	0.9091
270	Waveform 1	1	1007.743330729	1007.749330729	38000.000	81000.000	1.0000
270	Spectrogram 1	1	1007.743330729	1007.749330729	38000.000	81000.000	1.0000
271	Waveform 1	1	1007.888664063	1007.897997396	38000.000	81000.000	0.7857
271	Spectrogram 1	1	1007.888664063	1007.897997396	38000.000	81000.000	0.7857
272	Waveform 1	1	1007.965997396	1007.979330729	38000.000	81000.000	0.9000
272	Spectrogram 1	1	1007.965997396	1007.979330729	38000.000	81000.000	0.9000
273	Waveform 1	1	1008.035330729	1008.047997396	38000.000	81000.000	0.8947
273	Spectrogram 1	1	1008.035330729	1008.047997396	38000.000	81000.000	0.8947
274	Waveform 1	1	1008.100664063	1008.110664063	38000.000	81000.000	1.0000
274	Spectrogram 1	1	1008.100664063	1008.110664063	38000.000	81000.000	1.0000
275	Waveform 1	1	1008.170664063	1008.181330729	38000.000	81000.000	0.9375
275	Spectrogram 1	1	1008.170664063	1008.181330729	38000.000	81000.000	0.9375
276	Waveform 1	1	1008.245330729	1008.251997396	38000.000	81000.000	1.0000
276	Spectrogram 1	1	1008.245330729	1008.251997396	38000.000	81000.000	1.0000
277	Waveform 1	1	1008.344664063	1008.356664063	38000.000	81000.000	1.0000
277	Spectrogram 1	1	1008.344664063	1008.356664063	38000.000	81000.000	1.0000
278	Waveform 1	1	1008.429997396	1008.436664063	38000.000	81000.000	0.9000
278	Spectrogram 1	1	1008.429997396	1008.436664063	38000.000	81000.000	0.9000
279	Waveform 1	1	1008.534664063	1008.541997396	38000.000	81000.000	0.9091
279	Spectrogram 1	1	1008.534664063	1008.541997396	38000.000	81000.000	0.9091
280	Waveform 1	1	1008.605997396	1008.613997396	38000.000	81000.000	0.7500
280	Spectrogram 1	1	1008.605997396	1008.613997396	38000.000	81000.000	0.7500
281	Waveform 1	1	1008.681330729	1008.683330729	38000.000	81000.000	1.0000
281	Spectrogram 1	1	1008.681330729	1008.683330729	38000.000	81000.000	1.0000
282	Waveform 1	1	1008.745997396	1008.747330729	38000.000	81000.000	1.0000
282	Spectrogram 1	1	1008.745997396	1008.747330729	38000.000	81000.000	1.0000
283	Waveform 1	1	1008.805330729	1008.815997396	38000.000	81000.000	0.8125
283	Spectrogram 1	1	1008.805330729	1008.815997396	38000.000	81000.000	0.8125
284	Waveform 1	1	1008.890664063	1008.892664063	38000.000	81000.000	1.0000
284	Spectrogram 1	1	1008.890664063	1008.892664063	38000.000	81000.000	1.0000
285	Waveform 1	1	1008.949997396	1008.951330729	38000.000	81000.000	1.0000
285	Spectrogram 1	1	1008.949997396	1008.951330729	38000.000	81000.000	1.0000
286	Waveform 1	1	1009.007330729	1009.014664063	38000.000	81000.000	0.8182
286	Spectrogram 1	1	1009.007330729	1009.014664063	38000.000	81000.000	0.8182
287	Waveform 1	1	1009.214664063	1009.215997396	38000.000	81000.000	1.0000
287	Spectrogram 1	1	1009.214664063	1009.215997396	38000.000	81000.000	1.0000
288	Waveform 1	1	1009.280664063	1009.282664063	38000.000	81000.000	1.0000
288	Spectrogram 1	1	1009.280664063	1009.282664063	38000.000	81000.000	1.0000
289	Waveform 1	1	1150.720664062	1150.721997396	38000.000	81000.000	1.0000
289	Spectrogram 1	1	1150.720664062	1150.721997396	38000.000	81000.000	1.0000
290	Waveform 1	1	1447.880664063	1447.881997396	38000.000	81000.000	1.0000
290	Spectrogram 1	1	1447.880664063	1447.881997396	38000.000	81000.000	1.0000
291	Waveform 1	1	1449.876664062	1449.878664062	38000.000	81000.000	1.0000
291	Spectrogram 1	1	1449.876664062	1449.878664062	38000.000	81000.000	1.0000
292	Waveform 1	1	1449.964664062	1449.969330729	38000.000	81000.000	1.0000
292	Spectrogram 1	1	1449.964664062	1449.969330729	38000.000	81000.000	1.0000
293	Waveform 1	1	1450.057997396	1450.060664062	38000.000	81000.000	1.0000
293	Spectrogram 1	1	1450.057997396	1450.060664062	38000.000	81000.000	1.0000
294	Waveform 1	1	1450.148664062	1450.149997396	38000.000	81000.000	1.0000
294	Spectrogram 1	1	1450.148664062	1450.149997396	38000.000	81000.000	1.0000
295	Waveform 1	1	1450.335997396	1450.337330729	38000.000	81000.000	1.0000
295	Spectrogram 1	1	1450.335997396	1450.337330729	38000.000	81000.000	1.0000
296	Waveform 1	1	1450.426664062	1450.429997396	38000.000	81000.000	0.8000
296	Spectrogram 1	1	1450.426664062	1450.429997396	38000.000	81000.000	0.8000
297	Waveform 1	1	1450.510664062	1450.512664062	38000.000	81000.000	1.0000
297	Spectrogram 1	1	1450.510664062	1450.512664062	38000.000	81000.000	1.0000
298	Waveform 1	1	1450.581997396	1450.584664062	38000.000	81000.000	1.0000
298	Spectrogram 1	1	1450.581997396	1450.584664062	38000.000	81000.000	1.0000
299	Waveform 1	1	1450.643997396	1450.646664062	38000.000	81000.000	1.0000
299	Spectrogram 1	1	1450.643997396	1450.646664062	38000.000	81000.000	1.0000
300	Waveform 1	1	1450.731330729	1450.733330729	38000.000	81000.000	1.0000
300	Spectrogram 1	1	1450.731330729	1450.733330729	38000.000	81000.000	1.0000
301	Waveform 1	1	1450.800664062	1450.802664062	38000.000	81000.000	1.0000
301	Spectrogram 1	1	1450.800664062	1450.802664062	38000.000	81000.000	1.0000
302	Waveform 1	1	1451.364664062	1451.367330729	38000.000	81000.000	1.0000
302	Spectrogram 1	1	1451.364664062	1451.367330729	38000.000	81000.000	1.0000
303	Waveform 1	1	1451.437997396	1451.439330729	38000.000	81000.000	1.0000
303	Spectrogram 1	1	1451.437997396	1451.439330729	38000.000	81000.000	1.0000
304	Waveform 1	1	1451.518664062	1451.529330729	38000.000	81000.000	0.7500
304	Spectrogram 1	1	1451.518664062	1451.529330729	38000.000	81000.000	0.7500
305	Waveform 1	1	1451.605330729	1451.608664062	38000.000	81000.000	0.8000
305	Spectrogram 1	1	1451.605330729	1451.608664062	38000.000	81000.000	0.8000
306	Waveform 1	1	1451.683997396	1451.692664062	38000.000	81000.000	0.7692
306	Spectrogram 1	1	1451.683997396	1451.692664062	38000.000	81000.000	0.7692
307	Waveform 1	1	1451.767997396	1451.779997396	38000.000	81000.000	0.6111
307	Spectrogram 1	1	1451.767997396	1451.779997396	38000.000	81000.000	0.6111
308	Waveform 1	1	1451.856664062	1451.870664062	38000.000	81000.000	0.7619
308	Spectrogram 1	1	1451.856664062	1451.870664062	38000.000	81000.000	0.7619
309	Waveform 1	1	1451.945330729	1451.954664062	38000.000	81000.000	0.7857
309	Spectrogram 1	1	1451.945330729	1451.954664062	38000.000	81000.000	0.7857
310	Waveform 1	1	1452.032664062	1452.043330729	38000.000	81000.000	0.6250
310	Spectrogram 1	1	1452.032664062	1452.043330729	38000.000	81000.000	0.6250
311	Waveform 1	1	1452.118664062	1452.128664062	38000.000	81000.000	0.7333
311	Spectrogram 1	1	1452.118664062	1452.128664062	38000.000	81000.000	0.7333
312	Waveform 1	1	1452.205997396	1452.211330729	38000.000	81000.000	1.0000
312	Spectrogram 1	1	1452.205997396	1452.211330729	38000.000	81000.000	1.0000
313	Waveform 1	1	1452.291330729	1452.302664062	38000.000	81000.000	0.9412
313	Spectrogram 1	1	1452.291330729	1452.302664062	38000.000	81000.000	0.9412
314	Waveform 1	1	1452.385997396	1452.393330729	38000.000	81000.000	0.9091
314	Spectrogram 1	1	1452.385997396	1452.393330729	38000.000	81000.000	0.9091
315	Waveform 1	1	1452.477330729	1452.487330729	38000.000	81000.000	0.7333
315	Spectrogram 1	1	1452.477330729	1452.487330729	38000.000	81000.000	0.7333
316	Waveform 1	1	1452.557997396	1452.561997396	38000.000	81000.000	0.6667
316	Spectrogram 1	1	1452.557997396	1452.561997396	38000.000	81000.000	0.6667
317	Waveform 1	1	1452.623330729	1452.625330729	38000.000	81000.000	1.0000
317	Spectrogram 1	1	1452.623330729	1452.625330729	38000.000	81000.000	1.0000
318	Waveform 1	1	1452.684664062	1452.685997396	38000.000	81000.000	1.0000
318	Spectrogram 1	1	1452.684664062	1452.685997396	38000.000	81000.000	1.0000
319	Waveform 1	1	1452.809330729	1452.810664062	38000.000	81000.000	1.0000
319	Spectrogram 1	1	1452.809330729	1452.810664062	38000.000	81000.000	1.0000
320	Waveform 1	1	1453.450664062	1453.461997396	38000.000	81000.000	0.8824
320	Spectrogram 1	1	1453.450664062	1453.461997396	38000.000	81000.000	0.8824
321	Waveform 1	1	1453.531330729	1453.533997396	38000.000	81000.000	1.0000
321	Spectrogram 1	1	1453.531330729	1453.533997396	38000.000	81000.000	1.0000
322	Waveform 1	1	1453.617997396	1453.629330729	38000.000	81000.000	0.9412
322	Spectrogram 1	1	1453.617997396	1453.629330729	38000.000	81000.000	0.9412
323	Waveform 1	1	1453.841330729	1453.854664062	38000.000	81000.000	0.8000
323	Spectrogram 1	1	1453.841330729	1453.854664062	38000.000	81000.000	0.8000
324	Waveform 1	1	1453.921330729	1453.925997396	38000.000	81000.000	0.5714
324	Spectrogram 1	1	1453.921330729	1453.925997396	38000.000	81000.000	0.5714
325	Waveform 1	1	1454.013997396	1454.020664062	38000.000	81000.000	0.7000
325	Spectrogram 1	1	1454.013997396	1454.020664062	38000.000	81000.000	0.7000
326	Waveform 1	1	1454.192664062	1454.195997396	38000.000	81000.000	0.8000
326	Spectrogram 1	1	1454.192664062	1454.195997396	38000.000	81000.000	0.8000
327	Waveform 1	1	1454.366664062	1454.368664062	38000.000	81000.000	1.0000
327	Spectrogram 1	1	1454.366664062	1454.368664062	38000.000	81000.000	1.0000
328	Waveform 1	1	1456.893330729	1456.895330729	38000.000	81000.000	1.0000
328	Spectrogram 1	1	1456.893330729	1456.895330729	38000.000	81000.000	1.0000
329	Waveform 1	1	1457.104664062	1457.108664062	38000.000	81000.000	0.8333
329	Spectrogram 1	1	1457.104664062	1457.108664062	38000.000	81000.000	0.8333
330	Waveform 1	1	1457.270664062	1457.273330729	38000.000	81000.000	1.0000
330	Spectrogram 1	1	1457.270664062	1457.273330729	38000.000	81000.000	1.0000
331	Waveform 1	1	1457.360664062	1457.363330729	38000.000	81000.000	1.0000
331	Spectrogram 1	1	1457.360664062	1457.363330729	38000.000	81000.000	1.0000
332	Waveform 1	1	1457.451330729	1457.454664062	38000.000	81000.000	1.0000
332	Spectrogram 1	1	1457.451330729	1457.454664062	38000.000	81000.000	1.0000
333	Waveform 1	1	1457.543330729	1457.545997396	38000.000	81000.000	1.0000
333	Spectrogram 1	1	1457.543330729	1457.545997396	38000.000	81000.000	1.0000
334	Waveform 1	1	1457.640664063	1457.645330729	38000.000	81000.000	1.0000
334	Spectrogram 1	1	1457.640664063	1457.645330729	38000.000	81000.000	1.0000
335	Waveform 1	1	1457.738664062	1457.743997396	38000.000	81000.000	1.0000
335	Spectrogram 1	1	1457.738664062	1457.743997396	38000.000	81000.000	1.0000
336	Waveform 1	1	1457.832664063	1457.835997396	38000.000	81000.000	1.0000
336	Spectrogram 1	1	1457.832664063	1457.835997396	38000.000	81000.000	1.0000
337	Waveform 1	1	1457.899997396	1457.901330729	38000.000	81000.000	1.0000
337	Spectrogram 1	1	1457.899997396	1457.901330729	38000.000	81000.000	1.0000
338	Waveform 1	1	1457.945997396	1457.947330729	38000.000	81000.000	1.0000
338	Spectrogram 1	1	1457.945997396	1457.947330729	38000.000	81000.000	1.0000
339	Waveform 1	1	1458.575330729	1458.576664062	38000.000	81000.000	1.0000
339	Spectrogram 1	1	1458.575330729	1458.576664062	38000.000	81000.000	1.0000
340	Waveform 1	1	1458.667330729	1458.669330729	38000.000	81000.000	1.0000
340	Spectrogram 1	1	1458.667330729	1458.669330729	38000.000	81000.000	1.0000
341	Waveform 1	1	1458.743330729	1458.755330729	38000.000	81000.000	0.8889
341	Spectrogram 1	1	1458.743330729	1458.755330729	38000.000	81000.000	0.8889
342	Waveform 1	1	1458.819330729	1458.833330729	38000.000	81000.000	0.7619
342	Spectrogram 1	1	1458.819330729	1458.833330729	38000.000	81000.000	0.7619
343	Waveform 1	1	1458.900664063	1458.911997396	38000.000	81000.000	0.8824
343	Spectrogram 1	1	1458.900664063	1458.911997396	38000.000	81000.000	0.8824
344	Waveform 1	1	1458.991330729	1459.005997396	38000.000	81000.000	0.6364
344	Spectrogram 1	1	1458.991330729	1459.005997396	38000.000	81000.000	0.6364
345	Waveform 1	1	1459.123997396	1459.135997396	38000.000	81000.000	0.9444
345	Spectrogram 1	1	1459.123997396	1459.135997396	38000.000	81000.000	0.9444
346	Waveform 1	1	1459.213330729	1459.229330729	38000.000	81000.000	0.8750
346	Spectrogram 1	1	1459.213330729	1459.229330729	38000.000	81000.000	0.8750
347	Waveform 1	1	1459.303330729	1459.310664062	38000.000	81000.000	0.8182
347	Spectrogram 1	1	1459.303330729	1459.310664062	38000.000	81000.000	0.8182
348	Waveform 1	1	1459.390664063	1459.393997396	38000.000	81000.000	1.0000
348	Spectrogram 1	1	1459.390664063	1459.393997396	38000.000	81000.000	1.0000
349	Waveform 1	1	1459.472664062	1459.479330729	38000.000	81000.000	0.5000
349	Spectrogram 1	1	1459.472664062	1459.479330729	38000.000	81000.000	0.5000
350	Waveform 1	1	1459.564664063	1459.568664062	38000.000	81000.000	0.8333
350	Spectrogram 1	1	1459.564664063	1459.568664062	38000.000	81000.000	0.8333
351	Waveform 1	1	1459.653330729	1459.663997396	38000.000	81000.000	0.8750
351	Spectrogram 1	1	1459.653330729	1459.663997396	38000.000	81000.000	0.8750
352	Waveform 1	1	1459.743997396	1459.745997396	38000.000	81000.000	1.0000
352	Spectrogram 1	1	1459.743997396	1459.745997396	38000.000	81000.000	1.0000
353	Waveform 1	1	1459.819330729	1459.831330729	38000.000	81000.000	0.9444
353	Spectrogram 1	1	1459.819330729	1459.831330729	38000.000	81000.000	0.9444
354	Waveform 1	1	1459.917330729	1459.919330729	38000.000	81000.000	1.0000
354	Spectrogram 1	1	1459.917330729	1459.919330729	38000.000	81000.000	1.0000
355	Waveform 1	1	1460.007330729	1460.016664063	38000.000	81000.000	0.5714
355	Spectrogram 1	1	1460.007330729	1460.016664063	38000.000	81000.000	0.5714
356	Waveform 1	1	1460.093997396	1460.095330729	38000.000	81000.000	1.0000
356	Spectrogram 1	1	1460.093997396	1460.095330729	38000.000	81000.000	1.0000
357	Waveform 1	1	1460.261997396	1460.263330729	38000.000	81000.000	1.0000
357	Spectrogram 1	1	1460.261997396	1460.263330729	38000.000	81000.000	1.0000
