Selection	View	Channel	Begin Time (s)	End Time (s)	Low Freq (Hz)	High Freq (Hz)	Occupancy
1	Waveform 1	1	181.051997396	181.059330729	38000.000	81000.000	0.3636
1	Spectrogram 1	1	181.051997396	181.059330729	38000.000	81000.000	0.3636
2	Waveform 1	1	181.111997396	181.115330729	38000.000	81000.000	0.4000
2	Spectrogram 1	1	181.111997396	181.115330729	38000.000	81000.000	0.4000
3	Waveform 1	1	181.226664062	181.237330729	38000.000	81000.000	0.5625
3	Spectrogram 1	1	181.226664062	181.237330729	38000.000	81000.000	0.5625
4	Waveform 1	1	181.362664062	181.364664062	38000.000	81000.000	0.6667
4	Spectrogram 1	1	181.362664062	181.364664062	38000.000	81000.000	0.6667
5	Waveform 1	1	181.431997396	181.437997396	38000.000	81000.000	0.3333
5	Spectrogram 1	1	181.431997396	181.437997396	38000.000	81000.000	0.3333
6	Waveform 1	1	181.628664062	181.634664062	38000.000	81000.000	0.3333
6	Spectrogram 1	1	181.628664062	181.634664062	38000.000	81000.000	0.3333
7	Waveform 1	1	181.707997396	181.721330729	38000.000	81000.000	0.6000
7	Spectrogram 1	1	181.707997396	181.721330729	38000.000	81000.000	0.6000
8	Waveform 1	1	181.759330729	181.765330729	38000.000	81000.000	0.3333
8	Spectrogram 1	1	181.759330729	181.765330729	38000.000	81000.000	0.3333
9	Waveform 1	1	181.824664063	181.839997396	38000.000	81000.000	0.5217
9	Spectrogram 1	1	181.824664063	181.839997396	38000.000	81000.000	0.5217
10	Waveform 1	1	181.873330729	181.887330729	38000.000	81000.000	0.4286
10	Spectrogram 1	1	181.873330729	181.887330729	38000.000	81000.000	0.4286
11	Waveform 1	1	181.993330729	182.013330729	38000.000	81000.000	0.7667
11	Spectrogram 1	1	181.993330729	182.013330729	38000.000	81000.000	0.7667
12	Waveform 1	1	182.043997396	182.056664063	38000.000	81000.000	0.8947
12	Spectrogram 1	1	182.043997396	182.056664063	38000.000	81000.000	0.8947
13	Waveform 1	1	182.095330729	182.113330729	38000.000	81000.000	0.6667
13	Spectrogram 1	1	182.095330729	182.113330729	38000.000	81000.000	0.6667
14	Waveform 1	1	182.179997396	182.192664063	38000.000	81000.000	0.3158
14	Spectrogram 1	1	182.179997396	182.192664063	38000.000	81000.000	0.3158
15	Waveform 1	1	182.277330729	182.297997396	38000.000	81000.000	0.6129
15	Spectrogram 1	1	182.277330729	182.297997396	38000.000	81000.000	0.6129
16	Waveform 1	1	182.404664062	182.421330729	38000.000	81000.000	0.3600
16	Spectrogram 1	1	182.404664062	182.421330729	38000.000	81000.000	0.3600
17	Waveform 1	1	182.490664063	182.506664062	38000.000	81000.000	0.3750
17	Spectrogram 1	1	182.490664063	182.506664062	38000.000	81000.000	0.3750
18	Waveform 1	1	182.687997396	182.697330729	38000.000	81000.000	0.2143
18	Spectrogram 1	1	182.687997396	182.697330729	38000.000	81000.000	0.2143
19	Waveform 1	1	182.790664062	182.811330729	38000.000	81000.000	0.2903
19	Spectrogram 1	1	182.790664062	182.811330729	38000.000	81000.000	0.2903
20	Waveform 1	1	182.893330729	182.906664062	38000.000	81000.000	0.3500
20	Spectrogram 1	1	182.893330729	182.906664062	38000.000	81000.000	0.3500
21	Waveform 1	1	182.991997396	182.994664062	38000.000	81000.000	1.0000
21	Spectrogram 1	1	182.991997396	182.994664062	38000.000	81000.000	1.0000
22	Waveform 1	1	183.104664063	183.107330729	38000.000	81000.000	1.0000
22	Spectrogram 1	1	183.104664063	183.107330729	38000.000	81000.000	1.0000
23	Waveform 1	1	183.205330729	183.206664062	38000.000	81000.000	1.0000
23	Spectrogram 1	1	183.205330729	183.206664062	38000.000	81000.000	1.0000
24	Waveform 1	1	183.229330729	183.238664062	38000.000	81000.000	0.4286
24	Spectrogram 1	1	183.229330729	183.238664062	38000.000	81000.000	0.4286
25	Waveform 1	1	183.398664062	183.400664062	38000.000	81000.000	1.0000
25	Spectrogram 1	1	183.398664062	183.400664062	38000.000	81000.000	1.0000
26	Waveform 1	1	183.425997396	183.432664062	38000.000	81000.000	0.2000
26	Spectrogram 1	1	183.425997396	183.432664062	38000.000	81000.000	0.2000
27	Waveform 1	1	183.507330729	183.509997396	38000.000	81000.000	1.0000
27	Spectrogram 1	1	183.507330729	183.509997396	38000.000	81000.000	1.0000
28	Waveform 1	1	183.693330729	183.695330729	38000.000	81000.000	1.0000
28	Spectrogram 1	1	183.693330729	183.695330729	38000.000	81000.000	1.0000
29	Waveform 1	1	183.985330729	183.987997396	38000.000	81000.000	1.0000
29	Spectrogram 1	1	183.985330729	183.987997396	38000.000	81000.000	1.0000
30	Waveform 1	1	184.386664062	184.388664062	38000.000	81000.000	1.0000
30	Spectrogram 1	1	184.386664062	184.388664062	38000.000	81000.000	1.0000
31	Waveform 1	1	184.648664062	184.649997396	38000.000	81000.000	1.0000
31	Spectrogram 1	1	184.648664062	184.649997396	38000.000	81000.000	1.0000
32	Waveform 1	1	184.899330729	184.901330729	38000.000	81000.000	1.0000
32	Spectrogram 1	1	184.899330729	184.901330729	38000.000	81000.000	1.0000
33	Waveform 1	1	185.409330729	185.411330729	38000.000	81000.000	1.0000
33	Spectrogram 1	1	185.409330729	185.411330729	38000.000	81000.000	1.0000
34	Waveform 1	1	186.487330729	186.491330729	38000.000	81000.000	0.5000
34	Spectrogram 1	1	186.487330729	186.491330729	38000.000	81000.000	0.5000
35	Waveform 1	1	186.773330729	186.774664062	38000.000	81000.000	1.0000
35	Spectrogram 1	1	186.773330729	186.774664062	38000.000	81000.000	1.0000
36	Waveform 1	1	186.870664062	186.871997396	38000.000	81000.000	1.0000
36	Spectrogram 1	1	186.870664062	186.871997396	38000.000	81000.000	1.0000
37	Waveform 1	1	355.097330729	355.099330729	38000.000	81000.000	1.0000
37	Spectrogram 1	1	355.097330729	355.099330729	38000.000	81000.000	1.0000
38	Waveform 1	1	355.283330729	355.285330729	38000.000	81000.000	0.6667
38	Spectrogram 1	1	355.283330729	355.285330729	38000.000	81000.000	0.6667
39	Waveform 1	1	355.384664063	355.394664062	38000.000	81000.000	0.8000
39	Spectrogram 1	1	355.384664063	355.394664062	38000.000	81000.000	0.8000
40	Waveform 1	1	355.481997396	355.489997396	38000.000	81000.000	0.2500
40	Spectrogram 1	1	355.481997396	355.489997396	38000.000	81000.000	0.2500
41	Waveform 1	1	355.759330729	355.767997396	38000.000	81000.000	0.6923
41	Spectrogram 1	1	355.759330729	355.767997396	38000.000	81000.000	0.6923
42	Waveform 1	1	355.857997396	355.859330729	38000.000	81000.000	1.0000
42	Spectrogram 1	1	355.857997396	355.859330729	38000.000	81000.000	1.0000
43	Waveform 1	1	355.957330729	355.965330729	38000.000	81000.000	0.2500
43	Spectrogram 1	1	355.957330729	355.965330729	38000.000	81000.000	0.2500
44	Waveform 1	1	356.246664062	356.261330729	38000.000	81000.000	0.2273
44	Spectrogram 1	1	356.246664062	356.261330729	38000.000	81000.000	0.2273
45	Waveform 1	1	356.637997396	356.639330729	38000.000	81000.000	1.0000
45	Spectrogram 1	1	356.637997396	356.639330729	38000.000	81000.000	1.0000
46	Waveform 1	1	356.838664063	356.839997396	38000.000	81000.000	1.0000
46	Spectrogram 1	1	356.838664063	356.839997396	38000.000	81000.000	1.0000
47	Waveform 1	1	356.936664062	356.943330729	38000.000	81000.000	0.4000
47	Spectrogram 1	1	356.936664062	356.943330729	38000.000	81000.000	0.4000
48	Waveform 1	1	357.765997396	357.773997396	38000.000	81000.000	0.2500
48	Spectrogram 1	1	357.765997396	357.773997396	38000.000	81000.000	0.2500
49	Waveform 1	1	358.039997396	358.041330729	38000.000	81000.000	1.0000
49	Spectrogram 1	1	358.039997396	358.041330729	38000.000	81000.000	1.0000
50	Waveform 1	1	358.135997396	358.149997396	38000.000	81000.000	0.2381
50	Spectrogram 1	1	358.135997396	358.149997396	38000.000	81000.000	0.2381
51	Waveform 1	1	358.315997396	358.317997396	38000.000	81000.000	1.0000
51	Spectrogram 1	1	358.315997396	358.317997396	38000.000	81000.000	1.0000
52	Waveform 1	1	358.590664062	358.591997396	38000.000	81000.000	1.0000
52	Spectrogram 1	1	358.590664062	358.591997396	38000.000	81000.000	1.0000
53	Waveform 1	1	396.089997396	396.091330729	38000.000	81000.000	1.0000
53	Spectrogram 1	1	396.089997396	396.091330729	38000.000	81000.000	1.0000
54	Waveform 1	1	396.451330729	396.453330729	38000.000	81000.000	1.0000
54	Spectrogram 1	1	396.451330729	396.453330729	38000.000	81000.000	1.0000
55	Waveform 1	1	396.545330729	396.546664062	38000.000	81000.000	1.0000
55	Spectrogram 1	1	396.545330729	396.546664062	38000.000	81000.000	1.0000
56	Waveform 1	1	398.269330729	398.270664062	38000.000	81000.000	1.0000
56	Spectrogram 1	1	398.269330729	398.270664062	38000.000	81000.000	1.0000
57	Waveform 1	1	398.470664063	398.471997396	38000.000	81000.000	1.0000
57	Spectrogram 1	1	398.470664063	398.471997396	38000.000	81000.000	1.0000
58	Waveform 1	1	432.247330729	432.248664062	38000.000	81000.000	1.0000
58	Spectrogram 1	1	432.247330729	432.248664062	38000.000	81000.000	1.0000
