Selection	View	Channel	Begin Time (s)	End Time (s)	Low Freq (Hz)	High Freq (Hz)	Occupancy
1	Waveform 1	1	0.727997396	0.809997396	22000.000	38000.000	0.3659
1	Spectrogram 1	1	0.727997396	0.809997396	22000.000	38000.000	0.3659
2	Waveform 1	1	1.725330729	1.783997396	22000.000	38000.000	0.4545
2	Spectrogram 1	1	1.725330729	1.783997396	22000.000	38000.000	0.4545
3	Waveform 1	1	3.264664062	3.323997396	22000.000	38000.000	0.0899
3	Spectrogram 1	1	3.264664062	3.323997396	22000.000	38000.000	0.0899
4	Waveform 1	1	7.084664062	7.173997396	22000.000	38000.000	0.2090
4	Spectrogram 1	1	7.084664062	7.173997396	22000.000	38000.000	0.2090
5	Waveform 1	1	8.491330729	8.501997396	22000.000	38000.000	0.1250
5	Spectrogram 1	1	8.491330729	8.501997396	22000.000	38000.000	0.1250
6	Waveform 1	1	14.793330729	14.870664062	22000.000	38000.000	0.1379
6	Spectrogram 1	1	14.793330729	14.870664062	22000.000	38000.000	0.1379
7	Waveform 1	1	20.849997396	20.911997396	22000.000	38000.000	0.5376
7	Spectrogram 1	1	20.849997396	20.911997396	22000.000	38000.000	0.5376
8	Waveform 1	1	22.239997396	22.335330729	22000.000	38000.000	0.5035
8	Spectrogram 1	1	22.239997396	22.335330729	22000.000	38000.000	0.5035
9	Waveform 1	1	24.268664063	24.301330729	22000.000	38000.000	0.0816
9	Spectrogram 1	1	24.268664063	24.301330729	22000.000	38000.000	0.0816
10	Waveform 1	1	25.729997396	25.825997396	22000.000	38000.000	0.4028
10	Spectrogram 1	1	25.729997396	25.825997396	22000.000	38000.000	0.4028
11	Waveform 1	1	29.005997396	29.023330729	22000.000	38000.000	0.0769
11	Spectrogram 1	1	29.005997396	29.023330729	22000.000	38000.000	0.0769
12	Waveform 1	1	32.455330729	32.488664062	22000.000	38000.000	0.1600
12	Spectrogram 1	1	32.455330729	32.488664062	22000.000	38000.000	0.1600
13	Waveform 1	1	35.079330729	35.085997396	22000.000	38000.000	0.2000
13	Spectrogram 1	1	35.079330729	35.085997396	22000.000	38000.000	0.2000
14	Waveform 1	1	35.548664063	35.605330729	22000.000	38000.000	0.1765
14	Spectrogram 1	1	35.548664063	35.605330729	22000.000	38000.000	0.1765
15	Waveform 1	1	37.153330729	37.203997396	22000.000	38000.000	0.1447
15	Spectrogram 1	1	37.153330729	37.203997396	22000.000	38000.000	0.1447
16	Waveform 1	1	37.805330729	37.841330729	22000.000	38000.000	0.3148
16	Spectrogram 1	1	37.805330729	37.841330729	22000.000	38000.000	0.3148
17	Waveform 1	1	38.791330729	38.792664063	22000.000	38000.000	1.0000
17	Spectrogram 1	1	38.791330729	38.792664063	22000.000	38000.000	1.0000
18	Waveform 1	1	39.345997396	39.409997396	22000.000	38000.000	0.5104
18	Spectrogram 1	1	39.345997396	39.409997396	22000.000	38000.000	0.5104
19	Waveform 1	1	41.299997396	41.333330729	22000.000	38000.000	0.2600
19	Spectrogram 1	1	41.299997396	41.333330729	22000.000	38000.000	0.2600
20	Waveform 1	1	42.486664062	42.560664063	22000.000	38000.000	0.4234
20	Spectrogram 1	1	42.486664062	42.560664063	22000.000	38000.000	0.4234
21	Waveform 1	1	42.807997396	42.813330729	22000.000	38000.000	0.5000
21	Spectrogram 1	1	42.807997396	42.813330729	22000.000	38000.000	0.5000
22	Waveform 1	1	43.475330729	43.540664062	22000.000	38000.000	0.3878
22	Spectrogram 1	1	43.475330729	43.540664062	22000.000	38000.000	0.3878
23	Waveform 1	1	60.473997396	60.542664063	22000.000	38000.000	0.6408
23	Spectrogram 1	1	60.473997396	60.542664063	22000.000	38000.000	0.6408
24	Waveform 1	1	62.821330729	62.865997396	22000.000	38000.000	0.3284
24	Spectrogram 1	1	62.821330729	62.865997396	22000.000	38000.000	0.3284
25	Waveform 1	1	64.554664062	64.661997396	22000.000	38000.000	0.3851
25	Spectrogram 1	1	64.554664062	64.661997396	22000.000	38000.000	0.3851
26	Waveform 1	1	64.927330729	64.928664062	22000.000	38000.000	1.0000
26	Spectrogram 1	1	64.927330729	64.928664062	22000.000	38000.000	1.0000
27	Waveform 1	1	70.383330729	70.395997396	22000.000	38000.000	0.1579
27	Spectrogram 1	1	70.383330729	70.395997396	22000.000	38000.000	0.1579
28	Waveform 1	1	76.293997396	76.363330729	22000.000	38000.000	0.2115
28	Spectrogram 1	1	76.293997396	76.363330729	22000.000	38000.000	0.2115
29	Waveform 1	1	77.699330729	77.701997396	22000.000	38000.000	0.5000
29	Spectrogram 1	1	77.699330729	77.701997396	22000.000	38000.000	0.5000
30	Waveform 1	1	78.947330729	79.026664062	22000.000	38000.000	0.5126
30	Spectrogram 1	1	78.947330729	79.026664062	22000.000	38000.000	0.5126
31	Waveform 1	1	85.117997396	85.169997396	22000.000	38000.000	0.1923
31	Spectrogram 1	1	85.117997396	85.169997396	22000.000	38000.000	0.1923
32	Waveform 1	1	85.878664062	85.896664062	22000.000	38000.000	0.1481
32	Spectrogram 1	1	85.878664062	85.896664062	22000.000	38000.000	0.1481
33	Waveform 1	1	87.769997396	87.805997396	22000.000	38000.000	0.1667
33	Spectrogram 1	1	87.769997396	87.805997396	22000.000	38000.000	0.1667
34	Waveform 1	1	95.421330729	95.508664062	22000.000	38000.000	0.2214
34	Spectrogram 1	1	95.421330729	95.508664062	22000.000	38000.000	0.2214
35	Waveform 1	1	97.898664062	97.899997396	22000.000	38000.000	1.0000
35	Spectrogram 1	1	97.898664062	97.899997396	22000.000	38000.000	1.0000
36	Waveform 1	1	97.968664062	97.974664062	22000.000	38000.000	0.3333
36	Spectrogram 1	1	97.968664062	97.974664062	22000.000	38000.000	0.3333
37	Waveform 1	1	98.133997396	98.139330729	22000.000	38000.000	0.6250
37	Spectrogram 1	1	98.133997396	98.139330729	22000.000	38000.000	0.6250
38	Waveform 1	1	99.991997396	100.061330729	22000.000	38000.000	0.5000
38	Spectrogram 1	1	99.991997396	100.061330729	22000.000	38000.000	0.5000
39	Waveform 1	1	100.256664062	100.257997396	22000.000	38000.000	1.0000
39	Spectrogram 1	1	100.256664062	100.257997396	22000.000	38000.000	1.0000
40	Waveform 1	1	101.027330729	101.072664062	22000.000	38000.000	0.4265
40	Spectrogram 1	1	101.027330729	101.072664062	22000.000	38000.000	0.4265
41	Waveform 1	1	102.552664062	102.600664062	22000.000	38000.000	0.4444
41	Spectrogram 1	1	102.552664062	102.600664062	22000.000	38000.000	0.4444
42	Waveform 1	1	106.583330729	106.589330729	22000.000	38000.000	0.2222
42	Spectrogram 1	1	106.583330729	106.589330729	22000.000	38000.000	0.2222
43	Waveform 1	1	110.335997396	110.426664062	22000.000	38000.000	0.3015
43	Spectrogram 1	1	110.335997396	110.426664062	22000.000	38000.000	0.3015
44	Waveform 1	1	111.723997396	111.787330729	22000.000	38000.000	0.2000
44	Spectrogram 1	1	111.723997396	111.787330729	22000.000	38000.000	0.2000
45	Waveform 1	1	113.090664062	113.170664062	22000.000	38000.000	0.4917
45	Spectrogram 1	1	113.090664062	113.170664062	22000.000	38000.000	0.4917
46	Waveform 1	1	114.027997396	114.113330729	22000.000	38000.000	0.3047
46	Spectrogram 1	1	114.027997396	114.113330729	22000.000	38000.000	0.3047
47	Waveform 1	1	115.687997396	115.701330729	22000.000	38000.000	0.1000
47	Spectrogram 1	1	115.687997396	115.701330729	22000.000	38000.000	0.1000
48	Waveform 1	1	120.328664062	120.375997396	22000.000	38000.000	0.1127
48	Spectrogram 1	1	120.328664062	120.375997396	22000.000	38000.000	0.1127
49	Waveform 1	1	120.767330729	120.806664062	22000.000	38000.000	0.1017
49	Spectrogram 1	1	120.767330729	120.806664062	22000.000	38000.000	0.1017
50	Waveform 1	1	123.332664062	123.402664062	22000.000	38000.000	0.1238
50	Spectrogram 1	1	123.332664062	123.402664062	22000.000	38000.000	0.1238
51	Waveform 1	1	123.645330729	123.685330729	22000.000	38000.000	0.2167
51	Spectrogram 1	1	123.645330729	123.685330729	22000.000	38000.000	0.2167
52	Waveform 1	1	124.627330729	124.723997396	22000.000	38000.000	0.4759
52	Spectrogram 1	1	124.627330729	124.723997396	22000.000	38000.000	0.4759
53	Waveform 1	1	127.752664062	127.841997396	22000.000	38000.000	0.4776
53	Spectrogram 1	1	127.752664062	127.841997396	22000.000	38000.000	0.4776
54	Waveform 1	1	128.536664062	128.607997396	22000.000	38000.000	0.5607
54	Spectrogram 1	1	128.536664062	128.607997396	22000.000	38000.000	0.5607
55	Waveform 1	1	129.911330729	129.930664062	22000.000	38000.000	0.1034
55	Spectrogram 1	1	129.911330729	129.930664062	22000.000	38000.000	0.1034
56	Waveform 1	1	134.127997396	134.153997396	22000.000	38000.000	0.0769
56	Spectrogram 1	1	134.127997396	134.153997396	22000.000	38000.000	0.0769
57	Waveform 1	1	134.818664063	134.926664062	22000.000	38000.000	0.0802
57	Spectrogram 1	1	134.818664063	134.926664062	22000.000	38000.000	0.0802
58	Waveform 1	1	137.939997396	138.021330729	22000.000	38000.000	0.1230
58	Spectrogram 1	1	137.939997396	138.021330729	22000.000	38000.000	0.1230
59	Waveform 1	1	138.852664062	138.946664062	22000.000	38000.000	0.1206
59	Spectrogram 1	1	138.852664062	138.946664062	22000.000	38000.000	0.1206
60	Waveform 1	1	144.500664062	144.575997396	22000.000	38000.000	0.0796
60	Spectrogram 1	1	144.500664062	144.575997396	22000.000	38000.000	0.0796
61	Waveform 1	1	145.249330729	145.311997396	22000.000	38000.000	0.2340
61	Spectrogram 1	1	145.249330729	145.311997396	22000.000	38000.000	0.2340
62	Waveform 1	1	147.465997396	147.516664062	22000.000	38000.000	0.2105
62	Spectrogram 1	1	147.465997396	147.516664062	22000.000	38000.000	0.2105
63	Waveform 1	1	149.688664062	149.753330729	22000.000	38000.000	0.0825
63	Spectrogram 1	1	149.688664062	149.753330729	22000.000	38000.000	0.0825
64	Waveform 1	1	150.553330729	150.597997396	22000.000	38000.000	0.5672
64	Spectrogram 1	1	150.553330729	150.597997396	22000.000	38000.000	0.5672
65	Waveform 1	1	151.529330729	151.624664062	22000.000	38000.000	0.1399
65	Spectrogram 1	1	151.529330729	151.624664062	22000.000	38000.000	0.1399
66	Waveform 1	1	152.951330729	153.013997396	22000.000	38000.000	0.1915
66	Spectrogram 1	1	152.951330729	153.013997396	22000.000	38000.000	0.1915
67	Waveform 1	1	155.271997396	155.365997396	22000.000	38000.000	0.2908
67	Spectrogram 1	1	155.271997396	155.365997396	22000.000	38000.000	0.2908
68	Waveform 1	1	156.295330729	156.339330729	22000.000	38000.000	0.0909
68	Spectrogram 1	1	156.295330729	156.339330729	22000.000	38000.000	0.0909
69	Waveform 1	1	160.739330729	160.807997396	22000.000	38000.000	0.1845
69	Spectrogram 1	1	160.739330729	160.807997396	22000.000	38000.000	0.1845
70	Waveform 1	1	161.330664063	161.400664062	22000.000	38000.000	0.3905
70	Spectrogram 1	1	161.330664063	161.400664062	22000.000	38000.000	0.3905
71	Waveform 1	1	163.293330729	163.336664063	22000.000	38000.000	0.5538
71	Spectrogram 1	1	163.293330729	163.336664063	22000.000	38000.000	0.5538
72	Waveform 1	1	165.968664062	166.023330729	22000.000	38000.000	0.1463
72	Spectrogram 1	1	165.968664062	166.023330729	22000.000	38000.000	0.1463
73	Waveform 1	1	172.035330729	172.107997396	22000.000	38000.000	0.2661
73	Spectrogram 1	1	172.035330729	172.107997396	22000.000	38000.000	0.2661
74	Waveform 1	1	173.043330729	173.122664063	22000.000	38000.000	0.3697
74	Spectrogram 1	1	173.043330729	173.122664063	22000.000	38000.000	0.3697
75	Waveform 1	1	174.461997396	174.545330729	22000.000	38000.000	0.5040
75	Spectrogram 1	1	174.461997396	174.545330729	22000.000	38000.000	0.5040
76	Waveform 1	1	175.086664063	175.171330729	22000.000	38000.000	0.4409
76	Spectrogram 1	1	175.086664063	175.171330729	22000.000	38000.000	0.4409
77	Waveform 1	1	179.651997396	179.756664062	22000.000	38000.000	0.1210
77	Spectrogram 1	1	179.651997396	179.756664062	22000.000	38000.000	0.1210
78	Waveform 1	1	180.607330729	180.662664062	22000.000	38000.000	0.0843
78	Spectrogram 1	1	180.607330729	180.662664062	22000.000	38000.000	0.0843
79	Waveform 1	1	180.921997396	180.945997396	22000.000	38000.000	0.5833
79	Spectrogram 1	1	180.921997396	180.945997396	22000.000	38000.000	0.5833
80	Waveform 1	1	182.875997396	182.937997396	22000.000	38000.000	0.3118
80	Spectrogram 1	1	182.875997396	182.937997396	22000.000	38000.000	0.3118
81	Waveform 1	1	183.629330729	183.723330729	22000.000	38000.000	0.1348
81	Spectrogram 1	1	183.629330729	183.723330729	22000.000	38000.000	0.1348
82	Waveform 1	1	184.689330729	184.788664063	22000.000	38000.000	0.1812
82	Spectrogram 1	1	184.689330729	184.788664063	22000.000	38000.000	0.1812
83	Waveform 1	1	185.555997396	185.621330729	22000.000	38000.000	0.5000
83	Spectrogram 1	1	185.555997396	185.621330729	22000.000	38000.000	0.5000
84	Waveform 1	1	186.881330729	186.937330729	22000.000	38000.000	0.0833
84	Spectrogram 1	1	186.881330729	186.937330729	22000.000	38000.000	0.0833
85	Waveform 1	1	187.420664062	187.463330729	22000.000	38000.000	0.2031
85	Spectrogram 1	1	187.420664062	187.463330729	22000.000	38000.000	0.2031
86	Waveform 1	1	188.358664062	188.438664062	22000.000	38000.000	0.4750
86	Spectrogram 1	1	188.358664062	188.438664062	22000.000	38000.000	0.4750
87	Waveform 1	1	190.677997396	190.728664063	22000.000	38000.000	0.3421
87	Spectrogram 1	1	190.677997396	190.728664063	22000.000	38000.000	0.3421
88	Waveform 1	1	193.491997396	193.559997396	22000.000	38000.000	0.3431
88	Spectrogram 1	1	193.491997396	193.559997396	22000.000	38000.000	0.3431
89	Waveform 1	1	196.189330729	196.229997396	22000.000	38000.000	0.1639
89	Spectrogram 1	1	196.189330729	196.229997396	22000.000	38000.000	0.1639
90	Waveform 1	1	199.355997396	199.399330729	22000.000	38000.000	0.1231
90	Spectrogram 1	1	199.355997396	199.399330729	22000.000	38000.000	0.1231
91	Waveform 1	1	200.114664062	200.127330729	22000.000	38000.000	0.1053
91	Spectrogram 1	1	200.114664062	200.127330729	22000.000	38000.000	0.1053
92	Waveform 1	1	203.503997396	203.565330729	22000.000	38000.000	0.0978
92	Spectrogram 1	1	203.503997396	203.565330729	22000.000	38000.000	0.0978
93	Waveform 1	1	204.727330729	204.751997396	22000.000	38000.000	0.1081
93	Spectrogram 1	1	204.727330729	204.751997396	22000.000	38000.000	0.1081
94	Waveform 1	1	207.474664062	207.529330729	22000.000	38000.000	0.2927
94	Spectrogram 1	1	207.474664062	207.529330729	22000.000	38000.000	0.2927
95	Waveform 1	1	210.547330729	210.627330729	22000.000	38000.000	0.2000
95	Spectrogram 1	1	210.547330729	210.627330729	22000.000	38000.000	0.2000
96	Waveform 1	1	212.635997396	212.691997396	22000.000	38000.000	0.3690
96	Spectrogram 1	1	212.635997396	212.691997396	22000.000	38000.000	0.3690
97	Waveform 1	1	213.569330729	213.597997396	22000.000	38000.000	0.1628
97	Spectrogram 1	1	213.569330729	213.597997396	22000.000	38000.000	0.1628
98	Waveform 1	1	220.649330729	220.741997396	22000.000	38000.000	0.1871
98	Spectrogram 1	1	220.649330729	220.741997396	22000.000	38000.000	0.1871
99	Waveform 1	1	221.451997396	221.511997396	22000.000	38000.000	0.3889
99	Spectrogram 1	1	221.451997396	221.511997396	22000.000	38000.000	0.3889
100	Waveform 1	1	223.898664062	223.971330729	22000.000	38000.000	0.3211
100	Spectrogram 1	1	223.898664062	223.971330729	22000.000	38000.000	0.3211
101	Waveform 1	1	224.870664062	224.939997396	22000.000	38000.000	0.4712
101	Spectrogram 1	1	224.870664062	224.939997396	22000.000	38000.000	0.4712
102	Waveform 1	1	228.091330729	228.156664062	22000.000	38000.000	0.3776
102	Spectrogram 1	1	228.091330729	228.156664062	22000.000	38000.000	0.3776
103	Waveform 1	1	230.801330729	230.879330729	22000.000	38000.000	0.4530
103	Spectrogram 1	1	230.801330729	230.879330729	22000.000	38000.000	0.4530
104	Waveform 1	1	238.089997396	238.139330729	22000.000	38000.000	0.3514
104	Spectrogram 1	1	238.089997396	238.139330729	22000.000	38000.000	0.3514
105	Waveform 1	1	240.392664062	240.393997396	22000.000	38000.000	1.0000
105	Spectrogram 1	1	240.392664062	240.393997396	22000.000	38000.000	1.0000
106	Waveform 1	1	249.764664063	249.825997396	22000.000	38000.000	0.4783
106	Spectrogram 1	1	249.764664063	249.825997396	22000.000	38000.000	0.4783
107	Waveform 1	1	250.617330729	250.665997396	22000.000	38000.000	0.2055
107	Spectrogram 1	1	250.617330729	250.665997396	22000.000	38000.000	0.2055
108	Waveform 1	1	252.751330729	252.765997396	22000.000	38000.000	0.0909
108	Spectrogram 1	1	252.751330729	252.765997396	22000.000	38000.000	0.0909
109	Waveform 1	1	255.112664062	255.191997396	22000.000	38000.000	0.0924
109	Spectrogram 1	1	255.112664062	255.191997396	22000.000	38000.000	0.0924
110	Waveform 1	1	265.292664062	265.321330729	22000.000	38000.000	0.4186
110	Spectrogram 1	1	265.292664062	265.321330729	22000.000	38000.000	0.4186
111	Waveform 1	1	266.729997396	266.779997396	22000.000	38000.000	0.4133
111	Spectrogram 1	1	266.729997396	266.779997396	22000.000	38000.000	0.4133
112	Waveform 1	1	267.077997396	267.079330729	22000.000	38000.000	1.0000
112	Spectrogram 1	1	267.077997396	267.079330729	22000.000	38000.000	1.0000
113	Waveform 1	1	267.151997396	267.153330729	22000.000	38000.000	1.0000
113	Spectrogram 1	1	267.151997396	267.153330729	22000.000	38000.000	1.0000
114	Waveform 1	1	270.118664062	270.214664062	22000.000	38000.000	0.3819
114	Spectrogram 1	1	270.118664062	270.214664062	22000.000	38000.000	0.3819
115	Waveform 1	1	271.041997396	271.127330729	22000.000	38000.000	0.4297
115	Spectrogram 1	1	271.041997396	271.127330729	22000.000	38000.000	0.4297
116	Waveform 1	1	275.899330729	275.943330729	22000.000	38000.000	0.1515
116	Spectrogram 1	1	275.899330729	275.943330729	22000.000	38000.000	0.1515
117	Waveform 1	1	277.979330729	277.991997396	22000.000	38000.000	0.1579
117	Spectrogram 1	1	277.979330729	277.991997396	22000.000	38000.000	0.1579
118	Waveform 1	1	281.333997396	281.413997396	22000.000	38000.000	0.3250
118	Spectrogram 1	1	281.333997396	281.413997396	22000.000	38000.000	0.3250
119	Waveform 1	1	283.697997396	283.771330729	22000.000	38000.000	0.3727
119	Spectrogram 1	1	283.697997396	283.771330729	22000.000	38000.000	0.3727
120	Waveform 1	1	291.295330729	291.301330729	22000.000	38000.000	0.2222
120	Spectrogram 1	1	291.295330729	291.301330729	22000.000	38000.000	0.2222
121	Waveform 1	1	296.070664062	296.148664063	22000.000	38000.000	0.1111
121	Spectrogram 1	1	296.070664062	296.148664063	22000.000	38000.000	0.1111
122	Waveform 1	1	301.233997396	301.276664063	22000.000	38000.000	0.2344
122	Spectrogram 1	1	301.233997396	301.276664063	22000.000	38000.000	0.2344
123	Waveform 1	1	306.495997396	306.567330729	22000.000	38000.000	0.0935
123	Spectrogram 1	1	306.495997396	306.567330729	22000.000	38000.000	0.0935
124	Waveform 1	1	310.279330729	310.312664063	22000.000	38000.000	0.1400
124	Spectrogram 1	1	310.279330729	310.312664063	22000.000	38000.000	0.1400
125	Waveform 1	1	311.835997396	311.871997396	22000.000	38000.000	0.3148
125	Spectrogram 1	1	311.835997396	311.871997396	22000.000	38000.000	0.3148
126	Waveform 1	1	315.251330729	315.336664063	22000.000	38000.000	0.4062
126	Spectrogram 1	1	315.251330729	315.336664063	22000.000	38000.000	0.4062
127	Waveform 1	1	316.301330729	316.331330729	22000.000	38000.000	0.0889
127	Spectrogram 1	1	316.301330729	316.331330729	22000.000	38000.000	0.0889
128	Waveform 1	1	318.966664063	319.007997396	22000.000	38000.000	0.3226
128	Spectrogram 1	1	318.966664063	319.007997396	22000.000	38000.000	0.3226
129	Waveform 1	1	322.730664063	322.784664062	22000.000	38000.000	0.1358
129	Spectrogram 1	1	322.730664063	322.784664062	22000.000	38000.000	0.1358
130	Waveform 1	1	328.449330729	328.502664063	22000.000	38000.000	0.1375
130	Spectrogram 1	1	328.449330729	328.502664063	22000.000	38000.000	0.1375
131	Waveform 1	1	329.177330729	329.235330729	22000.000	38000.000	0.1149
131	Spectrogram 1	1	329.177330729	329.235330729	22000.000	38000.000	0.1149
132	Waveform 1	1	331.050664063	331.109997396	22000.000	38000.000	0.3708
132	Spectrogram 1	1	331.050664063	331.109997396	22000.000	38000.000	0.3708
133	Waveform 1	1	334.706664063	334.747997396	22000.000	38000.000	0.1129
133	Spectrogram 1	1	334.706664063	334.747997396	22000.000	38000.000	0.1129
134	Waveform 1	1	341.066664062	341.096664062	22000.000	38000.000	0.1556
134	Spectrogram 1	1	341.066664062	341.096664062	22000.000	38000.000	0.1556
135	Waveform 1	1	342.590664062	342.637330729	22000.000	38000.000	0.3143
135	Spectrogram 1	1	342.590664062	342.637330729	22000.000	38000.000	0.3143
136	Waveform 1	1	350.155997396	350.162664062	22000.000	38000.000	0.2000
136	Spectrogram 1	1	350.155997396	350.162664062	22000.000	38000.000	0.2000
137	Waveform 1	1	353.022664062	353.068664062	22000.000	38000.000	0.1304
137	Spectrogram 1	1	353.022664062	353.068664062	22000.000	38000.000	0.1304
138	Waveform 1	1	355.422664063	355.487330729	22000.000	38000.000	0.2784
138	Spectrogram 1	1	355.422664063	355.487330729	22000.000	38000.000	0.2784
139	Waveform 1	1	359.001997396	359.064664063	22000.000	38000.000	0.1064
139	Spectrogram 1	1	359.001997396	359.064664063	22000.000	38000.000	0.1064
140	Waveform 1	1	361.466664063	361.507330729	22000.000	38000.000	0.1311
140	Spectrogram 1	1	361.466664063	361.507330729	22000.000	38000.000	0.1311
141	Waveform 1	1	363.413997396	363.437997396	22000.000	38000.000	0.4167
141	Spectrogram 1	1	363.413997396	363.437997396	22000.000	38000.000	0.4167
142	Waveform 1	1	364.803997396	364.855997396	22000.000	38000.000	0.1795
142	Spectrogram 1	1	364.803997396	364.855997396	22000.000	38000.000	0.1795
143	Waveform 1	1	368.039330729	368.091997396	22000.000	38000.000	0.3038
143	Spectrogram 1	1	368.039330729	368.091997396	22000.000	38000.000	0.3038
144	Waveform 1	1	372.958664063	372.965330729	22000.000	38000.000	0.2000
144	Spectrogram 1	1	372.958664063	372.965330729	22000.000	38000.000	0.2000
145	Waveform 1	1	377.045997396	377.091997396	22000.000	38000.000	0.2899
145	Spectrogram 1	1	377.045997396	377.091997396	22000.000	38000.000	0.2899
146	Waveform 1	1	379.272664062	379.318664062	22000.000	38000.000	0.2029
146	Spectrogram 1	1	379.272664062	379.318664062	22000.000	38000.000	0.2029
147	Waveform 1	1	386.513997396	386.553997396	22000.000	38000.000	0.1167
147	Spectrogram 1	1	386.513997396	386.553997396	22000.000	38000.000	0.1167
148	Waveform 1	1	390.962664062	391.047330729	22000.000	38000.000	0.3622
148	Spectrogram 1	1	390.962664062	391.047330729	22000.000	38000.000	0.3622
149	Waveform 1	1	394.348664063	394.433997396	22000.000	38000.000	0.2344
149	Spectrogram 1	1	394.348664063	394.433997396	22000.000	38000.000	0.2344
150	Waveform 1	1	402.731997396	402.797997396	22000.000	38000.000	0.3636
150	Spectrogram 1	1	402.731997396	402.797997396	22000.000	38000.000	0.3636
151	Waveform 1	1	404.477997396	404.482664063	22000.000	38000.000	0.2857
151	Spectrogram 1	1	404.477997396	404.482664063	22000.000	38000.000	0.2857
152	Waveform 1	1	404.817997396	404.869330729	22000.000	38000.000	0.6104
152	Spectrogram 1	1	404.817997396	404.869330729	22000.000	38000.000	0.6104
153	Waveform 1	1	406.121997396	406.128664062	22000.000	38000.000	0.2000
153	Spectrogram 1	1	406.121997396	406.128664062	22000.000	38000.000	0.2000
154	Waveform 1	1	407.355330729	407.463330729	22000.000	38000.000	0.3395
154	Spectrogram 1	1	407.355330729	407.463330729	22000.000	38000.000	0.3395
155	Waveform 1	1	409.193330729	409.214664062	22000.000	38000.000	0.2188
155	Spectrogram 1	1	409.193330729	409.214664062	22000.000	38000.000	0.2188
156	Waveform 1	1	415.978664063	416.013330729	22000.000	38000.000	0.3077
156	Spectrogram 1	1	415.978664063	416.013330729	22000.000	38000.000	0.3077
157	Waveform 1	1	416.549330729	416.583997396	22000.000	38000.000	0.1346
157	Spectrogram 1	1	416.549330729	416.583997396	22000.000	38000.000	0.1346
158	Waveform 1	1	417.452664062	417.520664062	22000.000	38000.000	0.0882
158	Spectrogram 1	1	417.452664062	417.520664062	22000.000	38000.000	0.0882
159	Waveform 1	1	418.673997396	418.724664062	22000.000	38000.000	0.5658
159	Spectrogram 1	1	418.673997396	418.724664062	22000.000	38000.000	0.5658
160	Waveform 1	1	420.986664062	421.049997396	22000.000	38000.000	0.3474
160	Spectrogram 1	1	420.986664062	421.049997396	22000.000	38000.000	0.3474
161	Waveform 1	1	423.777330729	423.845330729	22000.000	38000.000	0.2353
161	Spectrogram 1	1	423.777330729	423.845330729	22000.000	38000.000	0.2353
162	Waveform 1	1	425.284664062	425.358664062	22000.000	38000.000	0.0901
162	Spectrogram 1	1	425.284664062	425.358664062	22000.000	38000.000	0.0901
163	Waveform 1	1	425.675997396	425.681997396	22000.000	38000.000	0.2222
163	Spectrogram 1	1	425.675997396	425.681997396	22000.000	38000.000	0.2222
164	Waveform 1	1	426.478664063	426.565330729	22000.000	38000.000	0.0923
164	Spectrogram 1	1	426.478664063	426.565330729	22000.000	38000.000	0.0923
165	Waveform 1	1	433.301997396	433.361997396	22000.000	38000.000	0.2444
165	Spectrogram 1	1	433.301997396	433.361997396	22000.000	38000.000	0.2444
166	Waveform 1	1	436.903997396	436.933330729	22000.000	38000.000	0.1136
166	Spectrogram 1	1	436.903997396	436.933330729	22000.000	38000.000	0.1136
167	Waveform 1	1	438.226664062	438.249330729	22000.000	38000.000	0.0882
167	Spectrogram 1	1	438.226664062	438.249330729	22000.000	38000.000	0.0882
168	Waveform 1	1	438.501330729	438.514664063	22000.000	38000.000	0.1000
168	Spectrogram 1	1	438.501330729	438.514664063	22000.000	38000.000	0.1000
169	Waveform 1	1	482.393330729	482.427330729	22000.000	38000.000	0.0784
169	Spectrogram 1	1	482.393330729	482.427330729	22000.000	38000.000	0.0784
170	Waveform 1	1	483.808664062	483.868664062	22000.000	38000.000	0.4444
170	Spectrogram 1	1	483.808664062	483.868664062	22000.000	38000.000	0.4444
171	Waveform 1	1	484.987997396	485.010664062	22000.000	38000.000	0.0882
171	Spectrogram 1	1	484.987997396	485.010664062	22000.000	38000.000	0.0882
172	Waveform 1	1	486.603997396	486.654664062	22000.000	38000.000	0.1974
172	Spectrogram 1	1	486.603997396	486.654664062	22000.000	38000.000	0.1974
173	Waveform 1	1	488.243997396	488.348664063	22000.000	38000.000	0.2611
173	Spectrogram 1	1	488.243997396	488.348664063	22000.000	38000.000	0.2611
174	Waveform 1	1	490.275997396	490.345997396	22000.000	38000.000	0.4000
174	Spectrogram 1	1	490.275997396	490.345997396	22000.000	38000.000	0.4000
175	Waveform 1	1	500.073997396	500.135330729	22000.000	38000.000	0.2065
175	Spectrogram 1	1	500.073997396	500.135330729	22000.000	38000.000	0.2065
176	Waveform 1	1	503.765997396	503.805330729	22000.000	38000.000	0.0847
176	Spectrogram 1	1	503.765997396	503.805330729	22000.000	38000.000	0.0847
177	Waveform 1	1	506.023997396	506.030664062	22000.000	38000.000	0.2000
177	Spectrogram 1	1	506.023997396	506.030664062	22000.000	38000.000	0.2000
178	Waveform 1	1	508.053330729	508.081997396	22000.000	38000.000	0.1628
178	Spectrogram 1	1	508.053330729	508.081997396	22000.000	38000.000	0.1628
179	Waveform 1	1	513.961330729	514.014664063	22000.000	38000.000	0.4750
179	Spectrogram 1	1	513.961330729	514.014664063	22000.000	38000.000	0.4750
180	Waveform 1	1	515.543330729	515.592664063	22000.000	38000.000	0.1486
180	Spectrogram 1	1	515.543330729	515.592664063	22000.000	38000.000	0.1486
181	Waveform 1	1	516.636664063	516.642664063	22000.000	38000.000	0.2222
181	Spectrogram 1	1	516.636664063	516.642664063	22000.000	38000.000	0.2222
182	Waveform 1	1	518.163330729	518.209330729	22000.000	38000.000	0.6377
182	Spectrogram 1	1	518.163330729	518.209330729	22000.000	38000.000	0.6377
183	Waveform 1	1	522.520664063	522.573330729	22000.000	38000.000	0.5823
183	Spectrogram 1	1	522.520664063	522.573330729	22000.000	38000.000	0.5823
184	Waveform 1	1	527.393330729	527.427997396	22000.000	38000.000	0.1923
184	Spectrogram 1	1	527.393330729	527.427997396	22000.000	38000.000	0.1923
185	Waveform 1	1	529.695330729	529.712664063	22000.000	38000.000	0.1154
185	Spectrogram 1	1	529.695330729	529.712664063	22000.000	38000.000	0.1154
186	Waveform 1	1	532.230664063	532.259997396	22000.000	38000.000	0.2045
186	Spectrogram 1	1	532.230664063	532.259997396	22000.000	38000.000	0.2045
187	Waveform 1	1	535.335997396	535.407997396	22000.000	38000.000	0.5833
187	Spectrogram 1	1	535.335997396	535.407997396	22000.000	38000.000	0.5833
188	Waveform 1	1	538.823997396	538.883997396	22000.000	38000.000	0.4667
188	Spectrogram 1	1	538.823997396	538.883997396	22000.000	38000.000	0.4667
189	Waveform 1	1	542.468664063	542.524664063	22000.000	38000.000	0.1667
189	Spectrogram 1	1	542.468664063	542.524664063	22000.000	38000.000	0.1667
190	Waveform 1	1	543.548664063	543.625997396	22000.000	38000.000	0.3103
190	Spectrogram 1	1	543.548664063	543.625997396	22000.000	38000.000	0.3103
191	Waveform 1	1	546.223330729	546.265997396	22000.000	38000.000	0.3125
191	Spectrogram 1	1	546.223330729	546.265997396	22000.000	38000.000	0.3125
192	Waveform 1	1	549.385997396	549.424664063	22000.000	38000.000	0.1552
192	Spectrogram 1	1	549.385997396	549.424664063	22000.000	38000.000	0.1552
193	Waveform 1	1	551.193997396	551.264664063	22000.000	38000.000	0.4623
193	Spectrogram 1	1	551.193997396	551.264664063	22000.000	38000.000	0.4623
194	Waveform 1	1	552.462664063	552.523997396	22000.000	38000.000	0.1413
194	Spectrogram 1	1	552.462664063	552.523997396	22000.000	38000.000	0.1413
195	Waveform 1	1	553.735997396	553.752664063	22000.000	38000.000	0.0800
195	Spectrogram 1	1	553.735997396	553.752664063	22000.000	38000.000	0.0800
196	Waveform 1	1	555.237330729	555.282664063	22000.000	38000.000	0.0882
196	Spectrogram 1	1	555.237330729	555.282664063	22000.000	38000.000	0.0882
197	Waveform 1	1	555.917997396	555.957330729	22000.000	38000.000	0.1525
197	Spectrogram 1	1	555.917997396	555.957330729	22000.000	38000.000	0.1525
198	Waveform 1	1	556.937330729	556.943997396	22000.000	38000.000	0.2000
198	Spectrogram 1	1	556.937330729	556.943997396	22000.000	38000.000	0.2000
199	Waveform 1	1	560.545997396	560.547330729	22000.000	38000.000	1.0000
199	Spectrogram 1	1	560.545997396	560.547330729	22000.000	38000.000	1.0000
200	Waveform 1	1	561.635330729	561.657997396	22000.000	38000.000	0.1176
200	Spectrogram 1	1	561.635330729	561.657997396	22000.000	38000.000	0.1176
201	Waveform 1	1	566.277330729	566.326664063	22000.000	38000.000	0.1757
201	Spectrogram 1	1	566.277330729	566.326664063	22000.000	38000.000	0.1757
202	Waveform 1	1	567.119997396	567.183997396	22000.000	38000.000	0.3021
202	Spectrogram 1	1	567.119997396	567.183997396	22000.000	38000.000	0.3021
203	Waveform 1	1	568.468664063	568.547330729	22000.000	38000.000	0.5169
203	Spectrogram 1	1	568.468664063	568.547330729	22000.000	38000.000	0.5169
204	Waveform 1	1	574.215330729	574.276664063	22000.000	38000.000	0.3696
204	Spectrogram 1	1	574.215330729	574.276664063	22000.000	38000.000	0.3696
205	Waveform 1	1	576.043330729	576.104664063	22000.000	38000.000	0.4674
205	Spectrogram 1	1	576.043330729	576.104664063	22000.000	38000.000	0.4674
206	Waveform 1	1	582.002664063	582.029997396	22000.000	38000.000	0.2439
206	Spectrogram 1	1	582.002664063	582.029997396	22000.000	38000.000	0.2439
207	Waveform 1	1	584.763997396	584.841330729	22000.000	38000.000	0.4569
207	Spectrogram 1	1	584.763997396	584.841330729	22000.000	38000.000	0.4569
208	Waveform 1	1	587.655330729	587.699997396	22000.000	38000.000	0.2239
208	Spectrogram 1	1	587.655330729	587.699997396	22000.000	38000.000	0.2239
209	Waveform 1	1	596.890664063	596.946664063	22000.000	38000.000	0.1905
209	Spectrogram 1	1	596.890664063	596.946664063	22000.000	38000.000	0.1905
210	Waveform 1	1	601.027997396	601.071997396	22000.000	38000.000	0.1515
210	Spectrogram 1	1	601.027997396	601.071997396	22000.000	38000.000	0.1515
211	Waveform 1	1	610.341330729	610.374664063	22000.000	38000.000	0.0800
211	Spectrogram 1	1	610.341330729	610.374664063	22000.000	38000.000	0.0800
212	Waveform 1	1	618.769330729	618.841330729	22000.000	38000.000	0.1389
212	Spectrogram 1	1	618.769330729	618.841330729	22000.000	38000.000	0.1389
213	Waveform 1	1	619.835330729	619.857997396	22000.000	38000.000	0.1176
213	Spectrogram 1	1	619.835330729	619.857997396	22000.000	38000.000	0.1176
214	Waveform 1	1	626.720664063	626.775997396	22000.000	38000.000	0.0843
214	Spectrogram 1	1	626.720664063	626.775997396	22000.000	38000.000	0.0843
215	Waveform 1	1	627.755330729	627.811330729	22000.000	38000.000	0.2262
215	Spectrogram 1	1	627.755330729	627.811330729	22000.000	38000.000	0.2262
216	Waveform 1	1	628.967997396	629.005997396	22000.000	38000.000	0.1754
216	Spectrogram 1	1	628.967997396	629.005997396	22000.000	38000.000	0.1754
217	Waveform 1	1	634.233330729	634.261997396	22000.000	38000.000	0.1163
217	Spectrogram 1	1	634.233330729	634.261997396	22000.000	38000.000	0.1163
218	Waveform 1	1	635.325330729	635.358664062	22000.000	38000.000	0.1400
218	Spectrogram 1	1	635.325330729	635.358664062	22000.000	38000.000	0.1400
219	Waveform 1	1	637.174664063	637.180664062	22000.000	38000.000	0.2222
219	Spectrogram 1	1	637.174664063	637.180664062	22000.000	38000.000	0.2222
220	Waveform 1	1	639.539997396	639.617330729	22000.000	38000.000	0.2414
220	Spectrogram 1	1	639.539997396	639.617330729	22000.000	38000.000	0.2414
221	Waveform 1	1	640.627330729	640.691330729	22000.000	38000.000	0.5312
221	Spectrogram 1	1	640.627330729	640.691330729	22000.000	38000.000	0.5312
222	Waveform 1	1	641.508664063	641.565997396	22000.000	38000.000	0.4419
222	Spectrogram 1	1	641.508664063	641.565997396	22000.000	38000.000	0.4419
223	Waveform 1	1	643.117330729	643.193330729	22000.000	38000.000	0.3333
223	Spectrogram 1	1	643.117330729	643.193330729	22000.000	38000.000	0.3333
224	Waveform 1	1	645.073997396	645.132664062	22000.000	38000.000	0.5795
224	Spectrogram 1	1	645.073997396	645.132664062	22000.000	38000.000	0.5795
225	Waveform 1	1	647.911997396	647.939997396	22000.000	38000.000	0.0714
225	Spectrogram 1	1	647.911997396	647.939997396	22000.000	38000.000	0.0714
226	Waveform 1	1	649.089997396	649.095997396	22000.000	38000.000	0.2222
226	Spectrogram 1	1	649.089997396	649.095997396	22000.000	38000.000	0.2222
227	Waveform 1	1	656.217330729	656.303997396	22000.000	38000.000	0.3692
227	Spectrogram 1	1	656.217330729	656.303997396	22000.000	38000.000	0.3692
228	Waveform 1	1	664.493330729	664.527330729	22000.000	38000.000	0.1373
228	Spectrogram 1	1	664.493330729	664.527330729	22000.000	38000.000	0.1373
229	Waveform 1	1	665.637997396	665.725997396	22000.000	38000.000	0.2727
229	Spectrogram 1	1	665.637997396	665.725997396	22000.000	38000.000	0.2727
230	Waveform 1	1	668.376664063	668.420664063	22000.000	38000.000	0.4242
230	Spectrogram 1	1	668.376664063	668.420664063	22000.000	38000.000	0.4242
231	Waveform 1	1	672.226664063	672.271330729	22000.000	38000.000	0.0746
231	Spectrogram 1	1	672.226664063	672.271330729	22000.000	38000.000	0.0746
232	Waveform 1	1	674.917997396	674.975997396	22000.000	38000.000	0.2874
232	Spectrogram 1	1	674.917997396	674.975997396	22000.000	38000.000	0.2874
233	Waveform 1	1	678.817330729	678.877997396	22000.000	38000.000	0.1978
233	Spectrogram 1	1	678.817330729	678.877997396	22000.000	38000.000	0.1978
234	Waveform 1	1	679.594664063	679.633997396	22000.000	38000.000	0.3051
234	Spectrogram 1	1	679.594664063	679.633997396	22000.000	38000.000	0.3051
235	Waveform 1	1	683.355330729	683.393997396	22000.000	38000.000	0.1034
235	Spectrogram 1	1	683.355330729	683.393997396	22000.000	38000.000	0.1034
236	Waveform 1	1	684.298664063	684.373330729	22000.000	38000.000	0.1696
236	Spectrogram 1	1	684.298664063	684.373330729	22000.000	38000.000	0.1696
237	Waveform 1	1	685.413997396	685.463997396	22000.000	38000.000	0.5467
237	Spectrogram 1	1	685.413997396	685.463997396	22000.000	38000.000	0.5467
238	Waveform 1	1	687.645330729	687.701330729	22000.000	38000.000	0.4643
238	Spectrogram 1	1	687.645330729	687.701330729	22000.000	38000.000	0.4643
239	Waveform 1	1	689.600664063	689.628664063	22000.000	38000.000	0.0714
239	Spectrogram 1	1	689.600664063	689.628664063	22000.000	38000.000	0.0714
240	Waveform 1	1	693.572664063	693.605997396	22000.000	38000.000	0.1400
240	Spectrogram 1	1	693.572664063	693.605997396	22000.000	38000.000	0.1400
241	Waveform 1	1	695.415997396	695.478664063	22000.000	38000.000	0.2447
241	Spectrogram 1	1	695.415997396	695.478664063	22000.000	38000.000	0.2447
242	Waveform 1	1	701.735330729	701.790664063	22000.000	38000.000	0.1084
242	Spectrogram 1	1	701.735330729	701.790664063	22000.000	38000.000	0.1084
243	Waveform 1	1	705.374664063	705.396664063	22000.000	38000.000	0.0909
243	Spectrogram 1	1	705.374664063	705.396664063	22000.000	38000.000	0.0909
244	Waveform 1	1	706.446664063	706.474664063	22000.000	38000.000	0.0952
244	Spectrogram 1	1	706.446664063	706.474664063	22000.000	38000.000	0.0952
245	Waveform 1	1	708.217330729	708.255997396	22000.000	38000.000	0.1897
245	Spectrogram 1	1	708.217330729	708.255997396	22000.000	38000.000	0.1897
246	Waveform 1	1	718.176664063	718.198664063	22000.000	38000.000	0.1515
246	Spectrogram 1	1	718.176664063	718.198664063	22000.000	38000.000	0.1515
247	Waveform 1	1	722.805330729	722.859330729	22000.000	38000.000	0.4691
247	Spectrogram 1	1	722.805330729	722.859330729	22000.000	38000.000	0.4691
248	Waveform 1	1	724.447997396	724.513997396	22000.000	38000.000	0.2424
248	Spectrogram 1	1	724.447997396	724.513997396	22000.000	38000.000	0.2424
249	Waveform 1	1	727.782664063	727.815997396	22000.000	38000.000	0.1600
249	Spectrogram 1	1	727.782664063	727.815997396	22000.000	38000.000	0.1600
250	Waveform 1	1	733.823330729	733.883997396	22000.000	38000.000	0.1429
250	Spectrogram 1	1	733.823330729	733.883997396	22000.000	38000.000	0.1429
251	Waveform 1	1	736.369330729	736.429997396	22000.000	38000.000	0.3407
251	Spectrogram 1	1	736.369330729	736.429997396	22000.000	38000.000	0.3407
252	Waveform 1	1	737.531330729	737.585997396	22000.000	38000.000	0.3293
252	Spectrogram 1	1	737.531330729	737.585997396	22000.000	38000.000	0.3293
253	Waveform 1	1	738.525997396	738.601997396	22000.000	38000.000	0.4825
253	Spectrogram 1	1	738.525997396	738.601997396	22000.000	38000.000	0.4825
254	Waveform 1	1	740.448664063	740.527330729	22000.000	38000.000	0.3644
254	Spectrogram 1	1	740.448664063	740.527330729	22000.000	38000.000	0.3644
255	Waveform 1	1	741.781997396	741.883997396	22000.000	38000.000	0.2680
255	Spectrogram 1	1	741.781997396	741.883997396	22000.000	38000.000	0.2680
256	Waveform 1	1	742.441997396	742.469330729	22000.000	38000.000	0.0732
256	Spectrogram 1	1	742.441997396	742.469330729	22000.000	38000.000	0.0732
257	Waveform 1	1	744.527997396	744.573997396	22000.000	38000.000	0.4493
257	Spectrogram 1	1	744.527997396	744.573997396	22000.000	38000.000	0.4493
258	Waveform 1	1	746.798664063	746.883330729	22000.000	38000.000	0.1575
258	Spectrogram 1	1	746.798664063	746.883330729	22000.000	38000.000	0.1575
259	Waveform 1	1	749.996664063	750.045330729	22000.000	38000.000	0.1096
259	Spectrogram 1	1	749.996664063	750.045330729	22000.000	38000.000	0.1096
260	Waveform 1	1	756.094664063	756.138664063	22000.000	38000.000	0.0909
260	Spectrogram 1	1	756.094664063	756.138664063	22000.000	38000.000	0.0909
261	Waveform 1	1	756.866664063	756.921330729	22000.000	38000.000	0.1951
261	Spectrogram 1	1	756.866664063	756.921330729	22000.000	38000.000	0.1951
262	Waveform 1	1	758.009997396	758.059330729	22000.000	38000.000	0.1892
262	Spectrogram 1	1	758.009997396	758.059330729	22000.000	38000.000	0.1892
263	Waveform 1	1	760.959330729	760.981330729	22000.000	38000.000	0.0909
263	Spectrogram 1	1	760.959330729	760.981330729	22000.000	38000.000	0.0909
264	Waveform 1	1	764.014664063	764.036664062	22000.000	38000.000	0.1818
264	Spectrogram 1	1	764.014664063	764.036664062	22000.000	38000.000	0.1818
265	Waveform 1	1	768.479330729	768.523330729	22000.000	38000.000	0.0758
265	Spectrogram 1	1	768.479330729	768.523330729	22000.000	38000.000	0.0758
266	Waveform 1	1	770.405997396	770.417330729	22000.000	38000.000	0.1765
266	Spectrogram 1	1	770.405997396	770.417330729	22000.000	38000.000	0.1765
267	Waveform 1	1	771.911997396	771.955997396	22000.000	38000.000	0.0758
267	Spectrogram 1	1	771.911997396	771.955997396	22000.000	38000.000	0.0758
268	Waveform 1	1	773.632664062	773.687997396	22000.000	38000.000	0.2289
268	Spectrogram 1	1	773.632664062	773.687997396	22000.000	38000.000	0.2289
269	Waveform 1	1	777.939330729	777.974664063	22000.000	38000.000	0.2830
269	Spectrogram 1	1	777.939330729	777.974664063	22000.000	38000.000	0.2830
270	Waveform 1	1	779.369330729	779.380664063	22000.000	38000.000	0.1765
270	Spectrogram 1	1	779.369330729	779.380664063	22000.000	38000.000	0.1765
271	Waveform 1	1	781.334664062	781.367997396	22000.000	38000.000	0.2400
271	Spectrogram 1	1	781.334664062	781.367997396	22000.000	38000.000	0.2400
272	Waveform 1	1	784.047330729	784.069997396	22000.000	38000.000	0.1765
272	Spectrogram 1	1	784.047330729	784.069997396	22000.000	38000.000	0.1765
273	Waveform 1	1	786.477330729	786.515330729	22000.000	38000.000	0.5439
273	Spectrogram 1	1	786.477330729	786.515330729	22000.000	38000.000	0.5439
274	Waveform 1	1	790.187997396	790.277997396	22000.000	38000.000	0.4222
274	Spectrogram 1	1	790.187997396	790.277997396	22000.000	38000.000	0.4222
275	Waveform 1	1	800.201997396	800.240664063	22000.000	38000.000	0.1207
275	Spectrogram 1	1	800.201997396	800.240664063	22000.000	38000.000	0.1207
276	Waveform 1	1	803.175330729	803.257330729	22000.000	38000.000	0.3333
276	Spectrogram 1	1	803.175330729	803.257330729	22000.000	38000.000	0.3333
277	Waveform 1	1	807.946664063	807.989997396	22000.000	38000.000	0.1538
277	Spectrogram 1	1	807.946664063	807.989997396	22000.000	38000.000	0.1538
278	Waveform 1	1	810.345997396	810.390664063	22000.000	38000.000	0.0746
278	Spectrogram 1	1	810.345997396	810.390664063	22000.000	38000.000	0.0746
279	Waveform 1	1	814.851997396	814.897997396	22000.000	38000.000	0.5652
279	Spectrogram 1	1	814.851997396	814.897997396	22000.000	38000.000	0.5652
280	Waveform 1	1	815.498664063	815.566664063	22000.000	38000.000	0.4118
280	Spectrogram 1	1	815.498664063	815.566664063	22000.000	38000.000	0.4118
281	Waveform 1	1	816.169997396	816.269997396	22000.000	38000.000	0.3267
281	Spectrogram 1	1	816.169997396	816.269997396	22000.000	38000.000	0.3267
282	Waveform 1	1	821.040664063	821.073997396	22000.000	38000.000	0.1400
282	Spectrogram 1	1	821.040664063	821.073997396	22000.000	38000.000	0.1400
283	Waveform 1	1	821.993997396	822.059997396	22000.000	38000.000	0.2525
283	Spectrogram 1	1	821.993997396	822.059997396	22000.000	38000.000	0.2525
284	Waveform 1	1	822.757330729	822.801330729	22000.000	38000.000	0.1970
284	Spectrogram 1	1	822.757330729	822.801330729	22000.000	38000.000	0.1970
285	Waveform 1	1	823.637330729	823.665330729	22000.000	38000.000	0.0952
285	Spectrogram 1	1	823.637330729	823.665330729	22000.000	38000.000	0.0952
286	Waveform 1	1	829.835330729	829.921330729	22000.000	38000.000	0.3101
286	Spectrogram 1	1	829.835330729	829.921330729	22000.000	38000.000	0.3101
287	Waveform 1	1	836.769997396	836.786664062	22000.000	38000.000	0.0800
287	Spectrogram 1	1	836.769997396	836.786664062	22000.000	38000.000	0.0800
288	Waveform 1	1	838.010664063	838.065330729	22000.000	38000.000	0.0732
288	Spectrogram 1	1	838.010664063	838.065330729	22000.000	38000.000	0.0732
289	Waveform 1	1	840.807330729	840.821997396	22000.000	38000.000	0.1818
289	Spectrogram 1	1	840.807330729	840.821997396	22000.000	38000.000	0.1818
290	Waveform 1	1	841.525330729	841.620664063	22000.000	38000.000	0.2448
290	Spectrogram 1	1	841.525330729	841.620664063	22000.000	38000.000	0.2448
291	Waveform 1	1	846.273997396	846.301330729	22000.000	38000.000	0.0732
291	Spectrogram 1	1	846.273997396	846.301330729	22000.000	38000.000	0.0732
292	Waveform 1	1	848.455330729	848.531997396	22000.000	38000.000	0.0870
292	Spectrogram 1	1	848.455330729	848.531997396	22000.000	38000.000	0.0870
293	Waveform 1	1	849.311330729	849.365997396	22000.000	38000.000	0.5244
293	Spectrogram 1	1	849.311330729	849.365997396	22000.000	38000.000	0.5244
294	Waveform 1	1	852.125997396	852.143330729	22000.000	38000.000	0.1154
294	Spectrogram 1	1	852.125997396	852.143330729	22000.000	38000.000	0.1154
295	Waveform 1	1	859.787330729	859.795997396	22000.000	38000.000	0.1538
295	Spectrogram 1	1	859.787330729	859.795997396	22000.000	38000.000	0.1538
296	Waveform 1	1	862.071997396	862.077997396	22000.000	38000.000	0.2222
296	Spectrogram 1	1	862.071997396	862.077997396	22000.000	38000.000	0.2222
297	Waveform 1	1	871.681997396	871.687997396	22000.000	38000.000	0.2222
297	Spectrogram 1	1	871.681997396	871.687997396	22000.000	38000.000	0.2222
298	Waveform 1	1	879.185330729	879.253997396	22000.000	38000.000	0.5146
298	Spectrogram 1	1	879.185330729	879.253997396	22000.000	38000.000	0.5146
299	Waveform 1	1	880.224664063	880.265997396	22000.000	38000.000	0.4516
299	Spectrogram 1	1	880.224664063	880.265997396	22000.000	38000.000	0.4516
300	Waveform 1	1	881.103330729	881.119997396	22000.000	38000.000	0.1600
300	Spectrogram 1	1	881.103330729	881.119997396	22000.000	38000.000	0.1600
301	Waveform 1	1	882.759330729	882.797997396	22000.000	38000.000	0.1552
301	Spectrogram 1	1	882.759330729	882.797997396	22000.000	38000.000	0.1552
302	Waveform 1	1	887.999997396	888.012664062	22000.000	38000.000	0.1579
302	Spectrogram 1	1	887.999997396	888.012664062	22000.000	38000.000	0.1579
303	Waveform 1	1	889.827330729	889.865997396	22000.000	38000.000	0.2586
303	Spectrogram 1	1	889.827330729	889.865997396	22000.000	38000.000	0.2586
304	Waveform 1	1	892.451997396	892.507997396	22000.000	38000.000	0.4881
304	Spectrogram 1	1	892.451997396	892.507997396	22000.000	38000.000	0.4881
305	Waveform 1	1	899.582664063	899.633997396	22000.000	38000.000	0.4416
305	Spectrogram 1	1	899.582664063	899.633997396	22000.000	38000.000	0.4416
306	Waveform 1	1	902.347330729	902.425330729	22000.000	38000.000	0.2821
306	Spectrogram 1	1	902.347330729	902.425330729	22000.000	38000.000	0.2821
307	Waveform 1	1	904.533330729	904.591330729	22000.000	38000.000	0.5172
307	Spectrogram 1	1	904.533330729	904.591330729	22000.000	38000.000	0.5172
308	Waveform 1	1	911.092664063	911.135997396	22000.000	38000.000	0.1692
308	Spectrogram 1	1	911.092664063	911.135997396	22000.000	38000.000	0.1692
309	Waveform 1	1	912.473997396	912.518664063	22000.000	38000.000	0.0896
309	Spectrogram 1	1	912.473997396	912.518664063	22000.000	38000.000	0.0896
310	Waveform 1	1	913.513997396	913.613330729	22000.000	38000.000	0.0872
310	Spectrogram 1	1	913.513997396	913.613330729	22000.000	38000.000	0.0872
311	Waveform 1	1	915.611330729	915.676664063	22000.000	38000.000	0.3061
311	Spectrogram 1	1	915.611330729	915.676664063	22000.000	38000.000	0.3061
312	Waveform 1	1	919.069997396	919.117330729	22000.000	38000.000	0.3239
312	Spectrogram 1	1	919.069997396	919.117330729	22000.000	38000.000	0.3239
313	Waveform 1	1	922.931330729	922.975330729	22000.000	38000.000	0.5000
313	Spectrogram 1	1	922.931330729	922.975330729	22000.000	38000.000	0.5000
314	Waveform 1	1	926.898664063	926.920664063	22000.000	38000.000	0.0909
314	Spectrogram 1	1	926.898664063	926.920664063	22000.000	38000.000	0.0909
315	Waveform 1	1	930.081330729	930.125330729	22000.000	38000.000	0.1515
315	Spectrogram 1	1	930.081330729	930.125330729	22000.000	38000.000	0.1515
316	Waveform 1	1	931.788664063	931.842664063	22000.000	38000.000	0.2963
316	Spectrogram 1	1	931.788664063	931.842664063	22000.000	38000.000	0.2963
317	Waveform 1	1	932.701997396	932.757330729	22000.000	38000.000	0.3976
317	Spectrogram 1	1	932.701997396	932.757330729	22000.000	38000.000	0.3976
318	Waveform 1	1	938.172664063	938.178664063	22000.000	38000.000	0.2222
318	Spectrogram 1	1	938.172664063	938.178664063	22000.000	38000.000	0.2222
319	Waveform 1	1	940.475997396	940.520664063	22000.000	38000.000	0.2239
319	Spectrogram 1	1	940.475997396	940.520664063	22000.000	38000.000	0.2239
320	Waveform 1	1	943.673330729	943.717330729	22000.000	38000.000	0.0909
320	Spectrogram 1	1	943.673330729	943.717330729	22000.000	38000.000	0.0909
321	Waveform 1	1	944.239330729	944.293330729	22000.000	38000.000	0.1481
321	Spectrogram 1	1	944.239330729	944.293330729	22000.000	38000.000	0.1481
322	Waveform 1	1	946.145997396	946.177330729	22000.000	38000.000	0.4043
322	Spectrogram 1	1	946.145997396	946.177330729	22000.000	38000.000	0.4043
323	Waveform 1	1	1121.122664063	1121.147997396	22000.000	38000.000	0.2895
323	Spectrogram 1	1	1121.122664063	1121.147997396	22000.000	38000.000	0.2895
324	Waveform 1	1	1131.972664062	1132.031330729	22000.000	38000.000	0.1023
324	Spectrogram 1	1	1131.972664062	1132.031330729	22000.000	38000.000	0.1023
325	Waveform 1	1	1133.662664062	1133.695330729	22000.000	38000.000	0.4082
325	Spectrogram 1	1	1133.662664062	1133.695330729	22000.000	38000.000	0.4082
326	Waveform 1	1	1141.856664062	1141.872664063	22000.000	38000.000	0.1250
326	Spectrogram 1	1	1141.856664062	1141.872664063	22000.000	38000.000	0.1250
327	Waveform 1	1	1147.493330729	1147.532664062	22000.000	38000.000	0.4576
327	Spectrogram 1	1	1147.493330729	1147.532664062	22000.000	38000.000	0.4576
328	Waveform 1	1	1159.405330729	1159.447330729	22000.000	38000.000	0.4762
328	Spectrogram 1	1	1159.405330729	1159.447330729	22000.000	38000.000	0.4762
329	Waveform 1	1	1163.784664063	1163.847330729	22000.000	38000.000	0.0957
329	Spectrogram 1	1	1163.784664063	1163.847330729	22000.000	38000.000	0.0957
330	Waveform 1	1	1165.729997396	1165.787997396	22000.000	38000.000	0.3218
330	Spectrogram 1	1	1165.729997396	1165.787997396	22000.000	38000.000	0.3218
331	Waveform 1	1	1166.787997396	1166.837330729	22000.000	38000.000	0.2162
331	Spectrogram 1	1	1166.787997396	1166.837330729	22000.000	38000.000	0.2162
332	Waveform 1	1	1172.445997396	1172.497997396	22000.000	38000.000	0.5128
332	Spectrogram 1	1	1172.445997396	1172.497997396	22000.000	38000.000	0.5128
333	Waveform 1	1	1294.309330729	1294.315997396	22000.000	38000.000	0.3000
333	Spectrogram 1	1	1294.309330729	1294.315997396	22000.000	38000.000	0.3000
334	Waveform 1	1	1294.999330729	1295.003330729	22000.000	38000.000	0.3333
334	Spectrogram 1	1	1294.999330729	1295.003330729	22000.000	38000.000	0.3333
335	Waveform 1	1	1304.893997396	1304.948664063	22000.000	38000.000	0.0976
335	Spectrogram 1	1	1304.893997396	1304.948664063	22000.000	38000.000	0.0976
336	Waveform 1	1	1306.697997396	1306.699330729	22000.000	38000.000	1.0000
336	Spectrogram 1	1	1306.697997396	1306.699330729	22000.000	38000.000	1.0000
337	Waveform 1	1	1306.979997396	1306.981330729	22000.000	38000.000	1.0000
337	Spectrogram 1	1	1306.979997396	1306.981330729	22000.000	38000.000	1.0000
338	Waveform 1	1	1313.645997396	1313.662664062	22000.000	38000.000	0.0800
338	Spectrogram 1	1	1313.645997396	1313.662664062	22000.000	38000.000	0.0800
339	Waveform 1	1	1314.726664063	1314.748664062	22000.000	38000.000	0.0909
339	Spectrogram 1	1	1314.726664063	1314.748664062	22000.000	38000.000	0.0909
340	Waveform 1	1	1317.273330729	1317.331997396	22000.000	38000.000	0.1477
340	Spectrogram 1	1	1317.273330729	1317.331997396	22000.000	38000.000	0.1477
341	Waveform 1	1	1319.403330729	1319.451330729	22000.000	38000.000	0.1111
341	Spectrogram 1	1	1319.403330729	1319.451330729	22000.000	38000.000	0.1111
342	Waveform 1	1	1322.572664062	1322.574664063	22000.000	38000.000	1.0000
342	Spectrogram 1	1	1322.572664062	1322.574664063	22000.000	38000.000	1.0000
343	Waveform 1	1	1323.088664062	1323.093997396	22000.000	38000.000	0.3750
343	Spectrogram 1	1	1323.088664062	1323.093997396	22000.000	38000.000	0.3750
344	Waveform 1	1	1323.573997396	1323.660664063	22000.000	38000.000	0.3692
344	Spectrogram 1	1	1323.573997396	1323.660664063	22000.000	38000.000	0.3692
345	Waveform 1	1	1323.947997396	1323.949330729	22000.000	38000.000	1.0000
345	Spectrogram 1	1	1323.947997396	1323.949330729	22000.000	38000.000	1.0000
346	Waveform 1	1	1330.777330729	1330.778664062	22000.000	38000.000	1.0000
346	Spectrogram 1	1	1330.777330729	1330.778664062	22000.000	38000.000	1.0000
347	Waveform 1	1	1358.800664062	1358.868664062	22000.000	38000.000	0.2647
347	Spectrogram 1	1	1358.800664062	1358.868664062	22000.000	38000.000	0.2647
348	Waveform 1	1	1365.435330729	1365.544664063	22000.000	38000.000	0.2317
348	Spectrogram 1	1	1365.435330729	1365.544664063	22000.000	38000.000	0.2317
349	Waveform 1	1	1366.152664062	1366.190664062	22000.000	38000.000	0.2807
349	Spectrogram 1	1	1366.152664062	1366.190664062	22000.000	38000.000	0.2807
350	Waveform 1	1	1366.875330729	1366.917330729	22000.000	38000.000	0.0952
350	Spectrogram 1	1	1366.875330729	1366.917330729	22000.000	38000.000	0.0952
351	Waveform 1	1	1369.580664062	1369.583330729	22000.000	38000.000	0.7500
351	Spectrogram 1	1	1369.580664062	1369.583330729	22000.000	38000.000	0.7500
352	Waveform 1	1	1369.777330729	1369.780664062	22000.000	38000.000	0.6000
352	Spectrogram 1	1	1369.777330729	1369.780664062	22000.000	38000.000	0.6000
353	Waveform 1	1	1370.263997396	1370.265330729	22000.000	38000.000	1.0000
353	Spectrogram 1	1	1370.263997396	1370.265330729	22000.000	38000.000	1.0000
354	Waveform 1	1	1370.781997396	1370.783330729	22000.000	38000.000	1.0000
354	Spectrogram 1	1	1370.781997396	1370.783330729	22000.000	38000.000	1.0000
355	Waveform 1	1	1371.172664062	1371.179330729	22000.000	38000.000	0.3000
355	Spectrogram 1	1	1371.172664062	1371.179330729	22000.000	38000.000	0.3000
356	Waveform 1	1	1371.467330729	1371.473997396	22000.000	38000.000	0.3000
356	Spectrogram 1	1	1371.467330729	1371.473997396	22000.000	38000.000	0.3000
357	Waveform 1	1	1372.889997396	1372.891330729	22000.000	38000.000	1.0000
357	Spectrogram 1	1	1372.889997396	1372.891330729	22000.000	38000.000	1.0000
358	Waveform 1	1	1373.720664062	1373.724664062	22000.000	38000.000	0.3333
358	Spectrogram 1	1	1373.720664062	1373.724664062	22000.000	38000.000	0.3333
359	Waveform 1	1	1373.913997396	1373.916664062	22000.000	38000.000	0.5000
359	Spectrogram 1	1	1373.913997396	1373.916664062	22000.000	38000.000	0.5000
360	Waveform 1	1	1373.977997396	1374.015997396	22000.000	38000.000	0.1404
360	Spectrogram 1	1	1373.977997396	1374.015997396	22000.000	38000.000	0.1404
361	Waveform 1	1	1374.287330729	1374.288664062	22000.000	38000.000	1.0000
361	Spectrogram 1	1	1374.287330729	1374.288664062	22000.000	38000.000	1.0000
362	Waveform 1	1	1374.610664062	1374.713330729	22000.000	38000.000	0.2468
362	Spectrogram 1	1	1374.610664062	1374.713330729	22000.000	38000.000	0.2468
363	Waveform 1	1	1375.293330729	1375.294664063	22000.000	38000.000	1.0000
363	Spectrogram 1	1	1375.293330729	1375.294664063	22000.000	38000.000	1.0000
364	Waveform 1	1	1375.354664062	1375.356664062	22000.000	38000.000	1.0000
364	Spectrogram 1	1	1375.354664062	1375.356664062	22000.000	38000.000	1.0000
365	Waveform 1	1	1376.095330729	1376.104664062	22000.000	38000.000	0.4286
365	Spectrogram 1	1	1376.095330729	1376.104664062	22000.000	38000.000	0.4286
366	Waveform 1	1	1376.204664062	1376.211330729	22000.000	38000.000	0.2000
366	Spectrogram 1	1	1376.204664062	1376.211330729	22000.000	38000.000	0.2000
367	Waveform 1	1	1376.300664062	1376.302664062	22000.000	38000.000	1.0000
367	Spectrogram 1	1	1376.300664062	1376.302664062	22000.000	38000.000	1.0000
368	Waveform 1	1	1379.619997396	1379.663330729	22000.000	38000.000	0.1385
368	Spectrogram 1	1	1379.619997396	1379.663330729	22000.000	38000.000	0.1385
369	Waveform 1	1	1380.427330729	1380.476664063	22000.000	38000.000	0.3919
369	Spectrogram 1	1	1380.427330729	1380.476664063	22000.000	38000.000	0.3919
370	Waveform 1	1	1380.813997396	1380.856664062	22000.000	38000.000	0.1094
370	Spectrogram 1	1	1380.813997396	1380.856664062	22000.000	38000.000	0.1094
371	Waveform 1	1	1381.343330729	1381.345997396	22000.000	38000.000	0.5000
371	Spectrogram 1	1	1381.343330729	1381.345997396	22000.000	38000.000	0.5000
372	Waveform 1	1	1382.978664063	1382.983330729	22000.000	38000.000	0.8571
372	Spectrogram 1	1	1382.978664063	1382.983330729	22000.000	38000.000	0.8571
373	Waveform 1	1	1383.746664063	1383.749330729	22000.000	38000.000	0.5000
373	Spectrogram 1	1	1383.746664063	1383.749330729	22000.000	38000.000	0.5000
374	Waveform 1	1	1388.793330729	1388.885997396	22000.000	38000.000	0.2590
374	Spectrogram 1	1	1388.793330729	1388.885997396	22000.000	38000.000	0.2590
375	Waveform 1	1	1397.111997396	1397.142664062	22000.000	38000.000	0.0870
375	Spectrogram 1	1	1397.111997396	1397.142664062	22000.000	38000.000	0.0870
376	Waveform 1	1	1401.277997396	1401.343997396	22000.000	38000.000	0.1313
376	Spectrogram 1	1	1401.277997396	1401.343997396	22000.000	38000.000	0.1313
377	Waveform 1	1	1402.348664062	1402.426664062	22000.000	38000.000	0.1880
377	Spectrogram 1	1	1402.348664062	1402.426664062	22000.000	38000.000	0.1880
378	Waveform 1	1	1403.727997396	1403.740664062	22000.000	38000.000	0.1579
378	Spectrogram 1	1	1403.727997396	1403.740664062	22000.000	38000.000	0.1579
379	Waveform 1	1	1406.806664062	1406.897997396	22000.000	38000.000	0.3139
379	Spectrogram 1	1	1406.806664062	1406.897997396	22000.000	38000.000	0.3139
380	Waveform 1	1	1411.380664063	1411.422664062	22000.000	38000.000	0.1111
380	Spectrogram 1	1	1411.380664063	1411.422664062	22000.000	38000.000	0.1111
381	Waveform 1	1	1412.059997396	1412.077997396	22000.000	38000.000	0.1481
381	Spectrogram 1	1	1412.059997396	1412.077997396	22000.000	38000.000	0.1481
382	Waveform 1	1	1412.839330729	1412.905330729	22000.000	38000.000	0.3030
382	Spectrogram 1	1	1412.839330729	1412.905330729	22000.000	38000.000	0.3030
383	Waveform 1	1	1415.464664062	1415.513330729	22000.000	38000.000	0.5068
383	Spectrogram 1	1	1415.464664062	1415.513330729	22000.000	38000.000	0.5068
384	Waveform 1	1	1418.095997396	1418.097997396	22000.000	38000.000	1.0000
384	Spectrogram 1	1	1418.095997396	1418.097997396	22000.000	38000.000	1.0000
385	Waveform 1	1	1419.166664062	1419.198664063	22000.000	38000.000	0.3542
385	Spectrogram 1	1	1419.166664062	1419.198664063	22000.000	38000.000	0.3542
386	Waveform 1	1	1428.853997396	1428.915330729	22000.000	38000.000	0.3261
386	Spectrogram 1	1	1428.853997396	1428.915330729	22000.000	38000.000	0.3261
387	Waveform 1	1	1432.297330729	1432.299997396	22000.000	38000.000	0.7500
387	Spectrogram 1	1	1432.297330729	1432.299997396	22000.000	38000.000	0.7500
388	Waveform 1	1	1433.926664062	1434.016664063	22000.000	38000.000	0.3630
388	Spectrogram 1	1	1433.926664062	1434.016664063	22000.000	38000.000	0.3630
389	Waveform 1	1	1436.736664063	1436.743330729	22000.000	38000.000	0.2000
389	Spectrogram 1	1	1436.736664063	1436.743330729	22000.000	38000.000	0.2000
390	Waveform 1	1	1441.059330729	1441.131330729	22000.000	38000.000	0.5833
390	Spectrogram 1	1	1441.059330729	1441.131330729	22000.000	38000.000	0.5833
391	Waveform 1	1	1446.269997396	1446.273997396	22000.000	38000.000	0.5000
391	Spectrogram 1	1	1446.269997396	1446.273997396	22000.000	38000.000	0.5000
392	Waveform 1	1	1446.367330729	1446.368664062	22000.000	38000.000	1.0000
392	Spectrogram 1	1	1446.367330729	1446.368664062	22000.000	38000.000	1.0000
393	Waveform 1	1	1446.467997396	1446.469330729	22000.000	38000.000	1.0000
393	Spectrogram 1	1	1446.467997396	1446.469330729	22000.000	38000.000	1.0000
394	Waveform 1	1	1447.190664062	1447.191997396	22000.000	38000.000	1.0000
394	Spectrogram 1	1	1447.190664062	1447.191997396	22000.000	38000.000	1.0000
395	Waveform 1	1	1447.291997396	1447.299997396	22000.000	38000.000	0.2500
395	Spectrogram 1	1	1447.291997396	1447.299997396	22000.000	38000.000	0.2500
396	Waveform 1	1	1447.408664062	1447.409997396	22000.000	38000.000	1.0000
396	Spectrogram 1	1	1447.408664062	1447.409997396	22000.000	38000.000	1.0000
397	Waveform 1	1	1459.269330729	1459.377330729	22000.000	38000.000	0.1975
397	Spectrogram 1	1	1459.269330729	1459.377330729	22000.000	38000.000	0.1975
398	Waveform 1	1	1459.883997396	1459.970664062	22000.000	38000.000	0.2615
398	Spectrogram 1	1	1459.883997396	1459.970664062	22000.000	38000.000	0.2615
399	Waveform 1	1	1461.113997396	1461.115330729	22000.000	38000.000	1.0000
399	Spectrogram 1	1	1461.113997396	1461.115330729	22000.000	38000.000	1.0000
400	Waveform 1	1	1461.379330729	1461.460664062	22000.000	38000.000	0.3197
400	Spectrogram 1	1	1461.379330729	1461.460664062	22000.000	38000.000	0.3197
401	Waveform 1	1	1461.815330729	1461.818664062	22000.000	38000.000	0.4000
401	Spectrogram 1	1	1461.815330729	1461.818664062	22000.000	38000.000	0.4000
402	Waveform 1	1	1462.073997396	1462.075330729	22000.000	38000.000	1.0000
402	Spectrogram 1	1	1462.073997396	1462.075330729	22000.000	38000.000	1.0000
403	Waveform 1	1	1464.905997396	1464.918664062	22000.000	38000.000	0.1053
403	Spectrogram 1	1	1464.905997396	1464.918664062	22000.000	38000.000	0.1053
404	Waveform 1	1	1467.105330729	1467.177997396	22000.000	38000.000	0.3119
404	Spectrogram 1	1	1467.105330729	1467.177997396	22000.000	38000.000	0.3119
405	Waveform 1	1	1468.216664062	1468.267997396	22000.000	38000.000	0.4156
405	Spectrogram 1	1	1468.216664062	1468.267997396	22000.000	38000.000	0.4156
406	Waveform 1	1	1469.403330729	1469.407997396	22000.000	38000.000	0.2857
406	Spectrogram 1	1	1469.403330729	1469.407997396	22000.000	38000.000	0.2857
407	Waveform 1	1	1470.140664063	1470.145330729	22000.000	38000.000	0.4286
407	Spectrogram 1	1	1470.140664063	1470.145330729	22000.000	38000.000	0.4286
408	Waveform 1	1	1470.319997396	1470.325997396	22000.000	38000.000	0.3333
408	Spectrogram 1	1	1470.319997396	1470.325997396	22000.000	38000.000	0.3333
409	Waveform 1	1	1470.703330729	1470.706664062	22000.000	38000.000	0.4000
409	Spectrogram 1	1	1470.703330729	1470.706664062	22000.000	38000.000	0.4000
410	Waveform 1	1	1471.905330729	1471.923997396	22000.000	38000.000	0.1071
410	Spectrogram 1	1	1471.905330729	1471.923997396	22000.000	38000.000	0.1071
411	Waveform 1	1	1481.379997396	1481.381330729	22000.000	38000.000	1.0000
411	Spectrogram 1	1	1481.379997396	1481.381330729	22000.000	38000.000	1.0000
412	Waveform 1	1	1481.469997396	1481.476664063	22000.000	38000.000	0.3000
412	Spectrogram 1	1	1481.469997396	1481.476664063	22000.000	38000.000	0.3000
413	Waveform 1	1	1481.847330729	1481.856664062	22000.000	38000.000	0.2857
413	Spectrogram 1	1	1481.847330729	1481.856664062	22000.000	38000.000	0.2857
414	Waveform 1	1	1484.915997396	1484.970664062	22000.000	38000.000	0.0976
414	Spectrogram 1	1	1484.915997396	1484.970664062	22000.000	38000.000	0.0976
415	Waveform 1	1	1496.112664063	1496.113997396	22000.000	38000.000	1.0000
415	Spectrogram 1	1	1496.112664063	1496.113997396	22000.000	38000.000	1.0000
416	Waveform 1	1	1496.707330729	1496.791330729	22000.000	38000.000	0.2937
416	Spectrogram 1	1	1496.707330729	1496.791330729	22000.000	38000.000	0.2937
417	Waveform 1	1	1497.001997396	1497.003330729	22000.000	38000.000	1.0000
417	Spectrogram 1	1	1497.001997396	1497.003330729	22000.000	38000.000	1.0000
418	Waveform 1	1	1497.081330729	1497.082664063	22000.000	38000.000	1.0000
418	Spectrogram 1	1	1497.081330729	1497.082664063	22000.000	38000.000	1.0000
419	Waveform 1	1	1497.256664063	1497.259997396	22000.000	38000.000	0.4000
419	Spectrogram 1	1	1497.256664063	1497.259997396	22000.000	38000.000	0.4000
420	Waveform 1	1	1503.052664062	1503.107330729	22000.000	38000.000	0.3415
420	Spectrogram 1	1	1503.052664062	1503.107330729	22000.000	38000.000	0.3415
421	Waveform 1	1	1505.265330729	1505.283997396	22000.000	38000.000	0.1071
421	Spectrogram 1	1	1505.265330729	1505.283997396	22000.000	38000.000	0.1071
422	Waveform 1	1	1510.805330729	1510.859330729	22000.000	38000.000	0.0988
422	Spectrogram 1	1	1510.805330729	1510.859330729	22000.000	38000.000	0.0988
423	Waveform 1	1	1513.099330729	1513.101997396	22000.000	38000.000	0.5000
423	Spectrogram 1	1	1513.099330729	1513.101997396	22000.000	38000.000	0.5000
424	Waveform 1	1	1513.711997396	1513.791330729	22000.000	38000.000	0.3529
424	Spectrogram 1	1	1513.711997396	1513.791330729	22000.000	38000.000	0.3529
425	Waveform 1	1	1515.637997396	1515.643997396	22000.000	38000.000	0.3333
425	Spectrogram 1	1	1515.637997396	1515.643997396	22000.000	38000.000	0.3333
426	Waveform 1	1	1517.189997396	1517.239330729	22000.000	38000.000	0.0946
426	Spectrogram 1	1	1517.189997396	1517.239330729	22000.000	38000.000	0.0946
427	Waveform 1	1	1517.913330729	1517.914664062	22000.000	38000.000	1.0000
427	Spectrogram 1	1	1517.913330729	1517.914664062	22000.000	38000.000	1.0000
428	Waveform 1	1	1518.582664063	1518.592664063	22000.000	38000.000	0.5333
428	Spectrogram 1	1	1518.582664063	1518.592664063	22000.000	38000.000	0.5333
429	Waveform 1	1	1518.809997396	1518.811330729	22000.000	38000.000	1.0000
429	Spectrogram 1	1	1518.809997396	1518.811330729	22000.000	38000.000	1.0000
430	Waveform 1	1	1519.220664062	1519.227997396	22000.000	38000.000	0.4545
430	Spectrogram 1	1	1519.220664062	1519.227997396	22000.000	38000.000	0.4545
431	Waveform 1	1	1519.529330729	1519.534664063	22000.000	38000.000	0.2500
431	Spectrogram 1	1	1519.529330729	1519.534664063	22000.000	38000.000	0.2500
432	Waveform 1	1	1519.875997396	1519.877330729	22000.000	38000.000	1.0000
432	Spectrogram 1	1	1519.875997396	1519.877330729	22000.000	38000.000	1.0000
433	Waveform 1	1	1520.097330729	1520.101330729	22000.000	38000.000	0.3333
433	Spectrogram 1	1	1520.097330729	1520.101330729	22000.000	38000.000	0.3333
434	Waveform 1	1	1520.227330729	1520.228664063	22000.000	38000.000	1.0000
434	Spectrogram 1	1	1520.227330729	1520.228664063	22000.000	38000.000	1.0000
435	Waveform 1	1	1524.591997396	1524.595997396	22000.000	38000.000	0.6667
435	Spectrogram 1	1	1524.591997396	1524.595997396	22000.000	38000.000	0.6667
436	Waveform 1	1	1530.874664062	1530.880664063	22000.000	38000.000	0.2222
436	Spectrogram 1	1	1530.874664062	1530.880664063	22000.000	38000.000	0.2222
437	Waveform 1	1	1531.864664062	1531.865997396	22000.000	38000.000	1.0000
437	Spectrogram 1	1	1531.864664062	1531.865997396	22000.000	38000.000	1.0000
438	Waveform 1	1	1532.546664062	1532.583330729	22000.000	38000.000	0.2000
438	Spectrogram 1	1	1532.546664062	1532.583330729	22000.000	38000.000	0.2000
439	Waveform 1	1	1538.979997396	1538.981997396	22000.000	38000.000	1.0000
439	Spectrogram 1	1	1538.979997396	1538.981997396	22000.000	38000.000	1.0000
440	Waveform 1	1	1539.629997396	1539.634664062	22000.000	38000.000	0.4286
440	Spectrogram 1	1	1539.629997396	1539.634664062	22000.000	38000.000	0.4286
441	Waveform 1	1	1539.729997396	1539.731330729	22000.000	38000.000	1.0000
441	Spectrogram 1	1	1539.729997396	1539.731330729	22000.000	38000.000	1.0000
442	Waveform 1	1	1539.919997396	1539.932664062	22000.000	38000.000	0.6842
442	Spectrogram 1	1	1539.919997396	1539.932664062	22000.000	38000.000	0.6842
443	Waveform 1	1	1540.753330729	1540.754664062	22000.000	38000.000	1.0000
443	Spectrogram 1	1	1540.753330729	1540.754664062	22000.000	38000.000	1.0000
444	Waveform 1	1	1540.843330729	1540.850664062	22000.000	38000.000	0.3636
444	Spectrogram 1	1	1540.843330729	1540.850664062	22000.000	38000.000	0.3636
445	Waveform 1	1	1540.934664062	1540.941330729	22000.000	38000.000	0.4000
445	Spectrogram 1	1	1540.934664062	1540.941330729	22000.000	38000.000	0.4000
446	Waveform 1	1	1541.028664062	1541.029997396	22000.000	38000.000	1.0000
446	Spectrogram 1	1	1541.028664062	1541.029997396	22000.000	38000.000	1.0000
447	Waveform 1	1	1541.356664062	1541.367330729	22000.000	38000.000	0.4375
447	Spectrogram 1	1	1541.356664062	1541.367330729	22000.000	38000.000	0.4375
448	Waveform 1	1	1541.902664062	1541.903997396	22000.000	38000.000	1.0000
448	Spectrogram 1	1	1541.902664062	1541.903997396	22000.000	38000.000	1.0000
449	Waveform 1	1	1547.067330729	1547.068664062	22000.000	38000.000	1.0000
449	Spectrogram 1	1	1547.067330729	1547.068664062	22000.000	38000.000	1.0000
450	Waveform 1	1	1547.172664062	1547.178664063	22000.000	38000.000	0.2222
450	Spectrogram 1	1	1547.172664062	1547.178664063	22000.000	38000.000	0.2222
451	Waveform 1	1	1548.770664062	1548.869330729	22000.000	38000.000	0.1486
451	Spectrogram 1	1	1548.770664062	1548.869330729	22000.000	38000.000	0.1486
452	Waveform 1	1	1548.955997396	1548.963330729	22000.000	38000.000	0.2727
452	Spectrogram 1	1	1548.955997396	1548.963330729	22000.000	38000.000	0.2727
453	Waveform 1	1	1555.505330729	1555.583997396	22000.000	38000.000	0.3983
453	Spectrogram 1	1	1555.505330729	1555.583997396	22000.000	38000.000	0.3983
454	Waveform 1	1	1556.115997396	1556.117330729	22000.000	38000.000	1.0000
454	Spectrogram 1	1	1556.115997396	1556.117330729	22000.000	38000.000	1.0000
455	Waveform 1	1	1557.793997396	1557.810664062	22000.000	38000.000	0.5600
455	Spectrogram 1	1	1557.793997396	1557.810664062	22000.000	38000.000	0.5600
456	Waveform 1	1	1557.886664062	1557.895330729	22000.000	38000.000	0.1538
456	Spectrogram 1	1	1557.886664062	1557.895330729	22000.000	38000.000	0.1538
457	Waveform 1	1	1558.077997396	1558.086664062	22000.000	38000.000	0.3077
457	Spectrogram 1	1	1558.077997396	1558.086664062	22000.000	38000.000	0.3077
458	Waveform 1	1	1558.268664062	1558.274664062	22000.000	38000.000	0.6667
458	Spectrogram 1	1	1558.268664062	1558.274664062	22000.000	38000.000	0.6667
459	Waveform 1	1	1558.477330729	1558.485330729	22000.000	38000.000	0.5833
459	Spectrogram 1	1	1558.477330729	1558.485330729	22000.000	38000.000	0.5833
460	Waveform 1	1	1558.799330729	1558.805330729	22000.000	38000.000	0.4444
460	Spectrogram 1	1	1558.799330729	1558.805330729	22000.000	38000.000	0.4444
461	Waveform 1	1	1559.459997396	1559.464664062	22000.000	38000.000	0.5714
461	Spectrogram 1	1	1559.459997396	1559.464664062	22000.000	38000.000	0.5714
462	Waveform 1	1	1566.708664063	1566.771330729	22000.000	38000.000	0.2979
462	Spectrogram 1	1	1566.708664063	1566.771330729	22000.000	38000.000	0.2979
463	Waveform 1	1	1570.547330729	1570.548664062	22000.000	38000.000	1.0000
463	Spectrogram 1	1	1570.547330729	1570.548664062	22000.000	38000.000	1.0000
464	Waveform 1	1	1571.509997396	1571.515997396	22000.000	38000.000	0.3333
464	Spectrogram 1	1	1571.509997396	1571.515997396	22000.000	38000.000	0.3333
465	Waveform 1	1	1575.328664062	1575.329997396	22000.000	38000.000	1.0000
465	Spectrogram 1	1	1575.328664062	1575.329997396	22000.000	38000.000	1.0000
466	Waveform 1	1	1575.521997396	1575.531330729	22000.000	38000.000	0.3571
466	Spectrogram 1	1	1575.521997396	1575.531330729	22000.000	38000.000	0.3571
467	Waveform 1	1	1575.627330729	1575.635997396	22000.000	38000.000	0.3077
467	Spectrogram 1	1	1575.627330729	1575.635997396	22000.000	38000.000	0.3077
468	Waveform 1	1	1575.811997396	1575.818664062	22000.000	38000.000	0.2000
468	Spectrogram 1	1	1575.811997396	1575.818664062	22000.000	38000.000	0.2000
469	Waveform 1	1	1575.910664063	1575.917330729	22000.000	38000.000	0.6000
469	Spectrogram 1	1	1575.910664063	1575.917330729	22000.000	38000.000	0.6000
470	Waveform 1	1	1576.220664062	1576.221997396	22000.000	38000.000	1.0000
470	Spectrogram 1	1	1576.220664062	1576.221997396	22000.000	38000.000	1.0000
471	Waveform 1	1	1579.017330729	1579.053330729	22000.000	38000.000	0.1296
471	Spectrogram 1	1	1579.017330729	1579.053330729	22000.000	38000.000	0.1296
472	Waveform 1	1	1580.048664062	1580.111330729	22000.000	38000.000	0.5851
472	Spectrogram 1	1	1580.048664062	1580.111330729	22000.000	38000.000	0.5851
473	Waveform 1	1	1580.515330729	1580.522664062	22000.000	38000.000	0.3636
473	Spectrogram 1	1	1580.515330729	1580.522664062	22000.000	38000.000	0.3636
474	Waveform 1	1	1580.614664062	1580.624664062	22000.000	38000.000	0.5333
474	Spectrogram 1	1	1580.614664062	1580.624664062	22000.000	38000.000	0.5333
475	Waveform 1	1	1580.715997396	1580.722664062	22000.000	38000.000	0.6000
475	Spectrogram 1	1	1580.715997396	1580.722664062	22000.000	38000.000	0.6000
476	Waveform 1	1	1581.143997396	1581.147330729	22000.000	38000.000	0.4000
476	Spectrogram 1	1	1581.143997396	1581.147330729	22000.000	38000.000	0.4000
477	Waveform 1	1	1581.523997396	1581.533997396	22000.000	38000.000	0.6667
477	Spectrogram 1	1	1581.523997396	1581.533997396	22000.000	38000.000	0.6667
478	Waveform 1	1	1581.616664062	1581.620664062	22000.000	38000.000	0.6667
478	Spectrogram 1	1	1581.616664062	1581.620664062	22000.000	38000.000	0.6667
479	Waveform 1	1	1581.720664062	1581.724664062	22000.000	38000.000	0.3333
479	Spectrogram 1	1	1581.720664062	1581.724664062	22000.000	38000.000	0.3333
480	Waveform 1	1	1582.067330729	1582.070664062	22000.000	38000.000	0.8000
480	Spectrogram 1	1	1582.067330729	1582.070664062	22000.000	38000.000	0.8000
481	Waveform 1	1	1582.231997396	1582.234664062	22000.000	38000.000	0.7500
481	Spectrogram 1	1	1582.231997396	1582.234664062	22000.000	38000.000	0.7500
482	Waveform 1	1	1582.519997396	1582.525997396	22000.000	38000.000	0.5556
482	Spectrogram 1	1	1582.519997396	1582.525997396	22000.000	38000.000	0.5556
483	Waveform 1	1	1582.823997396	1582.825330729	22000.000	38000.000	1.0000
483	Spectrogram 1	1	1582.823997396	1582.825330729	22000.000	38000.000	1.0000
484	Waveform 1	1	1587.231997396	1587.311330729	22000.000	38000.000	0.1092
484	Spectrogram 1	1	1587.231997396	1587.311330729	22000.000	38000.000	0.1092
485	Waveform 1	1	1587.633997396	1587.635330729	22000.000	38000.000	1.0000
485	Spectrogram 1	1	1587.633997396	1587.635330729	22000.000	38000.000	1.0000
486	Waveform 1	1	1591.973330729	1592.032664062	22000.000	38000.000	0.5393
486	Spectrogram 1	1	1591.973330729	1592.032664062	22000.000	38000.000	0.5393
487	Waveform 1	1	1592.791997396	1592.793330729	22000.000	38000.000	1.0000
487	Spectrogram 1	1	1592.791997396	1592.793330729	22000.000	38000.000	1.0000
488	Waveform 1	1	1593.001330729	1593.002664062	22000.000	38000.000	1.0000
488	Spectrogram 1	1	1593.001330729	1593.002664062	22000.000	38000.000	1.0000
489	Waveform 1	1	1595.474664062	1595.481997396	22000.000	38000.000	0.4545
489	Spectrogram 1	1	1595.474664062	1595.481997396	22000.000	38000.000	0.4545
490	Waveform 1	1	1595.683330729	1595.690664062	22000.000	38000.000	0.4545
490	Spectrogram 1	1	1595.683330729	1595.690664062	22000.000	38000.000	0.4545
491	Waveform 1	1	1595.881330729	1595.882664062	22000.000	38000.000	1.0000
491	Spectrogram 1	1	1595.881330729	1595.882664062	22000.000	38000.000	1.0000
492	Waveform 1	1	1596.067997396	1596.073330729	22000.000	38000.000	0.5000
492	Spectrogram 1	1	1596.067997396	1596.073330729	22000.000	38000.000	0.5000
493	Waveform 1	1	1597.865330729	1597.866664062	22000.000	38000.000	1.0000
493	Spectrogram 1	1	1597.865330729	1597.866664062	22000.000	38000.000	1.0000
494	Waveform 1	1	1598.465997396	1598.472664062	22000.000	38000.000	0.4000
494	Spectrogram 1	1	1598.465997396	1598.472664062	22000.000	38000.000	0.4000
495	Waveform 1	1	1598.741997396	1598.746664063	22000.000	38000.000	0.8571
495	Spectrogram 1	1	1598.741997396	1598.746664063	22000.000	38000.000	0.8571
496	Waveform 1	1	1598.836664062	1598.841330729	22000.000	38000.000	0.4286
496	Spectrogram 1	1	1598.836664062	1598.841330729	22000.000	38000.000	0.4286
497	Waveform 1	1	1599.641997396	1599.643330729	22000.000	38000.000	1.0000
497	Spectrogram 1	1	1599.641997396	1599.643330729	22000.000	38000.000	1.0000
498	Waveform 1	1	1599.848664062	1599.849997396	22000.000	38000.000	1.0000
498	Spectrogram 1	1	1599.848664062	1599.849997396	22000.000	38000.000	1.0000
499	Waveform 1	1	1607.605330729	1607.659330729	22000.000	38000.000	0.2222
499	Spectrogram 1	1	1607.605330729	1607.659330729	22000.000	38000.000	0.2222
500	Waveform 1	1	1608.566664062	1608.567997396	22000.000	38000.000	1.0000
500	Spectrogram 1	1	1608.566664062	1608.567997396	22000.000	38000.000	1.0000
501	Waveform 1	1	1613.341330729	1613.413330729	22000.000	38000.000	0.2315
501	Spectrogram 1	1	1613.341330729	1613.413330729	22000.000	38000.000	0.2315
502	Waveform 1	1	1614.275997396	1614.277997396	22000.000	38000.000	0.6667
502	Spectrogram 1	1	1614.275997396	1614.277997396	22000.000	38000.000	0.6667
503	Waveform 1	1	1615.517997396	1615.519330729	22000.000	38000.000	1.0000
503	Spectrogram 1	1	1615.517997396	1615.519330729	22000.000	38000.000	1.0000
504	Waveform 1	1	1615.609997396	1615.617997396	22000.000	38000.000	0.1667
504	Spectrogram 1	1	1615.609997396	1615.617997396	22000.000	38000.000	0.1667
505	Waveform 1	1	1617.007330729	1617.077330729	22000.000	38000.000	0.3905
505	Spectrogram 1	1	1617.007330729	1617.077330729	22000.000	38000.000	0.3905
506	Waveform 1	1	1617.714664062	1617.763330729	22000.000	38000.000	0.2192
506	Spectrogram 1	1	1617.714664062	1617.763330729	22000.000	38000.000	0.2192
507	Waveform 1	1	1621.119997396	1621.121330729	22000.000	38000.000	1.0000
507	Spectrogram 1	1	1621.119997396	1621.121330729	22000.000	38000.000	1.0000
508	Waveform 1	1	1622.149330729	1622.150664063	22000.000	38000.000	1.0000
508	Spectrogram 1	1	1622.149330729	1622.150664063	22000.000	38000.000	1.0000
509	Waveform 1	1	1622.835330729	1622.839330729	22000.000	38000.000	0.5000
509	Spectrogram 1	1	1622.835330729	1622.839330729	22000.000	38000.000	0.5000
510	Waveform 1	1	1623.045330729	1623.053997396	22000.000	38000.000	0.3846
510	Spectrogram 1	1	1623.045330729	1623.053997396	22000.000	38000.000	0.3846
511	Waveform 1	1	1623.519330729	1623.561997396	22000.000	38000.000	0.2812
511	Spectrogram 1	1	1623.519330729	1623.561997396	22000.000	38000.000	0.2812
512	Waveform 1	1	1624.019330729	1624.020664062	22000.000	38000.000	1.0000
512	Spectrogram 1	1	1624.019330729	1624.020664062	22000.000	38000.000	1.0000
513	Waveform 1	1	1624.653330729	1624.696664062	22000.000	38000.000	0.0923
513	Spectrogram 1	1	1624.653330729	1624.696664062	22000.000	38000.000	0.0923
514	Waveform 1	1	1628.347997396	1628.349330729	22000.000	38000.000	1.0000
514	Spectrogram 1	1	1628.347997396	1628.349330729	22000.000	38000.000	1.0000
515	Waveform 1	1	1629.763997396	1629.769330729	22000.000	38000.000	0.2500
515	Spectrogram 1	1	1629.763997396	1629.769330729	22000.000	38000.000	0.2500
516	Waveform 1	1	1636.070664062	1636.112664063	22000.000	38000.000	0.4921
516	Spectrogram 1	1	1636.070664062	1636.112664063	22000.000	38000.000	0.4921
517	Waveform 1	1	1637.701330729	1637.793330729	22000.000	38000.000	0.3841
517	Spectrogram 1	1	1637.701330729	1637.793330729	22000.000	38000.000	0.3841
518	Waveform 1	1	1638.425997396	1638.491997396	22000.000	38000.000	0.4545
518	Spectrogram 1	1	1638.425997396	1638.491997396	22000.000	38000.000	0.4545
519	Waveform 1	1	1646.163330729	1646.224664062	22000.000	38000.000	0.4457
519	Spectrogram 1	1	1646.163330729	1646.224664062	22000.000	38000.000	0.4457
520	Waveform 1	1	1655.020664062	1655.021997396	22000.000	38000.000	1.0000
520	Spectrogram 1	1	1655.020664062	1655.021997396	22000.000	38000.000	1.0000
521	Waveform 1	1	1655.536664062	1655.541330729	22000.000	38000.000	0.5714
521	Spectrogram 1	1	1655.536664062	1655.541330729	22000.000	38000.000	0.5714
522	Waveform 1	1	1655.965997396	1655.969330729	22000.000	38000.000	0.4000
522	Spectrogram 1	1	1655.965997396	1655.969330729	22000.000	38000.000	0.4000
523	Waveform 1	1	1656.579330729	1656.581330729	22000.000	38000.000	0.6667
523	Spectrogram 1	1	1656.579330729	1656.581330729	22000.000	38000.000	0.6667
524	Waveform 1	1	1656.755330729	1656.759330729	22000.000	38000.000	0.3333
524	Spectrogram 1	1	1656.755330729	1656.759330729	22000.000	38000.000	0.3333
525	Waveform 1	1	1657.055997396	1657.061997396	22000.000	38000.000	0.5556
525	Spectrogram 1	1	1657.055997396	1657.061997396	22000.000	38000.000	0.5556
526	Waveform 1	1	1657.257997396	1657.259997396	22000.000	38000.000	0.6667
526	Spectrogram 1	1	1657.257997396	1657.259997396	22000.000	38000.000	0.6667
527	Waveform 1	1	1662.363997396	1662.447330729	22000.000	38000.000	0.3360
527	Spectrogram 1	1	1662.363997396	1662.447330729	22000.000	38000.000	0.3360
528	Waveform 1	1	1664.244664062	1664.307330729	22000.000	38000.000	0.3404
528	Spectrogram 1	1	1664.244664062	1664.307330729	22000.000	38000.000	0.3404
529	Waveform 1	1	1664.487330729	1664.491997396	22000.000	38000.000	0.2857
529	Spectrogram 1	1	1664.487330729	1664.491997396	22000.000	38000.000	0.2857
530	Waveform 1	1	1664.567997396	1664.573997396	22000.000	38000.000	0.3333
530	Spectrogram 1	1	1664.567997396	1664.573997396	22000.000	38000.000	0.3333
531	Waveform 1	1	1665.007997396	1665.075997396	22000.000	38000.000	0.2255
531	Spectrogram 1	1	1665.007997396	1665.075997396	22000.000	38000.000	0.2255
532	Waveform 1	1	1665.304664063	1665.310664062	22000.000	38000.000	0.3333
532	Spectrogram 1	1	1665.304664063	1665.310664062	22000.000	38000.000	0.3333
533	Waveform 1	1	1665.447330729	1665.453330729	22000.000	38000.000	0.2222
533	Spectrogram 1	1	1665.447330729	1665.453330729	22000.000	38000.000	0.2222
534	Waveform 1	1	1667.043330729	1667.087330729	22000.000	38000.000	0.0758
534	Spectrogram 1	1	1667.043330729	1667.087330729	22000.000	38000.000	0.0758
535	Waveform 1	1	1673.697330729	1673.698664063	22000.000	38000.000	1.0000
535	Spectrogram 1	1	1673.697330729	1673.698664063	22000.000	38000.000	1.0000
536	Waveform 1	1	1674.041997396	1674.086664062	22000.000	38000.000	0.1493
536	Spectrogram 1	1	1674.041997396	1674.086664062	22000.000	38000.000	0.1493
537	Waveform 1	1	1674.398664062	1674.399997396	22000.000	38000.000	1.0000
537	Spectrogram 1	1	1674.398664062	1674.399997396	22000.000	38000.000	1.0000
538	Waveform 1	1	1675.611997396	1675.613330729	22000.000	38000.000	1.0000
538	Spectrogram 1	1	1675.611997396	1675.613330729	22000.000	38000.000	1.0000
539	Waveform 1	1	1676.177997396	1676.231997396	22000.000	38000.000	0.0864
539	Spectrogram 1	1	1676.177997396	1676.231997396	22000.000	38000.000	0.0864
540	Waveform 1	1	1677.238664062	1677.241330729	22000.000	38000.000	0.7500
540	Spectrogram 1	1	1677.238664062	1677.241330729	22000.000	38000.000	0.7500
541	Waveform 1	1	1677.617330729	1677.626664062	22000.000	38000.000	0.6429
541	Spectrogram 1	1	1677.617330729	1677.626664062	22000.000	38000.000	0.6429
542	Waveform 1	1	1677.910664063	1677.911997396	22000.000	38000.000	1.0000
542	Spectrogram 1	1	1677.910664063	1677.911997396	22000.000	38000.000	1.0000
543	Waveform 1	1	1678.821330729	1678.822664062	22000.000	38000.000	1.0000
543	Spectrogram 1	1	1678.821330729	1678.822664062	22000.000	38000.000	1.0000
544	Waveform 1	1	1679.467997396	1679.478664063	22000.000	38000.000	0.1250
544	Spectrogram 1	1	1679.467997396	1679.478664063	22000.000	38000.000	0.1250
545	Waveform 1	1	1680.887330729	1680.888664062	22000.000	38000.000	1.0000
545	Spectrogram 1	1	1680.887330729	1680.888664062	22000.000	38000.000	1.0000
546	Waveform 1	1	1681.077997396	1681.079330729	22000.000	38000.000	1.0000
546	Spectrogram 1	1	1681.077997396	1681.079330729	22000.000	38000.000	1.0000
547	Waveform 1	1	1681.259997396	1681.263997396	22000.000	38000.000	0.5000
547	Spectrogram 1	1	1681.259997396	1681.263997396	22000.000	38000.000	0.5000
548	Waveform 1	1	1681.361330729	1681.362664063	22000.000	38000.000	1.0000
548	Spectrogram 1	1	1681.361330729	1681.362664063	22000.000	38000.000	1.0000
549	Waveform 1	1	1681.553997396	1681.558664062	22000.000	38000.000	0.5714
549	Spectrogram 1	1	1681.553997396	1681.558664062	22000.000	38000.000	0.5714
550	Waveform 1	1	1681.721997396	1681.731330729	22000.000	38000.000	0.6429
550	Spectrogram 1	1	1681.721997396	1681.731330729	22000.000	38000.000	0.6429
551	Waveform 1	1	1681.815997396	1681.825330729	22000.000	38000.000	0.2857
551	Spectrogram 1	1	1681.815997396	1681.825330729	22000.000	38000.000	0.2857
552	Waveform 1	1	1681.910664063	1681.920664063	22000.000	38000.000	0.5333
552	Spectrogram 1	1	1681.910664063	1681.920664063	22000.000	38000.000	0.5333
553	Waveform 1	1	1681.999997396	1682.013330729	22000.000	38000.000	0.3500
553	Spectrogram 1	1	1681.999997396	1682.013330729	22000.000	38000.000	0.3500
554	Waveform 1	1	1682.100664062	1682.111330729	22000.000	38000.000	0.3750
554	Spectrogram 1	1	1682.100664062	1682.111330729	22000.000	38000.000	0.3750
555	Waveform 1	1	1682.197330729	1682.209330729	22000.000	38000.000	0.5556
555	Spectrogram 1	1	1682.197330729	1682.209330729	22000.000	38000.000	0.5556
556	Waveform 1	1	1682.297997396	1682.303330729	22000.000	38000.000	0.6250
556	Spectrogram 1	1	1682.297997396	1682.303330729	22000.000	38000.000	0.6250
557	Waveform 1	1	1682.390664063	1682.401330729	22000.000	38000.000	0.5000
557	Spectrogram 1	1	1682.390664063	1682.401330729	22000.000	38000.000	0.5000
558	Waveform 1	1	1682.491330729	1682.502664062	22000.000	38000.000	0.8824
558	Spectrogram 1	1	1682.491330729	1682.502664062	22000.000	38000.000	0.8824
559	Waveform 1	1	1682.593997396	1682.597330729	22000.000	38000.000	1.0000
559	Spectrogram 1	1	1682.593997396	1682.597330729	22000.000	38000.000	1.0000
560	Waveform 1	1	1682.766664063	1682.786664062	22000.000	38000.000	0.6333
560	Spectrogram 1	1	1682.766664063	1682.786664062	22000.000	38000.000	0.6333
561	Waveform 1	1	1682.865997396	1682.873997396	22000.000	38000.000	0.3333
561	Spectrogram 1	1	1682.865997396	1682.873997396	22000.000	38000.000	0.3333
562	Waveform 1	1	1683.037330729	1683.048664062	22000.000	38000.000	0.6471
562	Spectrogram 1	1	1683.037330729	1683.048664062	22000.000	38000.000	0.6471
563	Waveform 1	1	1683.529997396	1683.536664062	22000.000	38000.000	0.6000
563	Spectrogram 1	1	1683.529997396	1683.536664062	22000.000	38000.000	0.6000
564	Waveform 1	1	1683.821330729	1683.825330729	22000.000	38000.000	0.5000
564	Spectrogram 1	1	1683.821330729	1683.825330729	22000.000	38000.000	0.5000
565	Waveform 1	1	1684.188664063	1684.189997396	22000.000	38000.000	1.0000
565	Spectrogram 1	1	1684.188664063	1684.189997396	22000.000	38000.000	1.0000
566	Waveform 1	1	1686.468664063	1686.471997396	22000.000	38000.000	0.6000
566	Spectrogram 1	1	1686.468664063	1686.471997396	22000.000	38000.000	0.6000
567	Waveform 1	1	1686.617997396	1686.629997396	22000.000	38000.000	0.4444
567	Spectrogram 1	1	1686.617997396	1686.629997396	22000.000	38000.000	0.4444
568	Waveform 1	1	1686.693997396	1686.695997396	22000.000	38000.000	1.0000
568	Spectrogram 1	1	1686.693997396	1686.695997396	22000.000	38000.000	1.0000
569	Waveform 1	1	1687.035997396	1687.097330729	22000.000	38000.000	0.5000
569	Spectrogram 1	1	1687.035997396	1687.097330729	22000.000	38000.000	0.5000
570	Waveform 1	1	1687.266664063	1687.271330729	22000.000	38000.000	0.2857
570	Spectrogram 1	1	1687.266664063	1687.271330729	22000.000	38000.000	0.2857
571	Waveform 1	1	1687.411997396	1687.419997396	22000.000	38000.000	0.7500
571	Spectrogram 1	1	1687.411997396	1687.419997396	22000.000	38000.000	0.7500
572	Waveform 1	1	1687.818664062	1687.916664062	22000.000	38000.000	0.3061
572	Spectrogram 1	1	1687.818664062	1687.916664062	22000.000	38000.000	0.3061
573	Waveform 1	1	1688.104664062	1688.109997396	22000.000	38000.000	0.3750
573	Spectrogram 1	1	1688.104664062	1688.109997396	22000.000	38000.000	0.3750
574	Waveform 1	1	1688.422664062	1688.433997396	22000.000	38000.000	0.2941
574	Spectrogram 1	1	1688.422664062	1688.433997396	22000.000	38000.000	0.2941
575	Waveform 1	1	1689.011997396	1689.013330729	22000.000	38000.000	1.0000
575	Spectrogram 1	1	1689.011997396	1689.013330729	22000.000	38000.000	1.0000
576	Waveform 1	1	1689.097997396	1689.122664063	22000.000	38000.000	0.4324
576	Spectrogram 1	1	1689.097997396	1689.122664063	22000.000	38000.000	0.4324
577	Waveform 1	1	1689.911997396	1689.923330729	22000.000	38000.000	0.1176
577	Spectrogram 1	1	1689.911997396	1689.923330729	22000.000	38000.000	0.1176
578	Waveform 1	1	1690.001330729	1690.002664062	22000.000	38000.000	1.0000
578	Spectrogram 1	1	1690.001330729	1690.002664062	22000.000	38000.000	1.0000
579	Waveform 1	1	1690.121330729	1690.132664062	22000.000	38000.000	0.1765
579	Spectrogram 1	1	1690.121330729	1690.132664062	22000.000	38000.000	0.1765
580	Waveform 1	1	1691.399330729	1691.445330729	22000.000	38000.000	0.3913
580	Spectrogram 1	1	1691.399330729	1691.445330729	22000.000	38000.000	0.3913
581	Waveform 1	1	1691.677330729	1691.681330729	22000.000	38000.000	0.8333
581	Spectrogram 1	1	1691.677330729	1691.681330729	22000.000	38000.000	0.8333
582	Waveform 1	1	1691.836664062	1691.839330729	22000.000	38000.000	0.5000
582	Spectrogram 1	1	1691.836664062	1691.839330729	22000.000	38000.000	0.5000
583	Waveform 1	1	1692.199997396	1692.210664062	22000.000	38000.000	0.6875
583	Spectrogram 1	1	1692.199997396	1692.210664062	22000.000	38000.000	0.6875
584	Waveform 1	1	1692.302664062	1692.307997396	22000.000	38000.000	0.3750
584	Spectrogram 1	1	1692.302664062	1692.307997396	22000.000	38000.000	0.3750
585	Waveform 1	1	1692.480664062	1692.491330729	22000.000	38000.000	0.2500
585	Spectrogram 1	1	1692.480664062	1692.491330729	22000.000	38000.000	0.2500
586	Waveform 1	1	1692.579330729	1692.584664062	22000.000	38000.000	0.2500
586	Spectrogram 1	1	1692.579330729	1692.584664062	22000.000	38000.000	0.2500
587	Waveform 1	1	1693.071997396	1693.170664063	22000.000	38000.000	0.3446
587	Spectrogram 1	1	1693.071997396	1693.170664063	22000.000	38000.000	0.3446
588	Waveform 1	1	1693.370664062	1693.378664062	22000.000	38000.000	0.5000
588	Spectrogram 1	1	1693.370664062	1693.378664062	22000.000	38000.000	0.5000
589	Waveform 1	1	1693.629997396	1693.631330729	22000.000	38000.000	1.0000
589	Spectrogram 1	1	1693.629997396	1693.631330729	22000.000	38000.000	1.0000
590	Waveform 1	1	1693.823330729	1693.832664063	22000.000	38000.000	0.3571
590	Spectrogram 1	1	1693.823330729	1693.832664063	22000.000	38000.000	0.3571
591	Waveform 1	1	1693.915997396	1693.922664062	22000.000	38000.000	0.3000
591	Spectrogram 1	1	1693.915997396	1693.922664062	22000.000	38000.000	0.3000
592	Waveform 1	1	1694.007997396	1694.017997396	22000.000	38000.000	0.8000
592	Spectrogram 1	1	1694.007997396	1694.017997396	22000.000	38000.000	0.8000
593	Waveform 1	1	1694.104664062	1694.115997396	22000.000	38000.000	0.2941
593	Spectrogram 1	1	1694.104664062	1694.115997396	22000.000	38000.000	0.2941
594	Waveform 1	1	1694.367997396	1694.381330729	22000.000	38000.000	0.9000
594	Spectrogram 1	1	1694.367997396	1694.381330729	22000.000	38000.000	0.9000
595	Waveform 1	1	1694.654664062	1694.664664062	22000.000	38000.000	0.4667
595	Spectrogram 1	1	1694.654664062	1694.664664062	22000.000	38000.000	0.4667
596	Waveform 1	1	1694.854664062	1694.860664062	22000.000	38000.000	0.4444
596	Spectrogram 1	1	1694.854664062	1694.860664062	22000.000	38000.000	0.4444
597	Waveform 1	1	1695.206664062	1695.213997396	22000.000	38000.000	0.4545
597	Spectrogram 1	1	1695.206664062	1695.213997396	22000.000	38000.000	0.4545
598	Waveform 1	1	1697.095997396	1697.097330729	22000.000	38000.000	1.0000
598	Spectrogram 1	1	1697.095997396	1697.097330729	22000.000	38000.000	1.0000
599	Waveform 1	1	1697.245997396	1697.248664062	22000.000	38000.000	1.0000
599	Spectrogram 1	1	1697.245997396	1697.248664062	22000.000	38000.000	1.0000
600	Waveform 1	1	1697.477997396	1697.493330729	22000.000	38000.000	0.0870
600	Spectrogram 1	1	1697.477997396	1697.493330729	22000.000	38000.000	0.0870
601	Waveform 1	1	1698.247997396	1698.253997396	22000.000	38000.000	0.5556
601	Spectrogram 1	1	1698.247997396	1698.253997396	22000.000	38000.000	0.5556
602	Waveform 1	1	1698.533997396	1698.546664062	22000.000	38000.000	0.5789
602	Spectrogram 1	1	1698.533997396	1698.546664062	22000.000	38000.000	0.5789
603	Waveform 1	1	1698.614664062	1698.686664062	22000.000	38000.000	0.0741
603	Spectrogram 1	1	1698.614664062	1698.686664062	22000.000	38000.000	0.0741
604	Waveform 1	1	1698.795997396	1698.801330729	22000.000	38000.000	0.5000
604	Spectrogram 1	1	1698.795997396	1698.801330729	22000.000	38000.000	0.5000
605	Waveform 1	1	1698.891330729	1698.893330729	22000.000	38000.000	0.6667
605	Spectrogram 1	1	1698.891330729	1698.893330729	22000.000	38000.000	0.6667
606	Waveform 1	1	1698.980664062	1698.985997396	22000.000	38000.000	0.7500
606	Spectrogram 1	1	1698.980664062	1698.985997396	22000.000	38000.000	0.7500
607	Waveform 1	1	1699.058664062	1699.063330729	22000.000	38000.000	0.4286
607	Spectrogram 1	1	1699.058664062	1699.063330729	22000.000	38000.000	0.4286
608	Waveform 1	1	1699.233997396	1699.238664062	22000.000	38000.000	0.7143
608	Spectrogram 1	1	1699.233997396	1699.238664062	22000.000	38000.000	0.7143
609	Waveform 1	1	1699.324664063	1699.325997396	22000.000	38000.000	1.0000
609	Spectrogram 1	1	1699.324664063	1699.325997396	22000.000	38000.000	1.0000
610	Waveform 1	1	1699.411330729	1699.422664062	22000.000	38000.000	0.8235
610	Spectrogram 1	1	1699.411330729	1699.422664062	22000.000	38000.000	0.8235
611	Waveform 1	1	1699.507997396	1699.515997396	22000.000	38000.000	0.4167
611	Spectrogram 1	1	1699.507997396	1699.515997396	22000.000	38000.000	0.4167
612	Waveform 1	1	1699.610664062	1699.611997396	22000.000	38000.000	1.0000
612	Spectrogram 1	1	1699.610664062	1699.611997396	22000.000	38000.000	1.0000
613	Waveform 1	1	1699.705330729	1699.707997396	22000.000	38000.000	1.0000
613	Spectrogram 1	1	1699.705330729	1699.707997396	22000.000	38000.000	1.0000
614	Waveform 1	1	1699.787330729	1699.805330729	22000.000	38000.000	0.4444
614	Spectrogram 1	1	1699.787330729	1699.805330729	22000.000	38000.000	0.4444
615	Waveform 1	1	1699.979997396	1699.993997396	22000.000	38000.000	0.4286
615	Spectrogram 1	1	1699.979997396	1699.993997396	22000.000	38000.000	0.4286
616	Waveform 1	1	1700.261997396	1700.273330729	22000.000	38000.000	0.7059
616	Spectrogram 1	1	1700.261997396	1700.273330729	22000.000	38000.000	0.7059
617	Waveform 1	1	1700.360664062	1700.365997396	22000.000	38000.000	0.6250
617	Spectrogram 1	1	1700.360664062	1700.365997396	22000.000	38000.000	0.6250
618	Waveform 1	1	1700.471997396	1700.486664063	22000.000	38000.000	0.6364
618	Spectrogram 1	1	1700.471997396	1700.486664063	22000.000	38000.000	0.6364
619	Waveform 1	1	1700.577330729	1700.585997396	22000.000	38000.000	0.7692
619	Spectrogram 1	1	1700.577330729	1700.585997396	22000.000	38000.000	0.7692
620	Waveform 1	1	1700.677997396	1700.688664063	22000.000	38000.000	0.5625
620	Spectrogram 1	1	1700.677997396	1700.688664063	22000.000	38000.000	0.5625
621	Waveform 1	1	1700.775997396	1700.781330729	22000.000	38000.000	0.5000
621	Spectrogram 1	1	1700.775997396	1700.781330729	22000.000	38000.000	0.5000
622	Waveform 1	1	1700.976664063	1700.977997396	22000.000	38000.000	1.0000
622	Spectrogram 1	1	1700.976664063	1700.977997396	22000.000	38000.000	1.0000
623	Waveform 1	1	1701.337997396	1701.344664062	22000.000	38000.000	0.7000
623	Spectrogram 1	1	1701.337997396	1701.344664062	22000.000	38000.000	0.7000
624	Waveform 1	1	1705.068664062	1705.070664062	22000.000	38000.000	0.6667
624	Spectrogram 1	1	1705.068664062	1705.070664062	22000.000	38000.000	0.6667
625	Waveform 1	1	1705.235330729	1705.237997396	22000.000	38000.000	0.7500
625	Spectrogram 1	1	1705.235330729	1705.237997396	22000.000	38000.000	0.7500
626	Waveform 1	1	1705.512664062	1705.518664062	22000.000	38000.000	0.5556
626	Spectrogram 1	1	1705.512664062	1705.518664062	22000.000	38000.000	0.5556
627	Waveform 1	1	1705.791997396	1705.793330729	22000.000	38000.000	1.0000
627	Spectrogram 1	1	1705.791997396	1705.793330729	22000.000	38000.000	1.0000
628	Waveform 1	1	1706.181330729	1706.182664062	22000.000	38000.000	1.0000
628	Spectrogram 1	1	1706.181330729	1706.182664062	22000.000	38000.000	1.0000
629	Waveform 1	1	1706.608664062	1706.641330729	22000.000	38000.000	0.4490
629	Spectrogram 1	1	1706.608664062	1706.641330729	22000.000	38000.000	0.4490
630	Waveform 1	1	1706.845330729	1706.846664062	22000.000	38000.000	1.0000
630	Spectrogram 1	1	1706.845330729	1706.846664062	22000.000	38000.000	1.0000
631	Waveform 1	1	1708.855997396	1708.857997396	22000.000	38000.000	1.0000
631	Spectrogram 1	1	1708.855997396	1708.857997396	22000.000	38000.000	1.0000
632	Waveform 1	1	1708.959997396	1708.964664062	22000.000	38000.000	0.4286
632	Spectrogram 1	1	1708.959997396	1708.964664062	22000.000	38000.000	0.4286
633	Waveform 1	1	1709.065330729	1709.069997396	22000.000	38000.000	0.7143
633	Spectrogram 1	1	1709.065330729	1709.069997396	22000.000	38000.000	0.7143
634	Waveform 1	1	1709.170664063	1709.173330729	22000.000	38000.000	0.7500
634	Spectrogram 1	1	1709.170664063	1709.173330729	22000.000	38000.000	0.7500
635	Waveform 1	1	1709.269330729	1709.270664062	22000.000	38000.000	1.0000
635	Spectrogram 1	1	1709.269330729	1709.270664062	22000.000	38000.000	1.0000
636	Waveform 1	1	1710.227997396	1710.253330729	22000.000	38000.000	0.1579
636	Spectrogram 1	1	1710.227997396	1710.253330729	22000.000	38000.000	0.1579
637	Waveform 1	1	1711.273997396	1711.327997396	22000.000	38000.000	0.1235
637	Spectrogram 1	1	1711.273997396	1711.327997396	22000.000	38000.000	0.1235
638	Waveform 1	1	1711.641330729	1711.642664062	22000.000	38000.000	1.0000
638	Spectrogram 1	1	1711.641330729	1711.642664062	22000.000	38000.000	1.0000
639	Waveform 1	1	1712.309997396	1712.316664062	22000.000	38000.000	0.3000
639	Spectrogram 1	1	1712.309997396	1712.316664062	22000.000	38000.000	0.3000
640	Waveform 1	1	1712.845330729	1712.851330729	22000.000	38000.000	0.6667
640	Spectrogram 1	1	1712.845330729	1712.851330729	22000.000	38000.000	0.6667
641	Waveform 1	1	1713.039330729	1713.042664062	22000.000	38000.000	1.0000
641	Spectrogram 1	1	1713.039330729	1713.042664062	22000.000	38000.000	1.0000
642	Waveform 1	1	1713.133330729	1713.134664062	22000.000	38000.000	1.0000
642	Spectrogram 1	1	1713.133330729	1713.134664062	22000.000	38000.000	1.0000
643	Waveform 1	1	1713.227997396	1713.234664062	22000.000	38000.000	0.3000
643	Spectrogram 1	1	1713.227997396	1713.234664062	22000.000	38000.000	0.3000
644	Waveform 1	1	1713.321997396	1713.323330729	22000.000	38000.000	1.0000
644	Spectrogram 1	1	1713.321997396	1713.323330729	22000.000	38000.000	1.0000
645	Waveform 1	1	1713.568664062	1713.575330729	22000.000	38000.000	0.5000
645	Spectrogram 1	1	1713.568664062	1713.575330729	22000.000	38000.000	0.5000
646	Waveform 1	1	1784.520664062	1784.531997396	22000.000	38000.000	0.1176
646	Spectrogram 1	1	1784.520664062	1784.531997396	22000.000	38000.000	0.1176
