Selection	View	Channel	Begin Time (s)	End Time (s)	Low Freq (Hz)	High Freq (Hz)	Occupancy
1	Waveform 1	1	1.847997396	1.849330729	38000.000	81000.000	1.0000
1	Spectrogram 1	1	1.847997396	1.849330729	38000.000	81000.000	1.0000
2	Waveform 1	1	27.565997396	27.567330729	38000.000	81000.000	1.0000
2	Spectrogram 1	1	27.565997396	27.567330729	38000.000	81000.000	1.0000
3	Waveform 1	1	27.655997396	27.657330729	38000.000	81000.000	1.0000
3	Spectrogram 1	1	27.655997396	27.657330729	38000.000	81000.000	1.0000
4	Waveform 1	1	27.744664063	27.746664062	38000.000	81000.000	1.0000
4	Spectrogram 1	1	27.744664063	27.746664062	38000.000	81000.000	1.0000
5	Waveform 1	1	28.072664062	28.073997396	38000.000	81000.000	1.0000
5	Spectrogram 1	1	28.072664062	28.073997396	38000.000	81000.000	1.0000
6	Waveform 1	1	31.646664063	31.647997396	38000.000	81000.000	1.0000
6	Spectrogram 1	1	31.646664063	31.647997396	38000.000	81000.000	1.0000
7	Waveform 1	1	32.358664062	32.359997396	38000.000	81000.000	1.0000
7	Spectrogram 1	1	32.358664062	32.359997396	38000.000	81000.000	1.0000
8	Waveform 1	1	32.446664062	32.447997396	38000.000	81000.000	1.0000
8	Spectrogram 1	1	32.446664062	32.447997396	38000.000	81000.000	1.0000
9	Waveform 1	1	35.114664062	35.115997396	38000.000	81000.000	1.0000
9	Spectrogram 1	1	35.114664062	35.115997396	38000.000	81000.000	1.0000
10	Waveform 1	1	35.270664063	35.271997396	38000.000	81000.000	1.0000
10	Spectrogram 1	1	35.270664063	35.271997396	38000.000	81000.000	1.0000
11	Waveform 1	1	35.446664062	35.448664063	38000.000	81000.000	1.0000
11	Spectrogram 1	1	35.446664062	35.448664063	38000.000	81000.000	1.0000
12	Waveform 1	1	35.542664063	35.543997396	38000.000	81000.000	1.0000
12	Spectrogram 1	1	35.542664063	35.543997396	38000.000	81000.000	1.0000
13	Waveform 1	1	35.635997396	35.637330729	38000.000	81000.000	1.0000
13	Spectrogram 1	1	35.635997396	35.637330729	38000.000	81000.000	1.0000
14	Waveform 1	1	35.733997396	35.735997396	38000.000	81000.000	1.0000
14	Spectrogram 1	1	35.733997396	35.735997396	38000.000	81000.000	1.0000
15	Waveform 1	1	35.889997396	35.891997396	38000.000	81000.000	0.6667
15	Spectrogram 1	1	35.889997396	35.891997396	38000.000	81000.000	0.6667
16	Waveform 1	1	36.779330729	36.782664062	38000.000	81000.000	0.6000
16	Spectrogram 1	1	36.779330729	36.782664062	38000.000	81000.000	0.6000
17	Waveform 1	1	37.271997396	37.273330729	38000.000	81000.000	1.0000
17	Spectrogram 1	1	37.271997396	37.273330729	38000.000	81000.000	1.0000
18	Waveform 1	1	42.649997396	42.651330729	38000.000	81000.000	1.0000
18	Spectrogram 1	1	42.649997396	42.651330729	38000.000	81000.000	1.0000
19	Waveform 1	1	42.953997396	42.955330729	38000.000	81000.000	1.0000
19	Spectrogram 1	1	42.953997396	42.955330729	38000.000	81000.000	1.0000
20	Waveform 1	1	43.159330729	43.160664062	38000.000	81000.000	1.0000
20	Spectrogram 1	1	43.159330729	43.160664062	38000.000	81000.000	1.0000
21	Waveform 1	1	43.948664063	43.949997396	38000.000	81000.000	1.0000
21	Spectrogram 1	1	43.948664063	43.949997396	38000.000	81000.000	1.0000
22	Waveform 1	1	45.154664063	45.155997396	38000.000	81000.000	1.0000
22	Spectrogram 1	1	45.154664063	45.155997396	38000.000	81000.000	1.0000
23	Waveform 1	1	45.609330729	45.610664062	38000.000	81000.000	1.0000
23	Spectrogram 1	1	45.609330729	45.610664062	38000.000	81000.000	1.0000
24	Waveform 1	1	46.552664062	46.553997396	38000.000	81000.000	1.0000
24	Spectrogram 1	1	46.552664062	46.553997396	38000.000	81000.000	1.0000
25	Waveform 1	1	47.819997396	47.821330729	38000.000	81000.000	1.0000
25	Spectrogram 1	1	47.819997396	47.821330729	38000.000	81000.000	1.0000
26	Waveform 1	1	50.614664062	50.616664062	38000.000	81000.000	1.0000
26	Spectrogram 1	1	50.614664062	50.616664062	38000.000	81000.000	1.0000
27	Waveform 1	1	50.711997396	50.713330729	38000.000	81000.000	1.0000
27	Spectrogram 1	1	50.711997396	50.713330729	38000.000	81000.000	1.0000
28	Waveform 1	1	50.815997396	50.817330729	38000.000	81000.000	1.0000
28	Spectrogram 1	1	50.815997396	50.817330729	38000.000	81000.000	1.0000
29	Waveform 1	1	50.917997396	50.919330729	38000.000	81000.000	1.0000
29	Spectrogram 1	1	50.917997396	50.919330729	38000.000	81000.000	1.0000
30	Waveform 1	1	51.019330729	51.020664063	38000.000	81000.000	1.0000
30	Spectrogram 1	1	51.019330729	51.020664063	38000.000	81000.000	1.0000
31	Waveform 1	1	51.327997396	51.332664063	38000.000	81000.000	0.5714
31	Spectrogram 1	1	51.327997396	51.332664063	38000.000	81000.000	0.5714
32	Waveform 1	1	51.433330729	51.435330729	38000.000	81000.000	0.6667
32	Spectrogram 1	1	51.433330729	51.435330729	38000.000	81000.000	0.6667
33	Waveform 1	1	51.534664062	51.535997396	38000.000	81000.000	1.0000
33	Spectrogram 1	1	51.534664062	51.535997396	38000.000	81000.000	1.0000
34	Waveform 1	1	51.632664062	51.633997396	38000.000	81000.000	1.0000
34	Spectrogram 1	1	51.632664062	51.633997396	38000.000	81000.000	1.0000
35	Waveform 1	1	51.733330729	51.734664063	38000.000	81000.000	1.0000
35	Spectrogram 1	1	51.733330729	51.734664063	38000.000	81000.000	1.0000
36	Waveform 1	1	51.853330729	51.871330729	38000.000	81000.000	0.2222
36	Spectrogram 1	1	51.853330729	51.871330729	38000.000	81000.000	0.2222
37	Waveform 1	1	52.049330729	52.056664062	38000.000	81000.000	0.3636
37	Spectrogram 1	1	52.049330729	52.056664062	38000.000	81000.000	0.3636
38	Waveform 1	1	52.152664063	52.159330729	38000.000	81000.000	0.5000
38	Spectrogram 1	1	52.152664063	52.159330729	38000.000	81000.000	0.5000
39	Waveform 1	1	52.262664063	52.270664063	38000.000	81000.000	0.5000
39	Spectrogram 1	1	52.262664063	52.270664063	38000.000	81000.000	0.5000
40	Waveform 1	1	52.369330729	52.370664062	38000.000	81000.000	1.0000
40	Spectrogram 1	1	52.369330729	52.370664062	38000.000	81000.000	1.0000
41	Waveform 1	1	54.369997396	54.371330729	38000.000	81000.000	1.0000
41	Spectrogram 1	1	54.369997396	54.371330729	38000.000	81000.000	1.0000
42	Waveform 1	1	55.254664062	55.255997396	38000.000	81000.000	1.0000
42	Spectrogram 1	1	55.254664062	55.255997396	38000.000	81000.000	1.0000
43	Waveform 1	1	56.595330729	56.596664062	38000.000	81000.000	1.0000
43	Spectrogram 1	1	56.595330729	56.596664062	38000.000	81000.000	1.0000
44	Waveform 1	1	62.157330729	62.158664063	38000.000	81000.000	1.0000
44	Spectrogram 1	1	62.157330729	62.158664063	38000.000	81000.000	1.0000
45	Waveform 1	1	65.255997396	65.257330729	38000.000	81000.000	1.0000
45	Spectrogram 1	1	65.255997396	65.257330729	38000.000	81000.000	1.0000
46	Waveform 1	1	65.579330729	65.580664062	38000.000	81000.000	1.0000
46	Spectrogram 1	1	65.579330729	65.580664062	38000.000	81000.000	1.0000
47	Waveform 1	1	66.509330729	66.511330729	38000.000	81000.000	1.0000
47	Spectrogram 1	1	66.509330729	66.511330729	38000.000	81000.000	1.0000
48	Waveform 1	1	68.924664062	68.925997396	38000.000	81000.000	1.0000
48	Spectrogram 1	1	68.924664062	68.925997396	38000.000	81000.000	1.0000
49	Waveform 1	1	69.227330729	69.229330729	38000.000	81000.000	1.0000
49	Spectrogram 1	1	69.227330729	69.229330729	38000.000	81000.000	1.0000
50	Waveform 1	1	72.557330729	72.558664063	38000.000	81000.000	1.0000
50	Spectrogram 1	1	72.557330729	72.558664063	38000.000	81000.000	1.0000
51	Waveform 1	1	72.714664062	72.715997396	38000.000	81000.000	1.0000
51	Spectrogram 1	1	72.714664062	72.715997396	38000.000	81000.000	1.0000
52	Waveform 1	1	72.863997396	72.865330729	38000.000	81000.000	1.0000
52	Spectrogram 1	1	72.863997396	72.865330729	38000.000	81000.000	1.0000
53	Waveform 1	1	73.405997396	73.407330729	38000.000	81000.000	1.0000
53	Spectrogram 1	1	73.405997396	73.407330729	38000.000	81000.000	1.0000
54	Waveform 1	1	73.479330729	73.480664062	38000.000	81000.000	1.0000
54	Spectrogram 1	1	73.479330729	73.480664062	38000.000	81000.000	1.0000
55	Waveform 1	1	74.199997396	74.201330729	38000.000	81000.000	1.0000
55	Spectrogram 1	1	74.199997396	74.201330729	38000.000	81000.000	1.0000
56	Waveform 1	1	74.451330729	74.457997396	38000.000	81000.000	0.3000
56	Spectrogram 1	1	74.451330729	74.457997396	38000.000	81000.000	0.3000
57	Waveform 1	1	78.711997396	78.713330729	38000.000	81000.000	1.0000
57	Spectrogram 1	1	78.711997396	78.713330729	38000.000	81000.000	1.0000
58	Waveform 1	1	78.841997396	78.843330729	38000.000	81000.000	1.0000
58	Spectrogram 1	1	78.841997396	78.843330729	38000.000	81000.000	1.0000
59	Waveform 1	1	82.309330729	82.310664062	38000.000	81000.000	1.0000
59	Spectrogram 1	1	82.309330729	82.310664062	38000.000	81000.000	1.0000
60	Waveform 1	1	82.587330729	82.588664062	38000.000	81000.000	1.0000
60	Spectrogram 1	1	82.587330729	82.588664062	38000.000	81000.000	1.0000
61	Waveform 1	1	82.765330729	82.766664062	38000.000	81000.000	1.0000
61	Spectrogram 1	1	82.765330729	82.766664062	38000.000	81000.000	1.0000
62	Waveform 1	1	82.951330729	82.952664062	38000.000	81000.000	1.0000
62	Spectrogram 1	1	82.951330729	82.952664062	38000.000	81000.000	1.0000
63	Waveform 1	1	83.143997396	83.145330729	38000.000	81000.000	1.0000
63	Spectrogram 1	1	83.143997396	83.145330729	38000.000	81000.000	1.0000
64	Waveform 1	1	84.105330729	84.106664062	38000.000	81000.000	1.0000
64	Spectrogram 1	1	84.105330729	84.106664062	38000.000	81000.000	1.0000
65	Waveform 1	1	84.193330729	84.194664062	38000.000	81000.000	1.0000
65	Spectrogram 1	1	84.193330729	84.194664062	38000.000	81000.000	1.0000
66	Waveform 1	1	84.226664062	84.227997396	38000.000	81000.000	1.0000
66	Spectrogram 1	1	84.226664062	84.227997396	38000.000	81000.000	1.0000
67	Waveform 1	1	84.353997396	84.355330729	38000.000	81000.000	1.0000
67	Spectrogram 1	1	84.353997396	84.355330729	38000.000	81000.000	1.0000
68	Waveform 1	1	84.449330729	84.450664062	38000.000	81000.000	1.0000
68	Spectrogram 1	1	84.449330729	84.450664062	38000.000	81000.000	1.0000
69	Waveform 1	1	84.863330729	84.864664062	38000.000	81000.000	1.0000
69	Spectrogram 1	1	84.863330729	84.864664062	38000.000	81000.000	1.0000
70	Waveform 1	1	89.520664062	89.527330729	38000.000	81000.000	0.3000
70	Spectrogram 1	1	89.520664062	89.527330729	38000.000	81000.000	0.3000
71	Waveform 1	1	89.609997396	89.616664062	38000.000	81000.000	0.4000
71	Spectrogram 1	1	89.609997396	89.616664062	38000.000	81000.000	0.4000
72	Waveform 1	1	124.471330729	124.472664062	38000.000	81000.000	1.0000
72	Spectrogram 1	1	124.471330729	124.472664062	38000.000	81000.000	1.0000
73	Waveform 1	1	133.016664062	133.017997396	38000.000	81000.000	1.0000
73	Spectrogram 1	1	133.016664062	133.017997396	38000.000	81000.000	1.0000
74	Waveform 1	1	133.415997396	133.417997396	38000.000	81000.000	0.6667
74	Spectrogram 1	1	133.415997396	133.417997396	38000.000	81000.000	0.6667
75	Waveform 1	1	135.697330729	135.698664063	38000.000	81000.000	1.0000
75	Spectrogram 1	1	135.697330729	135.698664063	38000.000	81000.000	1.0000
76	Waveform 1	1	136.059997396	136.061997396	38000.000	81000.000	0.6667
76	Spectrogram 1	1	136.059997396	136.061997396	38000.000	81000.000	0.6667
77	Waveform 1	1	136.359330729	136.360664063	38000.000	81000.000	1.0000
77	Spectrogram 1	1	136.359330729	136.360664063	38000.000	81000.000	1.0000
78	Waveform 1	1	141.350664062	141.351997396	38000.000	81000.000	1.0000
78	Spectrogram 1	1	141.350664062	141.351997396	38000.000	81000.000	1.0000
79	Waveform 1	1	510.155330729	510.156664062	38000.000	81000.000	1.0000
79	Spectrogram 1	1	510.155330729	510.156664062	38000.000	81000.000	1.0000
80	Waveform 1	1	511.125330729	511.126664062	38000.000	81000.000	1.0000
80	Spectrogram 1	1	511.125330729	511.126664062	38000.000	81000.000	1.0000
81	Waveform 1	1	511.325330729	511.326664063	38000.000	81000.000	1.0000
81	Spectrogram 1	1	511.325330729	511.326664063	38000.000	81000.000	1.0000
82	Waveform 1	1	511.534664062	511.535997396	38000.000	81000.000	1.0000
82	Spectrogram 1	1	511.534664062	511.535997396	38000.000	81000.000	1.0000
83	Waveform 1	1	511.641330729	511.652664062	38000.000	81000.000	0.2353
83	Spectrogram 1	1	511.641330729	511.652664062	38000.000	81000.000	0.2353
84	Waveform 1	1	511.825330729	511.826664063	38000.000	81000.000	1.0000
84	Spectrogram 1	1	511.825330729	511.826664063	38000.000	81000.000	1.0000
85	Waveform 1	1	512.033330729	512.035330729	38000.000	81000.000	1.0000
85	Spectrogram 1	1	512.033330729	512.035330729	38000.000	81000.000	1.0000
86	Waveform 1	1	512.145997396	512.148664063	38000.000	81000.000	1.0000
86	Spectrogram 1	1	512.145997396	512.148664063	38000.000	81000.000	1.0000
87	Waveform 1	1	512.364664063	512.366664063	38000.000	81000.000	1.0000
87	Spectrogram 1	1	512.364664063	512.366664063	38000.000	81000.000	1.0000
88	Waveform 1	1	512.681997396	512.684664063	38000.000	81000.000	1.0000
88	Spectrogram 1	1	512.681997396	512.684664063	38000.000	81000.000	1.0000
89	Waveform 1	1	512.800664063	512.801997396	38000.000	81000.000	1.0000
89	Spectrogram 1	1	512.800664063	512.801997396	38000.000	81000.000	1.0000
90	Waveform 1	1	512.905330729	512.907997396	38000.000	81000.000	1.0000
90	Spectrogram 1	1	512.905330729	512.907997396	38000.000	81000.000	1.0000
91	Waveform 1	1	513.014664063	513.016664063	38000.000	81000.000	1.0000
91	Spectrogram 1	1	513.014664063	513.016664063	38000.000	81000.000	1.0000
92	Waveform 1	1	513.239997396	513.241997396	38000.000	81000.000	1.0000
92	Spectrogram 1	1	513.239997396	513.241997396	38000.000	81000.000	1.0000
93	Waveform 1	1	513.480664063	513.482664063	38000.000	81000.000	1.0000
93	Spectrogram 1	1	513.480664063	513.482664063	38000.000	81000.000	1.0000
94	Waveform 1	1	513.806664063	513.808664063	38000.000	81000.000	1.0000
94	Spectrogram 1	1	513.806664063	513.808664063	38000.000	81000.000	1.0000
95	Waveform 1	1	514.040664063	514.041997396	38000.000	81000.000	1.0000
95	Spectrogram 1	1	514.040664063	514.041997396	38000.000	81000.000	1.0000
96	Waveform 1	1	514.783997396	514.785330729	38000.000	81000.000	1.0000
96	Spectrogram 1	1	514.783997396	514.785330729	38000.000	81000.000	1.0000
97	Waveform 1	1	590.275330729	590.276664063	38000.000	81000.000	1.0000
97	Spectrogram 1	1	590.275330729	590.276664063	38000.000	81000.000	1.0000
98	Waveform 1	1	590.475997396	590.477330729	38000.000	81000.000	1.0000
98	Spectrogram 1	1	590.475997396	590.477330729	38000.000	81000.000	1.0000
99	Waveform 1	1	622.575997396	622.577330729	38000.000	81000.000	1.0000
99	Spectrogram 1	1	622.575997396	622.577330729	38000.000	81000.000	1.0000
100	Waveform 1	1	622.747330729	622.748664063	38000.000	81000.000	1.0000
100	Spectrogram 1	1	622.747330729	622.748664063	38000.000	81000.000	1.0000
101	Waveform 1	1	623.090664063	623.092664063	38000.000	81000.000	1.0000
101	Spectrogram 1	1	623.090664063	623.092664063	38000.000	81000.000	1.0000
102	Waveform 1	1	623.477330729	623.479997396	38000.000	81000.000	1.0000
102	Spectrogram 1	1	623.477330729	623.479997396	38000.000	81000.000	1.0000
103	Waveform 1	1	623.681330729	623.682664063	38000.000	81000.000	1.0000
103	Spectrogram 1	1	623.681330729	623.682664063	38000.000	81000.000	1.0000
104	Waveform 1	1	623.789997396	623.791997396	38000.000	81000.000	1.0000
104	Spectrogram 1	1	623.789997396	623.791997396	38000.000	81000.000	1.0000
105	Waveform 1	1	623.997330729	623.999997396	38000.000	81000.000	1.0000
105	Spectrogram 1	1	623.997330729	623.999997396	38000.000	81000.000	1.0000
106	Waveform 1	1	624.193330729	624.194664063	38000.000	81000.000	1.0000
106	Spectrogram 1	1	624.193330729	624.194664063	38000.000	81000.000	1.0000
107	Waveform 1	1	624.385330729	624.386664063	38000.000	81000.000	1.0000
107	Spectrogram 1	1	624.385330729	624.386664063	38000.000	81000.000	1.0000
108	Waveform 1	1	625.460664063	625.461997396	38000.000	81000.000	1.0000
108	Spectrogram 1	1	625.460664063	625.461997396	38000.000	81000.000	1.0000
109	Waveform 1	1	629.243330729	629.244664063	38000.000	81000.000	1.0000
109	Spectrogram 1	1	629.243330729	629.244664063	38000.000	81000.000	1.0000
110	Waveform 1	1	629.331330729	629.333997396	38000.000	81000.000	0.5000
110	Spectrogram 1	1	629.331330729	629.333997396	38000.000	81000.000	0.5000
111	Waveform 1	1	629.424664063	629.425997396	38000.000	81000.000	1.0000
111	Spectrogram 1	1	629.424664063	629.425997396	38000.000	81000.000	1.0000
112	Waveform 1	1	629.513330729	629.515997396	38000.000	81000.000	1.0000
112	Spectrogram 1	1	629.513330729	629.515997396	38000.000	81000.000	1.0000
113	Waveform 1	1	629.607330729	629.609330729	38000.000	81000.000	1.0000
113	Spectrogram 1	1	629.607330729	629.609330729	38000.000	81000.000	1.0000
114	Waveform 1	1	630.238664063	630.239997396	38000.000	81000.000	1.0000
114	Spectrogram 1	1	630.238664063	630.239997396	38000.000	81000.000	1.0000
115	Waveform 1	1	844.417330729	844.418664063	38000.000	81000.000	1.0000
115	Spectrogram 1	1	844.417330729	844.418664063	38000.000	81000.000	1.0000
116	Waveform 1	1	845.146664063	845.147997396	38000.000	81000.000	1.0000
116	Spectrogram 1	1	845.146664063	845.147997396	38000.000	81000.000	1.0000
117	Waveform 1	1	845.647997396	845.649997396	38000.000	81000.000	1.0000
117	Spectrogram 1	1	845.647997396	845.649997396	38000.000	81000.000	1.0000
118	Waveform 1	1	958.825997396	958.827997396	38000.000	81000.000	1.0000
118	Spectrogram 1	1	958.825997396	958.827997396	38000.000	81000.000	1.0000
119	Waveform 1	1	959.017997396	959.019997396	38000.000	81000.000	0.6667
119	Spectrogram 1	1	959.017997396	959.019997396	38000.000	81000.000	0.6667
120	Waveform 1	1	959.196664063	959.199330729	38000.000	81000.000	1.0000
120	Spectrogram 1	1	959.196664063	959.199330729	38000.000	81000.000	1.0000
121	Waveform 1	1	959.536664062	959.539997396	38000.000	81000.000	1.0000
121	Spectrogram 1	1	959.536664062	959.539997396	38000.000	81000.000	1.0000
122	Waveform 1	1	1017.554664063	1017.555997396	38000.000	81000.000	1.0000
122	Spectrogram 1	1	1017.554664063	1017.555997396	38000.000	81000.000	1.0000
123	Waveform 1	1	1018.521330729	1018.522664063	38000.000	81000.000	1.0000
123	Spectrogram 1	1	1018.521330729	1018.522664063	38000.000	81000.000	1.0000
124	Waveform 1	1	1018.620664063	1018.621997396	38000.000	81000.000	1.0000
124	Spectrogram 1	1	1018.620664063	1018.621997396	38000.000	81000.000	1.0000
125	Waveform 1	1	1019.028664063	1019.030664063	38000.000	81000.000	1.0000
125	Spectrogram 1	1	1019.028664063	1019.030664063	38000.000	81000.000	1.0000
126	Waveform 1	1	1019.137997396	1019.139330729	38000.000	81000.000	1.0000
126	Spectrogram 1	1	1019.137997396	1019.139330729	38000.000	81000.000	1.0000
127	Waveform 1	1	1019.447997396	1019.449330729	38000.000	81000.000	1.0000
127	Spectrogram 1	1	1019.447997396	1019.449330729	38000.000	81000.000	1.0000
128	Waveform 1	1	1019.636664063	1019.639330729	38000.000	81000.000	1.0000
128	Spectrogram 1	1	1019.636664063	1019.639330729	38000.000	81000.000	1.0000
129	Waveform 1	1	1019.729330729	1019.741997396	38000.000	81000.000	0.4211
129	Spectrogram 1	1	1019.729330729	1019.741997396	38000.000	81000.000	0.4211
130	Waveform 1	1	1019.830664063	1019.831997396	38000.000	81000.000	1.0000
130	Spectrogram 1	1	1019.830664063	1019.831997396	38000.000	81000.000	1.0000
131	Waveform 1	1	1020.027997396	1020.043330729	38000.000	81000.000	0.3913
131	Spectrogram 1	1	1020.027997396	1020.043330729	38000.000	81000.000	0.3913
132	Waveform 1	1	1020.242664063	1020.250664063	38000.000	81000.000	0.4167
132	Spectrogram 1	1	1020.242664063	1020.250664063	38000.000	81000.000	0.4167
133	Waveform 1	1	1020.749330729	1020.752664063	38000.000	81000.000	1.0000
133	Spectrogram 1	1	1020.749330729	1020.752664063	38000.000	81000.000	1.0000
134	Waveform 1	1	1020.859997396	1020.861330729	38000.000	81000.000	1.0000
134	Spectrogram 1	1	1020.859997396	1020.861330729	38000.000	81000.000	1.0000
135	Waveform 1	1	1021.447997396	1021.457330729	38000.000	81000.000	0.4286
135	Spectrogram 1	1	1021.447997396	1021.457330729	38000.000	81000.000	0.4286
136	Waveform 1	1	1021.756664063	1021.757997396	38000.000	81000.000	1.0000
136	Spectrogram 1	1	1021.756664063	1021.757997396	38000.000	81000.000	1.0000
137	Waveform 1	1	1023.447330729	1023.448664063	38000.000	81000.000	1.0000
137	Spectrogram 1	1	1023.447330729	1023.448664063	38000.000	81000.000	1.0000
138	Waveform 1	1	1198.179997396	1198.181997396	38000.000	81000.000	1.0000
138	Spectrogram 1	1	1198.179997396	1198.181997396	38000.000	81000.000	1.0000
139	Waveform 1	1	1198.275997396	1198.277330729	38000.000	81000.000	1.0000
139	Spectrogram 1	1	1198.275997396	1198.277330729	38000.000	81000.000	1.0000
140	Waveform 1	1	1198.367330729	1198.369330729	38000.000	81000.000	1.0000
140	Spectrogram 1	1	1198.367330729	1198.369330729	38000.000	81000.000	1.0000
141	Waveform 1	1	1199.022664062	1199.023997396	38000.000	81000.000	1.0000
141	Spectrogram 1	1	1199.022664062	1199.023997396	38000.000	81000.000	1.0000
142	Waveform 1	1	1199.248664062	1199.251330729	38000.000	81000.000	1.0000
142	Spectrogram 1	1	1199.248664062	1199.251330729	38000.000	81000.000	1.0000
143	Waveform 1	1	1199.486664063	1199.487997396	38000.000	81000.000	1.0000
143	Spectrogram 1	1	1199.486664063	1199.487997396	38000.000	81000.000	1.0000
144	Waveform 1	1	1199.649997396	1199.657330729	38000.000	81000.000	0.4545
144	Spectrogram 1	1	1199.649997396	1199.657330729	38000.000	81000.000	0.4545
145	Waveform 1	1	1199.747997396	1199.753997396	38000.000	81000.000	0.5556
145	Spectrogram 1	1	1199.747997396	1199.753997396	38000.000	81000.000	0.5556
146	Waveform 1	1	1200.077997396	1200.079997396	38000.000	81000.000	1.0000
146	Spectrogram 1	1	1200.077997396	1200.079997396	38000.000	81000.000	1.0000
147	Waveform 1	1	1200.167330729	1200.172664062	38000.000	81000.000	0.3750
147	Spectrogram 1	1	1200.167330729	1200.172664062	38000.000	81000.000	0.3750
148	Waveform 1	1	1200.254664062	1200.257997396	38000.000	81000.000	1.0000
148	Spectrogram 1	1	1200.254664062	1200.257997396	38000.000	81000.000	1.0000
149	Waveform 1	1	1200.354664062	1200.355997396	38000.000	81000.000	1.0000
149	Spectrogram 1	1	1200.354664062	1200.355997396	38000.000	81000.000	1.0000
150	Waveform 1	1	1200.434664062	1200.435997396	38000.000	81000.000	1.0000
150	Spectrogram 1	1	1200.434664062	1200.435997396	38000.000	81000.000	1.0000
151	Waveform 1	1	1200.536664062	1200.547330729	38000.000	81000.000	0.3125
151	Spectrogram 1	1	1200.536664062	1200.547330729	38000.000	81000.000	0.3125
152	Waveform 1	1	1200.746664063	1200.749330729	38000.000	81000.000	1.0000
152	Spectrogram 1	1	1200.746664063	1200.749330729	38000.000	81000.000	1.0000
153	Waveform 1	1	1200.848664062	1200.850664062	38000.000	81000.000	1.0000
153	Spectrogram 1	1	1200.848664062	1200.850664062	38000.000	81000.000	1.0000
154	Waveform 1	1	1200.949997396	1200.965330729	38000.000	81000.000	0.2174
154	Spectrogram 1	1	1200.949997396	1200.965330729	38000.000	81000.000	0.2174
155	Waveform 1	1	1201.152664062	1201.160664063	38000.000	81000.000	0.4167
155	Spectrogram 1	1	1201.152664062	1201.160664063	38000.000	81000.000	0.4167
156	Waveform 1	1	1201.251330729	1201.253997396	38000.000	81000.000	1.0000
156	Spectrogram 1	1	1201.251330729	1201.253997396	38000.000	81000.000	1.0000
157	Waveform 1	1	1201.345330729	1201.354664062	38000.000	81000.000	0.3571
157	Spectrogram 1	1	1201.345330729	1201.354664062	38000.000	81000.000	0.3571
158	Waveform 1	1	1201.431997396	1201.439997396	38000.000	81000.000	0.4167
158	Spectrogram 1	1	1201.431997396	1201.439997396	38000.000	81000.000	0.4167
159	Waveform 1	1	1201.499997396	1201.507330729	38000.000	81000.000	0.3636
159	Spectrogram 1	1	1201.499997396	1201.507330729	38000.000	81000.000	0.3636
160	Waveform 1	1	1201.564664063	1201.571330729	38000.000	81000.000	0.4000
160	Spectrogram 1	1	1201.564664063	1201.571330729	38000.000	81000.000	0.4000
161	Waveform 1	1	1202.040664062	1202.054664063	38000.000	81000.000	0.2857
161	Spectrogram 1	1	1202.040664062	1202.054664063	38000.000	81000.000	0.2857
162	Waveform 1	1	1202.115997396	1202.122664063	38000.000	81000.000	0.5000
162	Spectrogram 1	1	1202.115997396	1202.122664063	38000.000	81000.000	0.5000
163	Waveform 1	1	1202.204664062	1202.213330729	38000.000	81000.000	0.2308
163	Spectrogram 1	1	1202.204664062	1202.213330729	38000.000	81000.000	0.2308
164	Waveform 1	1	1202.348664062	1202.349997396	38000.000	81000.000	1.0000
164	Spectrogram 1	1	1202.348664062	1202.349997396	38000.000	81000.000	1.0000
165	Waveform 1	1	1202.847997396	1202.849330729	38000.000	81000.000	1.0000
165	Spectrogram 1	1	1202.847997396	1202.849330729	38000.000	81000.000	1.0000
166	Waveform 1	1	1202.911997396	1202.923330729	38000.000	81000.000	0.2941
166	Spectrogram 1	1	1202.911997396	1202.923330729	38000.000	81000.000	0.2941
167	Waveform 1	1	1202.999997396	1203.001997396	38000.000	81000.000	1.0000
167	Spectrogram 1	1	1202.999997396	1203.001997396	38000.000	81000.000	1.0000
168	Waveform 1	1	1203.091997396	1203.099997396	38000.000	81000.000	0.5000
168	Spectrogram 1	1	1203.091997396	1203.099997396	38000.000	81000.000	0.5000
169	Waveform 1	1	1203.188664063	1203.196664062	38000.000	81000.000	0.4167
169	Spectrogram 1	1	1203.188664063	1203.196664062	38000.000	81000.000	0.4167
170	Waveform 1	1	1203.282664062	1203.285330729	38000.000	81000.000	1.0000
170	Spectrogram 1	1	1203.282664062	1203.285330729	38000.000	81000.000	1.0000
171	Waveform 1	1	1203.379997396	1203.389997396	38000.000	81000.000	0.2000
171	Spectrogram 1	1	1203.379997396	1203.389997396	38000.000	81000.000	0.2000
172	Waveform 1	1	1203.764664062	1203.779997396	38000.000	81000.000	0.3043
172	Spectrogram 1	1	1203.764664062	1203.779997396	38000.000	81000.000	0.3043
173	Waveform 1	1	1204.033330729	1204.034664063	38000.000	81000.000	1.0000
173	Spectrogram 1	1	1204.033330729	1204.034664063	38000.000	81000.000	1.0000
174	Waveform 1	1	1204.327330729	1204.345330729	38000.000	81000.000	0.2222
174	Spectrogram 1	1	1204.327330729	1204.345330729	38000.000	81000.000	0.2222
175	Waveform 1	1	1204.529330729	1204.530664062	38000.000	81000.000	1.0000
175	Spectrogram 1	1	1204.529330729	1204.530664062	38000.000	81000.000	1.0000
176	Waveform 1	1	1204.808664062	1204.811330729	38000.000	81000.000	0.7500
176	Spectrogram 1	1	1204.808664062	1204.811330729	38000.000	81000.000	0.7500
177	Waveform 1	1	1205.508664062	1205.509997396	38000.000	81000.000	1.0000
177	Spectrogram 1	1	1205.508664062	1205.509997396	38000.000	81000.000	1.0000
178	Waveform 1	1	1206.421330729	1206.422664062	38000.000	81000.000	1.0000
178	Spectrogram 1	1	1206.421330729	1206.422664062	38000.000	81000.000	1.0000
179	Waveform 1	1	1240.880664063	1240.881997396	38000.000	81000.000	1.0000
179	Spectrogram 1	1	1240.880664063	1240.881997396	38000.000	81000.000	1.0000
180	Waveform 1	1	1241.065330729	1241.066664062	38000.000	81000.000	1.0000
180	Spectrogram 1	1	1241.065330729	1241.066664062	38000.000	81000.000	1.0000
181	Waveform 1	1	1242.229997396	1242.231997396	38000.000	81000.000	0.6667
181	Spectrogram 1	1	1242.229997396	1242.231997396	38000.000	81000.000	0.6667
182	Waveform 1	1	1245.265997396	1245.269330729	38000.000	81000.000	0.4000
182	Spectrogram 1	1	1245.265997396	1245.269330729	38000.000	81000.000	0.4000
183	Waveform 1	1	1246.663997396	1246.666664062	38000.000	81000.000	0.7500
183	Spectrogram 1	1	1246.663997396	1246.666664062	38000.000	81000.000	0.7500
184	Waveform 1	1	1246.927997396	1246.929330729	38000.000	81000.000	1.0000
184	Spectrogram 1	1	1246.927997396	1246.929330729	38000.000	81000.000	1.0000
185	Waveform 1	1	1247.025330729	1247.026664063	38000.000	81000.000	1.0000
185	Spectrogram 1	1	1247.025330729	1247.026664063	38000.000	81000.000	1.0000
186	Waveform 1	1	1247.208664063	1247.209997396	38000.000	81000.000	1.0000
186	Spectrogram 1	1	1247.208664063	1247.209997396	38000.000	81000.000	1.0000
187	Waveform 1	1	1247.503330729	1247.505330729	38000.000	81000.000	1.0000
187	Spectrogram 1	1	1247.503330729	1247.505330729	38000.000	81000.000	1.0000
188	Waveform 1	1	1248.267997396	1248.269330729	38000.000	81000.000	1.0000
188	Spectrogram 1	1	1248.267997396	1248.269330729	38000.000	81000.000	1.0000
189	Waveform 1	1	1248.349330729	1248.351330729	38000.000	81000.000	1.0000
189	Spectrogram 1	1	1248.349330729	1248.351330729	38000.000	81000.000	1.0000
190	Waveform 1	1	1250.441330729	1250.442664062	38000.000	81000.000	1.0000
190	Spectrogram 1	1	1250.441330729	1250.442664062	38000.000	81000.000	1.0000
191	Waveform 1	1	1250.953997396	1250.958664063	38000.000	81000.000	0.7143
191	Spectrogram 1	1	1250.953997396	1250.958664063	38000.000	81000.000	0.7143
192	Waveform 1	1	1251.299330729	1251.301997396	38000.000	81000.000	1.0000
192	Spectrogram 1	1	1251.299330729	1251.301997396	38000.000	81000.000	1.0000
193	Waveform 1	1	1254.495997396	1254.497997396	38000.000	81000.000	1.0000
193	Spectrogram 1	1	1254.495997396	1254.497997396	38000.000	81000.000	1.0000
194	Waveform 1	1	1254.587997396	1254.589997396	38000.000	81000.000	1.0000
194	Spectrogram 1	1	1254.587997396	1254.589997396	38000.000	81000.000	1.0000
195	Waveform 1	1	1254.691997396	1254.693997396	38000.000	81000.000	1.0000
195	Spectrogram 1	1	1254.691997396	1254.693997396	38000.000	81000.000	1.0000
196	Waveform 1	1	1254.790664062	1254.793330729	38000.000	81000.000	0.7500
196	Spectrogram 1	1	1254.790664062	1254.793330729	38000.000	81000.000	0.7500
197	Waveform 1	1	1254.891997396	1254.897997396	38000.000	81000.000	0.3333
197	Spectrogram 1	1	1254.891997396	1254.897997396	38000.000	81000.000	0.3333
198	Waveform 1	1	1254.997997396	1254.999330729	38000.000	81000.000	1.0000
198	Spectrogram 1	1	1254.997997396	1254.999330729	38000.000	81000.000	1.0000
199	Waveform 1	1	1255.105997396	1255.116664062	38000.000	81000.000	0.2500
199	Spectrogram 1	1	1255.105997396	1255.116664062	38000.000	81000.000	0.2500
200	Waveform 1	1	1255.214664062	1255.215997396	38000.000	81000.000	1.0000
200	Spectrogram 1	1	1255.214664062	1255.215997396	38000.000	81000.000	1.0000
201	Waveform 1	1	1255.318664062	1255.327330729	38000.000	81000.000	0.4615
201	Spectrogram 1	1	1255.318664062	1255.327330729	38000.000	81000.000	0.4615
202	Waveform 1	1	1255.668664062	1255.670664063	38000.000	81000.000	1.0000
202	Spectrogram 1	1	1255.668664062	1255.670664063	38000.000	81000.000	1.0000
203	Waveform 1	1	1255.775997396	1255.777997396	38000.000	81000.000	1.0000
203	Spectrogram 1	1	1255.775997396	1255.777997396	38000.000	81000.000	1.0000
204	Waveform 1	1	1255.899997396	1255.901997396	38000.000	81000.000	1.0000
204	Spectrogram 1	1	1255.899997396	1255.901997396	38000.000	81000.000	1.0000
205	Waveform 1	1	1255.995330729	1256.004664062	38000.000	81000.000	0.5000
205	Spectrogram 1	1	1255.995330729	1256.004664062	38000.000	81000.000	0.5000
206	Waveform 1	1	1256.090664062	1256.091997396	38000.000	81000.000	1.0000
206	Spectrogram 1	1	1256.090664062	1256.091997396	38000.000	81000.000	1.0000
207	Waveform 1	1	1256.333330729	1256.335330729	38000.000	81000.000	1.0000
207	Spectrogram 1	1	1256.333330729	1256.335330729	38000.000	81000.000	1.0000
208	Waveform 1	1	1256.573997396	1256.575997396	38000.000	81000.000	1.0000
208	Spectrogram 1	1	1256.573997396	1256.575997396	38000.000	81000.000	1.0000
209	Waveform 1	1	1256.677997396	1256.679330729	38000.000	81000.000	1.0000
209	Spectrogram 1	1	1256.677997396	1256.679330729	38000.000	81000.000	1.0000
210	Waveform 1	1	1256.774664062	1256.775997396	38000.000	81000.000	1.0000
210	Spectrogram 1	1	1256.774664062	1256.775997396	38000.000	81000.000	1.0000
211	Waveform 1	1	1256.868664062	1256.870664062	38000.000	81000.000	1.0000
211	Spectrogram 1	1	1256.868664062	1256.870664062	38000.000	81000.000	1.0000
212	Waveform 1	1	1256.967330729	1256.968664063	38000.000	81000.000	1.0000
212	Spectrogram 1	1	1256.967330729	1256.968664063	38000.000	81000.000	1.0000
213	Waveform 1	1	1257.065330729	1257.066664062	38000.000	81000.000	1.0000
213	Spectrogram 1	1	1257.065330729	1257.066664062	38000.000	81000.000	1.0000
214	Waveform 1	1	1257.601997396	1257.603997396	38000.000	81000.000	1.0000
214	Spectrogram 1	1	1257.601997396	1257.603997396	38000.000	81000.000	1.0000
215	Waveform 1	1	1257.812664062	1257.814664063	38000.000	81000.000	0.6667
215	Spectrogram 1	1	1257.812664062	1257.814664063	38000.000	81000.000	0.6667
216	Waveform 1	1	1258.847997396	1258.849330729	38000.000	81000.000	1.0000
216	Spectrogram 1	1	1258.847997396	1258.849330729	38000.000	81000.000	1.0000
217	Waveform 1	1	1259.339330729	1259.340664062	38000.000	81000.000	1.0000
217	Spectrogram 1	1	1259.339330729	1259.340664062	38000.000	81000.000	1.0000
218	Waveform 1	1	1259.439330729	1259.440664062	38000.000	81000.000	1.0000
218	Spectrogram 1	1	1259.439330729	1259.440664062	38000.000	81000.000	1.0000
219	Waveform 1	1	1259.649997396	1259.653330729	38000.000	81000.000	1.0000
219	Spectrogram 1	1	1259.649997396	1259.653330729	38000.000	81000.000	1.0000
220	Waveform 1	1	1259.919330729	1259.920664063	38000.000	81000.000	1.0000
220	Spectrogram 1	1	1259.919330729	1259.920664063	38000.000	81000.000	1.0000
221	Waveform 1	1	1260.215997396	1260.217330729	38000.000	81000.000	1.0000
221	Spectrogram 1	1	1260.215997396	1260.217330729	38000.000	81000.000	1.0000
222	Waveform 1	1	1260.308664062	1260.309997396	38000.000	81000.000	1.0000
222	Spectrogram 1	1	1260.308664062	1260.309997396	38000.000	81000.000	1.0000
223	Waveform 1	1	1262.110664062	1262.112664063	38000.000	81000.000	1.0000
223	Spectrogram 1	1	1262.110664062	1262.112664063	38000.000	81000.000	1.0000
224	Waveform 1	1	1262.266664063	1262.267997396	38000.000	81000.000	1.0000
224	Spectrogram 1	1	1262.266664063	1262.267997396	38000.000	81000.000	1.0000
225	Waveform 1	1	1269.046664062	1269.048664062	38000.000	81000.000	1.0000
225	Spectrogram 1	1	1269.046664062	1269.048664062	38000.000	81000.000	1.0000
226	Waveform 1	1	1273.641330729	1273.642664062	38000.000	81000.000	1.0000
226	Spectrogram 1	1	1273.641330729	1273.642664062	38000.000	81000.000	1.0000
227	Waveform 1	1	1273.831330729	1273.832664063	38000.000	81000.000	1.0000
227	Spectrogram 1	1	1273.831330729	1273.832664063	38000.000	81000.000	1.0000
228	Waveform 1	1	1273.921330729	1273.923330729	38000.000	81000.000	1.0000
228	Spectrogram 1	1	1273.921330729	1273.923330729	38000.000	81000.000	1.0000
229	Waveform 1	1	1274.417330729	1274.418664062	38000.000	81000.000	1.0000
229	Spectrogram 1	1	1274.417330729	1274.418664062	38000.000	81000.000	1.0000
230	Waveform 1	1	1287.180664062	1287.181997396	38000.000	81000.000	1.0000
230	Spectrogram 1	1	1287.180664062	1287.181997396	38000.000	81000.000	1.0000
231	Waveform 1	1	1287.337330729	1287.338664062	38000.000	81000.000	1.0000
231	Spectrogram 1	1	1287.337330729	1287.338664062	38000.000	81000.000	1.0000
232	Waveform 1	1	1287.686664062	1287.687997396	38000.000	81000.000	1.0000
232	Spectrogram 1	1	1287.686664062	1287.687997396	38000.000	81000.000	1.0000
233	Waveform 1	1	1287.777997396	1287.779997396	38000.000	81000.000	1.0000
233	Spectrogram 1	1	1287.777997396	1287.779997396	38000.000	81000.000	1.0000
234	Waveform 1	1	1288.152664062	1288.154664062	38000.000	81000.000	1.0000
234	Spectrogram 1	1	1288.152664062	1288.154664062	38000.000	81000.000	1.0000
235	Waveform 1	1	1288.248664062	1288.251330729	38000.000	81000.000	1.0000
235	Spectrogram 1	1	1288.248664062	1288.251330729	38000.000	81000.000	1.0000
236	Waveform 1	1	1288.447997396	1288.449997396	38000.000	81000.000	0.6667
236	Spectrogram 1	1	1288.447997396	1288.449997396	38000.000	81000.000	0.6667
237	Waveform 1	1	1288.939330729	1288.945997396	38000.000	81000.000	0.6000
237	Spectrogram 1	1	1288.939330729	1288.945997396	38000.000	81000.000	0.6000
238	Waveform 1	1	1289.147330729	1289.151997396	38000.000	81000.000	0.5714
238	Spectrogram 1	1	1289.147330729	1289.151997396	38000.000	81000.000	0.5714
239	Waveform 1	1	1289.355330729	1289.358664062	38000.000	81000.000	1.0000
239	Spectrogram 1	1	1289.355330729	1289.358664062	38000.000	81000.000	1.0000
240	Waveform 1	1	1289.642664062	1289.644664062	38000.000	81000.000	1.0000
240	Spectrogram 1	1	1289.642664062	1289.644664062	38000.000	81000.000	1.0000
241	Waveform 1	1	1289.913997396	1289.915997396	38000.000	81000.000	1.0000
241	Spectrogram 1	1	1289.913997396	1289.915997396	38000.000	81000.000	1.0000
242	Waveform 1	1	1293.311997396	1293.313330729	38000.000	81000.000	1.0000
242	Spectrogram 1	1	1293.311997396	1293.313330729	38000.000	81000.000	1.0000
243	Waveform 1	1	1293.740664062	1293.741997396	38000.000	81000.000	1.0000
243	Spectrogram 1	1	1293.740664062	1293.741997396	38000.000	81000.000	1.0000
244	Waveform 1	1	1293.834664062	1293.836664062	38000.000	81000.000	0.6667
244	Spectrogram 1	1	1293.834664062	1293.836664062	38000.000	81000.000	0.6667
245	Waveform 1	1	1293.930664062	1293.932664062	38000.000	81000.000	1.0000
245	Spectrogram 1	1	1293.930664062	1293.932664062	38000.000	81000.000	1.0000
246	Waveform 1	1	1294.029997396	1294.031997396	38000.000	81000.000	1.0000
246	Spectrogram 1	1	1294.029997396	1294.031997396	38000.000	81000.000	1.0000
247	Waveform 1	1	1294.123330729	1294.136664062	38000.000	81000.000	0.2500
247	Spectrogram 1	1	1294.123330729	1294.136664062	38000.000	81000.000	0.2500
248	Waveform 1	1	1294.224664062	1294.230664062	38000.000	81000.000	0.5556
248	Spectrogram 1	1	1294.224664062	1294.230664062	38000.000	81000.000	0.5556
249	Waveform 1	1	1294.325997396	1294.328664062	38000.000	81000.000	1.0000
249	Spectrogram 1	1	1294.325997396	1294.328664062	38000.000	81000.000	1.0000
250	Waveform 1	1	1294.429330729	1294.431330729	38000.000	81000.000	1.0000
250	Spectrogram 1	1	1294.429330729	1294.431330729	38000.000	81000.000	1.0000
251	Waveform 1	1	1295.739330729	1295.743997396	38000.000	81000.000	0.2857
251	Spectrogram 1	1	1295.739330729	1295.743997396	38000.000	81000.000	0.2857
252	Waveform 1	1	1299.041330729	1299.043330729	38000.000	81000.000	1.0000
252	Spectrogram 1	1	1299.041330729	1299.043330729	38000.000	81000.000	1.0000
253	Waveform 1	1	1299.169330729	1299.170664063	38000.000	81000.000	1.0000
253	Spectrogram 1	1	1299.169330729	1299.170664063	38000.000	81000.000	1.0000
254	Waveform 1	1	1299.261330729	1299.262664062	38000.000	81000.000	1.0000
254	Spectrogram 1	1	1299.261330729	1299.262664062	38000.000	81000.000	1.0000
255	Waveform 1	1	1299.360664062	1299.361997396	38000.000	81000.000	1.0000
255	Spectrogram 1	1	1299.360664062	1299.361997396	38000.000	81000.000	1.0000
256	Waveform 1	1	1299.462664062	1299.464664062	38000.000	81000.000	1.0000
256	Spectrogram 1	1	1299.462664062	1299.464664062	38000.000	81000.000	1.0000
257	Waveform 1	1	1299.558664062	1299.565997396	38000.000	81000.000	0.4545
257	Spectrogram 1	1	1299.558664062	1299.565997396	38000.000	81000.000	0.4545
258	Waveform 1	1	1299.644664062	1299.648664062	38000.000	81000.000	1.0000
258	Spectrogram 1	1	1299.644664062	1299.648664062	38000.000	81000.000	1.0000
259	Waveform 1	1	1299.701330729	1299.702664062	38000.000	81000.000	1.0000
259	Spectrogram 1	1	1299.701330729	1299.702664062	38000.000	81000.000	1.0000
260	Waveform 1	1	1299.784664063	1299.785997396	38000.000	81000.000	1.0000
260	Spectrogram 1	1	1299.784664063	1299.785997396	38000.000	81000.000	1.0000
261	Waveform 1	1	1299.853330729	1299.854664062	38000.000	81000.000	1.0000
261	Spectrogram 1	1	1299.853330729	1299.854664062	38000.000	81000.000	1.0000
262	Waveform 1	1	1300.059330729	1300.061330729	38000.000	81000.000	1.0000
262	Spectrogram 1	1	1300.059330729	1300.061330729	38000.000	81000.000	1.0000
263	Waveform 1	1	1300.209330729	1300.211330729	38000.000	81000.000	1.0000
263	Spectrogram 1	1	1300.209330729	1300.211330729	38000.000	81000.000	1.0000
264	Waveform 1	1	1300.550664062	1300.555997396	38000.000	81000.000	0.6250
264	Spectrogram 1	1	1300.550664062	1300.555997396	38000.000	81000.000	0.6250
265	Waveform 1	1	1300.731330729	1300.732664062	38000.000	81000.000	1.0000
265	Spectrogram 1	1	1300.731330729	1300.732664062	38000.000	81000.000	1.0000
266	Waveform 1	1	1300.851330729	1300.859330729	38000.000	81000.000	0.3333
266	Spectrogram 1	1	1300.851330729	1300.859330729	38000.000	81000.000	0.3333
267	Waveform 1	1	1301.193330729	1301.194664062	38000.000	81000.000	1.0000
267	Spectrogram 1	1	1301.193330729	1301.194664062	38000.000	81000.000	1.0000
268	Waveform 1	1	1301.353330729	1301.365330729	38000.000	81000.000	0.3889
268	Spectrogram 1	1	1301.353330729	1301.365330729	38000.000	81000.000	0.3889
269	Waveform 1	1	1301.507330729	1301.514664062	38000.000	81000.000	0.6364
269	Spectrogram 1	1	1301.507330729	1301.514664062	38000.000	81000.000	0.6364
270	Waveform 1	1	1301.603330729	1301.605330729	38000.000	81000.000	1.0000
270	Spectrogram 1	1	1301.603330729	1301.605330729	38000.000	81000.000	1.0000
271	Waveform 1	1	1301.780664062	1301.787330729	38000.000	81000.000	0.5000
271	Spectrogram 1	1	1301.780664062	1301.787330729	38000.000	81000.000	0.5000
272	Waveform 1	1	1301.867997396	1301.875997396	38000.000	81000.000	0.2500
272	Spectrogram 1	1	1301.867997396	1301.875997396	38000.000	81000.000	0.2500
273	Waveform 1	1	1302.323997396	1302.326664062	38000.000	81000.000	1.0000
273	Spectrogram 1	1	1302.323997396	1302.326664062	38000.000	81000.000	1.0000
274	Waveform 1	1	1302.629330729	1302.631330729	38000.000	81000.000	1.0000
274	Spectrogram 1	1	1302.629330729	1302.631330729	38000.000	81000.000	1.0000
275	Waveform 1	1	1304.571997396	1304.573997396	38000.000	81000.000	1.0000
275	Spectrogram 1	1	1304.571997396	1304.573997396	38000.000	81000.000	1.0000
276	Waveform 1	1	1304.852664063	1304.854664062	38000.000	81000.000	1.0000
276	Spectrogram 1	1	1304.852664063	1304.854664062	38000.000	81000.000	1.0000
277	Waveform 1	1	1305.148664062	1305.149997396	38000.000	81000.000	1.0000
277	Spectrogram 1	1	1305.148664062	1305.149997396	38000.000	81000.000	1.0000
278	Waveform 1	1	1305.251330729	1305.253997396	38000.000	81000.000	1.0000
278	Spectrogram 1	1	1305.251330729	1305.253997396	38000.000	81000.000	1.0000
279	Waveform 1	1	1305.349330729	1305.351997396	38000.000	81000.000	0.5000
279	Spectrogram 1	1	1305.349330729	1305.351997396	38000.000	81000.000	0.5000
280	Waveform 1	1	1305.449330729	1305.451997396	38000.000	81000.000	0.7500
280	Spectrogram 1	1	1305.449330729	1305.451997396	38000.000	81000.000	0.7500
281	Waveform 1	1	1305.547997396	1305.549330729	38000.000	81000.000	1.0000
281	Spectrogram 1	1	1305.547997396	1305.549330729	38000.000	81000.000	1.0000
282	Waveform 1	1	1305.731997396	1305.741330729	38000.000	81000.000	0.5000
282	Spectrogram 1	1	1305.731997396	1305.741330729	38000.000	81000.000	0.5000
283	Waveform 1	1	1305.828664062	1305.835997396	38000.000	81000.000	0.4545
283	Spectrogram 1	1	1305.828664062	1305.835997396	38000.000	81000.000	0.4545
284	Waveform 1	1	1305.921997396	1305.930664062	38000.000	81000.000	0.6923
284	Spectrogram 1	1	1305.921997396	1305.930664062	38000.000	81000.000	0.6923
285	Waveform 1	1	1306.126664062	1306.128664062	38000.000	81000.000	1.0000
285	Spectrogram 1	1	1306.126664062	1306.128664062	38000.000	81000.000	1.0000
286	Waveform 1	1	1306.410664063	1306.420664063	38000.000	81000.000	0.6000
286	Spectrogram 1	1	1306.410664063	1306.420664063	38000.000	81000.000	0.6000
287	Waveform 1	1	1306.607997396	1306.609330729	38000.000	81000.000	1.0000
287	Spectrogram 1	1	1306.607997396	1306.609330729	38000.000	81000.000	1.0000
288	Waveform 1	1	1306.703997396	1306.713997396	38000.000	81000.000	0.4000
288	Spectrogram 1	1	1306.703997396	1306.713997396	38000.000	81000.000	0.4000
289	Waveform 1	1	1306.991330729	1307.001997396	38000.000	81000.000	0.3125
289	Spectrogram 1	1	1306.991330729	1307.001997396	38000.000	81000.000	0.3125
290	Waveform 1	1	1307.290664062	1307.297997396	38000.000	81000.000	0.2727
290	Spectrogram 1	1	1307.290664062	1307.297997396	38000.000	81000.000	0.2727
291	Waveform 1	1	1307.671330729	1307.677330729	38000.000	81000.000	0.3333
291	Spectrogram 1	1	1307.671330729	1307.677330729	38000.000	81000.000	0.3333
292	Waveform 1	1	1308.067330729	1308.068664062	38000.000	81000.000	1.0000
292	Spectrogram 1	1	1308.067330729	1308.068664062	38000.000	81000.000	1.0000
293	Waveform 1	1	1309.905997396	1309.907330729	38000.000	81000.000	1.0000
293	Spectrogram 1	1	1309.905997396	1309.907330729	38000.000	81000.000	1.0000
294	Waveform 1	1	1311.412664062	1311.413997396	38000.000	81000.000	1.0000
294	Spectrogram 1	1	1311.412664062	1311.413997396	38000.000	81000.000	1.0000
295	Waveform 1	1	1315.908664062	1315.909997396	38000.000	81000.000	1.0000
295	Spectrogram 1	1	1315.908664062	1315.909997396	38000.000	81000.000	1.0000
296	Waveform 1	1	1319.133997396	1319.135330729	38000.000	81000.000	1.0000
296	Spectrogram 1	1	1319.133997396	1319.135330729	38000.000	81000.000	1.0000
297	Waveform 1	1	1319.307997396	1319.309330729	38000.000	81000.000	1.0000
297	Spectrogram 1	1	1319.307997396	1319.309330729	38000.000	81000.000	1.0000
298	Waveform 1	1	1319.398664062	1319.399997396	38000.000	81000.000	1.0000
298	Spectrogram 1	1	1319.398664062	1319.399997396	38000.000	81000.000	1.0000
299	Waveform 1	1	1320.119330729	1320.120664062	38000.000	81000.000	1.0000
299	Spectrogram 1	1	1320.119330729	1320.120664062	38000.000	81000.000	1.0000
300	Waveform 1	1	1320.335330729	1320.337997396	38000.000	81000.000	0.7500
300	Spectrogram 1	1	1320.335330729	1320.337997396	38000.000	81000.000	0.7500
301	Waveform 1	1	1320.817997396	1320.819997396	38000.000	81000.000	1.0000
301	Spectrogram 1	1	1320.817997396	1320.819997396	38000.000	81000.000	1.0000
302	Waveform 1	1	1323.698664063	1323.699997396	38000.000	81000.000	1.0000
302	Spectrogram 1	1	1323.698664063	1323.699997396	38000.000	81000.000	1.0000
303	Waveform 1	1	1323.791997396	1323.793330729	38000.000	81000.000	1.0000
303	Spectrogram 1	1	1323.791997396	1323.793330729	38000.000	81000.000	1.0000
304	Waveform 1	1	1323.885330729	1323.888664062	38000.000	81000.000	0.4000
304	Spectrogram 1	1	1323.885330729	1323.888664062	38000.000	81000.000	0.4000
305	Waveform 1	1	1323.979330729	1323.981330729	38000.000	81000.000	1.0000
305	Spectrogram 1	1	1323.979330729	1323.981330729	38000.000	81000.000	1.0000
306	Waveform 1	1	1324.075330729	1324.076664062	38000.000	81000.000	1.0000
306	Spectrogram 1	1	1324.075330729	1324.076664062	38000.000	81000.000	1.0000
307	Waveform 1	1	1324.167997396	1324.169330729	38000.000	81000.000	1.0000
307	Spectrogram 1	1	1324.167997396	1324.169330729	38000.000	81000.000	1.0000
308	Waveform 1	1	1325.886664062	1325.887997396	38000.000	81000.000	1.0000
308	Spectrogram 1	1	1325.886664062	1325.887997396	38000.000	81000.000	1.0000
309	Waveform 1	1	1325.980664062	1325.981997396	38000.000	81000.000	1.0000
309	Spectrogram 1	1	1325.980664062	1325.981997396	38000.000	81000.000	1.0000
310	Waveform 1	1	1326.067330729	1326.068664062	38000.000	81000.000	1.0000
310	Spectrogram 1	1	1326.067330729	1326.068664062	38000.000	81000.000	1.0000
311	Waveform 1	1	1326.243330729	1326.244664062	38000.000	81000.000	1.0000
311	Spectrogram 1	1	1326.243330729	1326.244664062	38000.000	81000.000	1.0000
312	Waveform 1	1	1326.337997396	1326.339330729	38000.000	81000.000	1.0000
312	Spectrogram 1	1	1326.337997396	1326.339330729	38000.000	81000.000	1.0000
313	Waveform 1	1	1326.927330729	1326.929330729	38000.000	81000.000	1.0000
313	Spectrogram 1	1	1326.927330729	1326.929330729	38000.000	81000.000	1.0000
314	Waveform 1	1	1327.007997396	1327.009997396	38000.000	81000.000	1.0000
314	Spectrogram 1	1	1327.007997396	1327.009997396	38000.000	81000.000	1.0000
315	Waveform 1	1	1328.884664062	1328.887330729	38000.000	81000.000	1.0000
315	Spectrogram 1	1	1328.884664062	1328.887330729	38000.000	81000.000	1.0000
316	Waveform 1	1	1330.470664062	1330.472664062	38000.000	81000.000	1.0000
316	Spectrogram 1	1	1330.470664062	1330.472664062	38000.000	81000.000	1.0000
317	Waveform 1	1	1330.628664062	1330.629997396	38000.000	81000.000	1.0000
317	Spectrogram 1	1	1330.628664062	1330.629997396	38000.000	81000.000	1.0000
318	Waveform 1	1	1330.707997396	1330.709330729	38000.000	81000.000	1.0000
318	Spectrogram 1	1	1330.707997396	1330.709330729	38000.000	81000.000	1.0000
319	Waveform 1	1	1330.794664063	1330.795997396	38000.000	81000.000	1.0000
319	Spectrogram 1	1	1330.794664063	1330.795997396	38000.000	81000.000	1.0000
320	Waveform 1	1	1330.971330729	1330.973997396	38000.000	81000.000	0.7500
320	Spectrogram 1	1	1330.971330729	1330.973997396	38000.000	81000.000	0.7500
321	Waveform 1	1	1331.573330729	1331.575330729	38000.000	81000.000	1.0000
321	Spectrogram 1	1	1331.573330729	1331.575330729	38000.000	81000.000	1.0000
322	Waveform 1	1	1332.069997396	1332.071330729	38000.000	81000.000	1.0000
322	Spectrogram 1	1	1332.069997396	1332.071330729	38000.000	81000.000	1.0000
323	Waveform 1	1	1332.159997396	1332.169997396	38000.000	81000.000	0.4000
323	Spectrogram 1	1	1332.159997396	1332.169997396	38000.000	81000.000	0.4000
324	Waveform 1	1	1332.327330729	1332.329330729	38000.000	81000.000	1.0000
324	Spectrogram 1	1	1332.327330729	1332.329330729	38000.000	81000.000	1.0000
325	Waveform 1	1	1332.413330729	1332.423997396	38000.000	81000.000	0.3750
325	Spectrogram 1	1	1332.413330729	1332.423997396	38000.000	81000.000	0.3750
326	Waveform 1	1	1332.508664062	1332.515997396	38000.000	81000.000	0.2727
326	Spectrogram 1	1	1332.508664062	1332.515997396	38000.000	81000.000	0.2727
327	Waveform 1	1	1333.027997396	1333.029330729	38000.000	81000.000	1.0000
327	Spectrogram 1	1	1333.027997396	1333.029330729	38000.000	81000.000	1.0000
328	Waveform 1	1	1333.322664062	1333.323997396	38000.000	81000.000	1.0000
328	Spectrogram 1	1	1333.322664062	1333.323997396	38000.000	81000.000	1.0000
329	Waveform 1	1	1335.545997396	1335.547330729	38000.000	81000.000	1.0000
329	Spectrogram 1	1	1335.545997396	1335.547330729	38000.000	81000.000	1.0000
330	Waveform 1	1	1335.705330729	1335.706664062	38000.000	81000.000	1.0000
330	Spectrogram 1	1	1335.705330729	1335.706664062	38000.000	81000.000	1.0000
331	Waveform 1	1	1335.791997396	1335.793330729	38000.000	81000.000	1.0000
331	Spectrogram 1	1	1335.791997396	1335.793330729	38000.000	81000.000	1.0000
332	Waveform 1	1	1335.883997396	1335.885330729	38000.000	81000.000	1.0000
332	Spectrogram 1	1	1335.883997396	1335.885330729	38000.000	81000.000	1.0000
333	Waveform 1	1	1336.073330729	1336.075330729	38000.000	81000.000	1.0000
333	Spectrogram 1	1	1336.073330729	1336.075330729	38000.000	81000.000	1.0000
334	Waveform 1	1	1336.175330729	1336.176664062	38000.000	81000.000	1.0000
334	Spectrogram 1	1	1336.175330729	1336.176664062	38000.000	81000.000	1.0000
335	Waveform 1	1	1336.272664062	1336.275330729	38000.000	81000.000	1.0000
335	Spectrogram 1	1	1336.272664062	1336.275330729	38000.000	81000.000	1.0000
336	Waveform 1	1	1336.376664062	1336.378664062	38000.000	81000.000	1.0000
336	Spectrogram 1	1	1336.376664062	1336.378664062	38000.000	81000.000	1.0000
337	Waveform 1	1	1336.467997396	1336.470664062	38000.000	81000.000	0.7500
337	Spectrogram 1	1	1336.467997396	1336.470664062	38000.000	81000.000	0.7500
338	Waveform 1	1	1336.820664062	1336.830664062	38000.000	81000.000	0.3333
338	Spectrogram 1	1	1336.820664062	1336.830664062	38000.000	81000.000	0.3333
339	Waveform 1	1	1337.732664062	1337.733997396	38000.000	81000.000	1.0000
339	Spectrogram 1	1	1337.732664062	1337.733997396	38000.000	81000.000	1.0000
340	Waveform 1	1	1337.806664062	1337.807997396	38000.000	81000.000	1.0000
340	Spectrogram 1	1	1337.806664062	1337.807997396	38000.000	81000.000	1.0000
341	Waveform 1	1	1337.893997396	1337.895330729	38000.000	81000.000	1.0000
341	Spectrogram 1	1	1337.893997396	1337.895330729	38000.000	81000.000	1.0000
342	Waveform 1	1	1337.978664063	1337.983330729	38000.000	81000.000	0.7143
342	Spectrogram 1	1	1337.978664063	1337.983330729	38000.000	81000.000	0.7143
343	Waveform 1	1	1338.065997396	1338.068664062	38000.000	81000.000	0.7500
343	Spectrogram 1	1	1338.065997396	1338.068664062	38000.000	81000.000	0.7500
344	Waveform 1	1	1338.151997396	1338.161997396	38000.000	81000.000	0.4000
344	Spectrogram 1	1	1338.151997396	1338.161997396	38000.000	81000.000	0.4000
345	Waveform 1	1	1338.218664063	1338.223997396	38000.000	81000.000	0.6250
345	Spectrogram 1	1	1338.218664063	1338.223997396	38000.000	81000.000	0.6250
346	Waveform 1	1	1338.583997396	1338.591997396	38000.000	81000.000	0.5000
346	Spectrogram 1	1	1338.583997396	1338.591997396	38000.000	81000.000	0.5000
347	Waveform 1	1	1338.692664062	1338.693997396	38000.000	81000.000	1.0000
347	Spectrogram 1	1	1338.692664062	1338.693997396	38000.000	81000.000	1.0000
348	Waveform 1	1	1338.790664062	1338.806664062	38000.000	81000.000	0.2500
348	Spectrogram 1	1	1338.790664062	1338.806664062	38000.000	81000.000	0.2500
349	Waveform 1	1	1338.885330729	1338.893997396	38000.000	81000.000	0.3077
349	Spectrogram 1	1	1338.885330729	1338.893997396	38000.000	81000.000	0.3077
350	Waveform 1	1	1339.068664062	1339.091997396	38000.000	81000.000	0.2000
350	Spectrogram 1	1	1339.068664062	1339.091997396	38000.000	81000.000	0.2000
351	Waveform 1	1	1339.156664062	1339.158664062	38000.000	81000.000	1.0000
351	Spectrogram 1	1	1339.156664062	1339.158664062	38000.000	81000.000	1.0000
352	Waveform 1	1	1339.235330729	1339.243997396	38000.000	81000.000	0.3077
352	Spectrogram 1	1	1339.235330729	1339.243997396	38000.000	81000.000	0.3077
353	Waveform 1	1	1339.335997396	1339.337997396	38000.000	81000.000	1.0000
353	Spectrogram 1	1	1339.335997396	1339.337997396	38000.000	81000.000	1.0000
354	Waveform 1	1	1339.501997396	1339.512664062	38000.000	81000.000	0.2500
354	Spectrogram 1	1	1339.501997396	1339.512664062	38000.000	81000.000	0.2500
355	Waveform 1	1	1339.570664062	1339.579997396	38000.000	81000.000	0.3571
355	Spectrogram 1	1	1339.570664062	1339.579997396	38000.000	81000.000	0.3571
356	Waveform 1	1	1339.645997396	1339.657330729	38000.000	81000.000	0.2353
356	Spectrogram 1	1	1339.645997396	1339.657330729	38000.000	81000.000	0.2353
357	Waveform 1	1	1339.721330729	1339.729997396	38000.000	81000.000	0.6923
357	Spectrogram 1	1	1339.721330729	1339.729997396	38000.000	81000.000	0.6923
358	Waveform 1	1	1339.792664062	1339.803997396	38000.000	81000.000	0.4118
358	Spectrogram 1	1	1339.792664062	1339.803997396	38000.000	81000.000	0.4118
359	Waveform 1	1	1339.852664063	1339.860664062	38000.000	81000.000	0.3333
359	Spectrogram 1	1	1339.852664063	1339.860664062	38000.000	81000.000	0.3333
360	Waveform 1	1	1339.919997396	1339.921330729	38000.000	81000.000	1.0000
360	Spectrogram 1	1	1339.919997396	1339.921330729	38000.000	81000.000	1.0000
361	Waveform 1	1	1340.027330729	1340.028664062	38000.000	81000.000	1.0000
361	Spectrogram 1	1	1340.027330729	1340.028664062	38000.000	81000.000	1.0000
362	Waveform 1	1	1340.063330729	1340.064664063	38000.000	81000.000	1.0000
362	Spectrogram 1	1	1340.063330729	1340.064664063	38000.000	81000.000	1.0000
363	Waveform 1	1	1340.357330729	1340.376664062	38000.000	81000.000	0.2069
363	Spectrogram 1	1	1340.357330729	1340.376664062	38000.000	81000.000	0.2069
364	Waveform 1	1	1340.444664062	1340.445997396	38000.000	81000.000	1.0000
364	Spectrogram 1	1	1340.444664062	1340.445997396	38000.000	81000.000	1.0000
365	Waveform 1	1	1340.644664062	1340.651330729	38000.000	81000.000	0.3000
365	Spectrogram 1	1	1340.644664062	1340.651330729	38000.000	81000.000	0.3000
366	Waveform 1	1	1340.744664062	1340.745997396	38000.000	81000.000	1.0000
366	Spectrogram 1	1	1340.744664062	1340.745997396	38000.000	81000.000	1.0000
367	Waveform 1	1	1340.916664062	1340.917997396	38000.000	81000.000	1.0000
367	Spectrogram 1	1	1340.916664062	1340.917997396	38000.000	81000.000	1.0000
368	Waveform 1	1	1341.087997396	1341.089997396	38000.000	81000.000	1.0000
368	Spectrogram 1	1	1341.087997396	1341.089997396	38000.000	81000.000	1.0000
369	Waveform 1	1	1341.297997396	1341.299997396	38000.000	81000.000	1.0000
369	Spectrogram 1	1	1341.297997396	1341.299997396	38000.000	81000.000	1.0000
370	Waveform 1	1	1341.397997396	1341.399997396	38000.000	81000.000	1.0000
370	Spectrogram 1	1	1341.397997396	1341.399997396	38000.000	81000.000	1.0000
371	Waveform 1	1	1341.471997396	1341.473330729	38000.000	81000.000	1.0000
371	Spectrogram 1	1	1341.471997396	1341.473330729	38000.000	81000.000	1.0000
372	Waveform 1	1	1341.657330729	1341.664664062	38000.000	81000.000	0.5455
372	Spectrogram 1	1	1341.657330729	1341.664664062	38000.000	81000.000	0.5455
373	Waveform 1	1	1342.172664062	1342.174664062	38000.000	81000.000	0.6667
373	Spectrogram 1	1	1342.172664062	1342.174664062	38000.000	81000.000	0.6667
374	Waveform 1	1	1489.631330729	1489.633997396	38000.000	81000.000	1.0000
374	Spectrogram 1	1	1489.631330729	1489.633997396	38000.000	81000.000	1.0000
375	Waveform 1	1	1490.053997396	1490.055997396	38000.000	81000.000	1.0000
375	Spectrogram 1	1	1490.053997396	1490.055997396	38000.000	81000.000	1.0000
376	Waveform 1	1	1490.333997396	1490.336664062	38000.000	81000.000	1.0000
376	Spectrogram 1	1	1490.333997396	1490.336664062	38000.000	81000.000	1.0000
377	Waveform 1	1	1497.995330729	1497.996664063	38000.000	81000.000	1.0000
377	Spectrogram 1	1	1497.995330729	1497.996664063	38000.000	81000.000	1.0000
378	Waveform 1	1	1498.087330729	1498.088664062	38000.000	81000.000	1.0000
378	Spectrogram 1	1	1498.087330729	1498.088664062	38000.000	81000.000	1.0000
379	Waveform 1	1	1498.399330729	1498.401330729	38000.000	81000.000	1.0000
379	Spectrogram 1	1	1498.399330729	1498.401330729	38000.000	81000.000	1.0000
380	Waveform 1	1	1498.611330729	1498.613330729	38000.000	81000.000	0.6667
380	Spectrogram 1	1	1498.611330729	1498.613330729	38000.000	81000.000	0.6667
381	Waveform 1	1	1503.639330729	1503.640664063	38000.000	81000.000	1.0000
381	Spectrogram 1	1	1503.639330729	1503.640664063	38000.000	81000.000	1.0000
382	Waveform 1	1	1503.797330729	1503.798664062	38000.000	81000.000	1.0000
382	Spectrogram 1	1	1503.797330729	1503.798664062	38000.000	81000.000	1.0000
383	Waveform 1	1	1503.979997396	1503.981997396	38000.000	81000.000	1.0000
383	Spectrogram 1	1	1503.979997396	1503.981997396	38000.000	81000.000	1.0000
384	Waveform 1	1	1504.424664062	1504.425997396	38000.000	81000.000	1.0000
384	Spectrogram 1	1	1504.424664062	1504.425997396	38000.000	81000.000	1.0000
385	Waveform 1	1	1505.747330729	1505.749330729	38000.000	81000.000	1.0000
385	Spectrogram 1	1	1505.747330729	1505.749330729	38000.000	81000.000	1.0000
386	Waveform 1	1	1505.835330729	1505.836664062	38000.000	81000.000	1.0000
386	Spectrogram 1	1	1505.835330729	1505.836664062	38000.000	81000.000	1.0000
387	Waveform 1	1	1506.009330729	1506.010664062	38000.000	81000.000	1.0000
387	Spectrogram 1	1	1506.009330729	1506.010664062	38000.000	81000.000	1.0000
388	Waveform 1	1	1506.079997396	1506.081330729	38000.000	81000.000	1.0000
388	Spectrogram 1	1	1506.079997396	1506.081330729	38000.000	81000.000	1.0000
389	Waveform 1	1	1506.539330729	1506.540664062	38000.000	81000.000	1.0000
389	Spectrogram 1	1	1506.539330729	1506.540664062	38000.000	81000.000	1.0000
390	Waveform 1	1	1506.853997396	1506.855997396	38000.000	81000.000	1.0000
390	Spectrogram 1	1	1506.853997396	1506.855997396	38000.000	81000.000	1.0000
391	Waveform 1	1	1507.019997396	1507.021997396	38000.000	81000.000	1.0000
391	Spectrogram 1	1	1507.019997396	1507.021997396	38000.000	81000.000	1.0000
392	Waveform 1	1	1507.205330729	1507.207330729	38000.000	81000.000	1.0000
392	Spectrogram 1	1	1507.205330729	1507.207330729	38000.000	81000.000	1.0000
393	Waveform 1	1	1507.301330729	1507.304664063	38000.000	81000.000	1.0000
393	Spectrogram 1	1	1507.301330729	1507.304664063	38000.000	81000.000	1.0000
394	Waveform 1	1	1507.426664062	1507.429330729	38000.000	81000.000	0.7500
394	Spectrogram 1	1	1507.426664062	1507.429330729	38000.000	81000.000	0.7500
395	Waveform 1	1	1507.522664062	1507.523997396	38000.000	81000.000	1.0000
395	Spectrogram 1	1	1507.522664062	1507.523997396	38000.000	81000.000	1.0000
396	Waveform 1	1	1508.907997396	1508.909330729	38000.000	81000.000	1.0000
396	Spectrogram 1	1	1508.907997396	1508.909330729	38000.000	81000.000	1.0000
397	Waveform 1	1	1508.987997396	1508.989330729	38000.000	81000.000	1.0000
397	Spectrogram 1	1	1508.987997396	1508.989330729	38000.000	81000.000	1.0000
398	Waveform 1	1	1509.664664062	1509.665997396	38000.000	81000.000	1.0000
398	Spectrogram 1	1	1509.664664062	1509.665997396	38000.000	81000.000	1.0000
399	Waveform 1	1	1509.751997396	1509.753330729	38000.000	81000.000	1.0000
399	Spectrogram 1	1	1509.751997396	1509.753330729	38000.000	81000.000	1.0000
400	Waveform 1	1	1509.835997396	1509.837330729	38000.000	81000.000	1.0000
400	Spectrogram 1	1	1509.835997396	1509.837330729	38000.000	81000.000	1.0000
401	Waveform 1	1	1509.925330729	1509.926664062	38000.000	81000.000	1.0000
401	Spectrogram 1	1	1509.925330729	1509.926664062	38000.000	81000.000	1.0000
402	Waveform 1	1	1510.001330729	1510.003997396	38000.000	81000.000	1.0000
402	Spectrogram 1	1	1510.001330729	1510.003997396	38000.000	81000.000	1.0000
403	Waveform 1	1	1510.087997396	1510.089330729	38000.000	81000.000	1.0000
403	Spectrogram 1	1	1510.087997396	1510.089330729	38000.000	81000.000	1.0000
404	Waveform 1	1	1510.203997396	1510.211997396	38000.000	81000.000	0.6667
404	Spectrogram 1	1	1510.203997396	1510.211997396	38000.000	81000.000	0.6667
405	Waveform 1	1	1510.369997396	1510.371330729	38000.000	81000.000	1.0000
405	Spectrogram 1	1	1510.369997396	1510.371330729	38000.000	81000.000	1.0000
406	Waveform 1	1	1510.458664063	1510.472664062	38000.000	81000.000	0.2857
406	Spectrogram 1	1	1510.458664063	1510.472664062	38000.000	81000.000	0.2857
407	Waveform 1	1	1510.655330729	1510.656664062	38000.000	81000.000	1.0000
407	Spectrogram 1	1	1510.655330729	1510.656664062	38000.000	81000.000	1.0000
408	Waveform 1	1	1510.845997396	1510.847330729	38000.000	81000.000	1.0000
408	Spectrogram 1	1	1510.845997396	1510.847330729	38000.000	81000.000	1.0000
409	Waveform 1	1	1512.942664062	1512.944664062	38000.000	81000.000	0.6667
409	Spectrogram 1	1	1512.942664062	1512.944664062	38000.000	81000.000	0.6667
410	Waveform 1	1	1742.832664063	1742.833997396	38000.000	81000.000	1.0000
410	Spectrogram 1	1	1742.832664063	1742.833997396	38000.000	81000.000	1.0000
411	Waveform 1	1	1742.937330729	1742.938664063	38000.000	81000.000	1.0000
411	Spectrogram 1	1	1742.937330729	1742.938664063	38000.000	81000.000	1.0000
412	Waveform 1	1	1743.282664062	1743.284664063	38000.000	81000.000	0.6667
412	Spectrogram 1	1	1743.282664062	1743.284664063	38000.000	81000.000	0.6667
413	Waveform 1	1	1743.603997396	1743.605330729	38000.000	81000.000	1.0000
413	Spectrogram 1	1	1743.603997396	1743.605330729	38000.000	81000.000	1.0000
414	Waveform 1	1	1743.842664063	1743.843997396	38000.000	81000.000	1.0000
414	Spectrogram 1	1	1743.842664063	1743.843997396	38000.000	81000.000	1.0000
415	Waveform 1	1	1744.496664063	1744.497997396	38000.000	81000.000	1.0000
415	Spectrogram 1	1	1744.496664063	1744.497997396	38000.000	81000.000	1.0000
416	Waveform 1	1	1779.262664062	1779.263997396	38000.000	81000.000	1.0000
416	Spectrogram 1	1	1779.262664062	1779.263997396	38000.000	81000.000	1.0000
417	Waveform 1	1	1779.922664062	1779.923997396	38000.000	81000.000	1.0000
417	Spectrogram 1	1	1779.922664062	1779.923997396	38000.000	81000.000	1.0000
418	Waveform 1	1	1780.270664062	1780.279330729	38000.000	81000.000	0.3077
418	Spectrogram 1	1	1780.270664062	1780.279330729	38000.000	81000.000	0.3077
419	Waveform 1	1	1780.745330729	1780.747330729	38000.000	81000.000	1.0000
419	Spectrogram 1	1	1780.745330729	1780.747330729	38000.000	81000.000	1.0000
420	Waveform 1	1	1781.005997396	1781.007330729	38000.000	81000.000	1.0000
420	Spectrogram 1	1	1781.005997396	1781.007330729	38000.000	81000.000	1.0000
421	Waveform 1	1	1781.354664062	1781.355997396	38000.000	81000.000	1.0000
421	Spectrogram 1	1	1781.354664062	1781.355997396	38000.000	81000.000	1.0000
422	Waveform 1	1	1781.460664062	1781.469330729	38000.000	81000.000	0.2308
422	Spectrogram 1	1	1781.460664062	1781.469330729	38000.000	81000.000	0.2308
423	Waveform 1	1	1782.043330729	1782.045330729	38000.000	81000.000	1.0000
423	Spectrogram 1	1	1782.043330729	1782.045330729	38000.000	81000.000	1.0000
424	Waveform 1	1	1782.737330729	1782.739330729	38000.000	81000.000	1.0000
424	Spectrogram 1	1	1782.737330729	1782.739330729	38000.000	81000.000	1.0000
425	Waveform 1	1	1783.209997396	1783.211330729	38000.000	81000.000	1.0000
425	Spectrogram 1	1	1783.209997396	1783.211330729	38000.000	81000.000	1.0000
426	Waveform 1	1	1783.577330729	1783.578664062	38000.000	81000.000	1.0000
426	Spectrogram 1	1	1783.577330729	1783.578664062	38000.000	81000.000	1.0000
