Selection	View	Channel	Begin Time (s)	End Time (s)	Low Freq (Hz)	High Freq (Hz)	Occupancy
1	Waveform 1	1	350.665997396	350.667330729	38000.000	81000.000	1.0000
1	Spectrogram 1	1	350.665997396	350.667330729	38000.000	81000.000	1.0000
2	Waveform 1	1	351.075330729	351.076664063	38000.000	81000.000	1.0000
2	Spectrogram 1	1	351.075330729	351.076664063	38000.000	81000.000	1.0000
3	Waveform 1	1	351.182664063	351.183997396	38000.000	81000.000	1.0000
3	Spectrogram 1	1	351.182664063	351.183997396	38000.000	81000.000	1.0000
4	Waveform 1	1	351.463997396	351.465997396	38000.000	81000.000	1.0000
4	Spectrogram 1	1	351.463997396	351.465997396	38000.000	81000.000	1.0000
5	Waveform 1	1	351.561330729	351.562664063	38000.000	81000.000	1.0000
5	Spectrogram 1	1	351.561330729	351.562664063	38000.000	81000.000	1.0000
6	Waveform 1	1	351.659997396	351.661330729	38000.000	81000.000	1.0000
6	Spectrogram 1	1	351.659997396	351.661330729	38000.000	81000.000	1.0000
7	Waveform 1	1	352.147330729	352.155330729	38000.000	81000.000	0.2500
7	Spectrogram 1	1	352.147330729	352.155330729	38000.000	81000.000	0.2500
8	Waveform 1	1	352.944664063	352.946664063	38000.000	81000.000	1.0000
8	Spectrogram 1	1	352.944664063	352.946664063	38000.000	81000.000	1.0000
9	Waveform 1	1	353.243997396	353.245330729	38000.000	81000.000	1.0000
9	Spectrogram 1	1	353.243997396	353.245330729	38000.000	81000.000	1.0000
10	Waveform 1	1	1529.712664062	1529.713997396	38000.000	81000.000	1.0000
10	Spectrogram 1	1	1529.712664062	1529.713997396	38000.000	81000.000	1.0000
11	Waveform 1	1	1530.035330729	1530.036664062	38000.000	81000.000	1.0000
11	Spectrogram 1	1	1530.035330729	1530.036664062	38000.000	81000.000	1.0000
12	Waveform 1	1	1530.141997396	1530.143997396	38000.000	81000.000	1.0000
12	Spectrogram 1	1	1530.141997396	1530.143997396	38000.000	81000.000	1.0000
13	Waveform 1	1	1530.248664062	1530.249997396	38000.000	81000.000	1.0000
13	Spectrogram 1	1	1530.248664062	1530.249997396	38000.000	81000.000	1.0000
14	Waveform 1	1	1530.354664062	1530.356664062	38000.000	81000.000	1.0000
14	Spectrogram 1	1	1530.354664062	1530.356664062	38000.000	81000.000	1.0000
15	Waveform 1	1	1530.467330729	1530.468664063	38000.000	81000.000	1.0000
15	Spectrogram 1	1	1530.467330729	1530.468664063	38000.000	81000.000	1.0000
16	Waveform 1	1	1530.571330729	1530.573330729	38000.000	81000.000	1.0000
16	Spectrogram 1	1	1530.571330729	1530.573330729	38000.000	81000.000	1.0000
17	Waveform 1	1	1530.682664062	1530.692664062	38000.000	81000.000	0.3333
17	Spectrogram 1	1	1530.682664062	1530.692664062	38000.000	81000.000	0.3333
18	Waveform 1	1	1530.787997396	1530.789330729	38000.000	81000.000	1.0000
18	Spectrogram 1	1	1530.787997396	1530.789330729	38000.000	81000.000	1.0000
19	Waveform 1	1	1531.100664062	1531.101997396	38000.000	81000.000	1.0000
19	Spectrogram 1	1	1531.100664062	1531.101997396	38000.000	81000.000	1.0000
20	Waveform 1	1	1531.442664062	1531.443997396	38000.000	81000.000	1.0000
20	Spectrogram 1	1	1531.442664062	1531.443997396	38000.000	81000.000	1.0000
21	Waveform 1	1	1531.665330729	1531.666664062	38000.000	81000.000	1.0000
21	Spectrogram 1	1	1531.665330729	1531.666664062	38000.000	81000.000	1.0000
22	Waveform 1	1	1542.950664062	1542.951997396	38000.000	81000.000	1.0000
22	Spectrogram 1	1	1542.950664062	1542.951997396	38000.000	81000.000	1.0000
23	Waveform 1	1	1544.109330729	1544.111330729	38000.000	81000.000	0.6667
23	Spectrogram 1	1	1544.109330729	1544.111330729	38000.000	81000.000	0.6667
24	Waveform 1	1	1544.337330729	1544.338664062	38000.000	81000.000	1.0000
24	Spectrogram 1	1	1544.337330729	1544.338664062	38000.000	81000.000	1.0000
25	Waveform 1	1	1631.669997396	1631.671330729	38000.000	81000.000	1.0000
25	Spectrogram 1	1	1631.669997396	1631.671330729	38000.000	81000.000	1.0000
26	Waveform 1	1	1631.773997396	1631.775330729	38000.000	81000.000	1.0000
26	Spectrogram 1	1	1631.773997396	1631.775330729	38000.000	81000.000	1.0000
27	Waveform 1	1	1631.969330729	1631.970664062	38000.000	81000.000	1.0000
27	Spectrogram 1	1	1631.969330729	1631.970664062	38000.000	81000.000	1.0000
28	Waveform 1	1	1634.825330729	1634.826664062	38000.000	81000.000	1.0000
28	Spectrogram 1	1	1634.825330729	1634.826664062	38000.000	81000.000	1.0000
29	Waveform 1	1	1635.077997396	1635.079330729	38000.000	81000.000	1.0000
29	Spectrogram 1	1	1635.077997396	1635.079330729	38000.000	81000.000	1.0000
30	Waveform 1	1	1635.493330729	1635.494664062	38000.000	81000.000	1.0000
30	Spectrogram 1	1	1635.493330729	1635.494664062	38000.000	81000.000	1.0000
31	Waveform 1	1	1635.590664062	1635.591997396	38000.000	81000.000	1.0000
31	Spectrogram 1	1	1635.590664062	1635.591997396	38000.000	81000.000	1.0000
32	Waveform 1	1	1635.789997396	1635.791997396	38000.000	81000.000	1.0000
32	Spectrogram 1	1	1635.789997396	1635.791997396	38000.000	81000.000	1.0000
33	Waveform 1	1	1635.885997396	1635.887330729	38000.000	81000.000	1.0000
33	Spectrogram 1	1	1635.885997396	1635.887330729	38000.000	81000.000	1.0000
34	Waveform 1	1	1635.979997396	1635.981997396	38000.000	81000.000	1.0000
34	Spectrogram 1	1	1635.979997396	1635.981997396	38000.000	81000.000	1.0000
35	Waveform 1	1	1636.185997396	1636.187330729	38000.000	81000.000	1.0000
35	Spectrogram 1	1	1636.185997396	1636.187330729	38000.000	81000.000	1.0000
36	Waveform 1	1	1636.356664062	1636.357997396	38000.000	81000.000	1.0000
36	Spectrogram 1	1	1636.356664062	1636.357997396	38000.000	81000.000	1.0000
37	Waveform 1	1	1636.545330729	1636.546664062	38000.000	81000.000	1.0000
37	Spectrogram 1	1	1636.545330729	1636.546664062	38000.000	81000.000	1.0000
38	Waveform 1	1	1640.207997396	1640.209330729	38000.000	81000.000	1.0000
38	Spectrogram 1	1	1640.207997396	1640.209330729	38000.000	81000.000	1.0000
39	Waveform 1	1	1640.311997396	1640.313330729	38000.000	81000.000	1.0000
39	Spectrogram 1	1	1640.311997396	1640.313330729	38000.000	81000.000	1.0000
40	Waveform 1	1	1640.416664062	1640.417997396	38000.000	81000.000	1.0000
40	Spectrogram 1	1	1640.416664062	1640.417997396	38000.000	81000.000	1.0000
41	Waveform 1	1	1640.526664063	1640.527997396	38000.000	81000.000	1.0000
41	Spectrogram 1	1	1640.526664063	1640.527997396	38000.000	81000.000	1.0000
42	Waveform 1	1	1640.632664062	1640.634664062	38000.000	81000.000	1.0000
42	Spectrogram 1	1	1640.632664062	1640.634664062	38000.000	81000.000	1.0000
43	Waveform 1	1	1640.847997396	1640.849330729	38000.000	81000.000	1.0000
43	Spectrogram 1	1	1640.847997396	1640.849330729	38000.000	81000.000	1.0000
44	Waveform 1	1	1641.066664062	1641.067997396	38000.000	81000.000	1.0000
44	Spectrogram 1	1	1641.066664062	1641.067997396	38000.000	81000.000	1.0000
45	Waveform 1	1	1641.273330729	1641.274664062	38000.000	81000.000	1.0000
45	Spectrogram 1	1	1641.273330729	1641.274664062	38000.000	81000.000	1.0000
46	Waveform 1	1	1641.375997396	1641.377330729	38000.000	81000.000	1.0000
46	Spectrogram 1	1	1641.375997396	1641.377330729	38000.000	81000.000	1.0000
47	Waveform 1	1	1641.478664063	1641.480664062	38000.000	81000.000	1.0000
47	Spectrogram 1	1	1641.478664063	1641.480664062	38000.000	81000.000	1.0000
48	Waveform 1	1	1641.589330729	1641.590664062	38000.000	81000.000	1.0000
48	Spectrogram 1	1	1641.589330729	1641.590664062	38000.000	81000.000	1.0000
49	Waveform 1	1	1641.827330729	1641.828664062	38000.000	81000.000	1.0000
49	Spectrogram 1	1	1641.827330729	1641.828664062	38000.000	81000.000	1.0000
50	Waveform 1	1	1642.141997396	1642.143330729	38000.000	81000.000	1.0000
50	Spectrogram 1	1	1642.141997396	1642.143330729	38000.000	81000.000	1.0000
51	Waveform 1	1	1642.353997396	1642.355330729	38000.000	81000.000	1.0000
51	Spectrogram 1	1	1642.353997396	1642.355330729	38000.000	81000.000	1.0000
52	Waveform 1	1	1642.754664062	1642.755997396	38000.000	81000.000	1.0000
52	Spectrogram 1	1	1642.754664062	1642.755997396	38000.000	81000.000	1.0000
53	Waveform 1	1	1657.508664062	1657.509997396	38000.000	81000.000	1.0000
53	Spectrogram 1	1	1657.508664062	1657.509997396	38000.000	81000.000	1.0000
54	Waveform 1	1	1658.222664062	1658.224664062	38000.000	81000.000	1.0000
54	Spectrogram 1	1	1658.222664062	1658.224664062	38000.000	81000.000	1.0000
55	Waveform 1	1	1659.028664062	1659.030664062	38000.000	81000.000	1.0000
55	Spectrogram 1	1	1659.028664062	1659.030664062	38000.000	81000.000	1.0000
56	Waveform 1	1	1659.296664062	1659.297997396	38000.000	81000.000	1.0000
56	Spectrogram 1	1	1659.296664062	1659.297997396	38000.000	81000.000	1.0000
57	Waveform 1	1	1665.242664062	1665.244664062	38000.000	81000.000	0.6667
57	Spectrogram 1	1	1665.242664062	1665.244664062	38000.000	81000.000	0.6667
58	Waveform 1	1	1665.347330729	1665.348664062	38000.000	81000.000	1.0000
58	Spectrogram 1	1	1665.347330729	1665.348664062	38000.000	81000.000	1.0000
59	Waveform 1	1	1667.501997396	1667.503330729	38000.000	81000.000	1.0000
59	Spectrogram 1	1	1667.501997396	1667.503330729	38000.000	81000.000	1.0000
60	Waveform 1	1	1668.278664062	1668.279997396	38000.000	81000.000	1.0000
60	Spectrogram 1	1	1668.278664062	1668.279997396	38000.000	81000.000	1.0000
61	Waveform 1	1	1668.353997396	1668.355997396	38000.000	81000.000	0.6667
61	Spectrogram 1	1	1668.353997396	1668.355997396	38000.000	81000.000	0.6667
62	Waveform 1	1	1668.433330729	1668.439997396	38000.000	81000.000	0.4000
62	Spectrogram 1	1	1668.433330729	1668.439997396	38000.000	81000.000	0.4000
63	Waveform 1	1	1668.522664062	1668.523997396	38000.000	81000.000	1.0000
63	Spectrogram 1	1	1668.522664062	1668.523997396	38000.000	81000.000	1.0000
64	Waveform 1	1	1670.752664062	1670.754664062	38000.000	81000.000	1.0000
64	Spectrogram 1	1	1670.752664062	1670.754664062	38000.000	81000.000	1.0000
65	Waveform 1	1	1670.835330729	1670.839330729	38000.000	81000.000	0.6667
65	Spectrogram 1	1	1670.835330729	1670.839330729	38000.000	81000.000	0.6667
66	Waveform 1	1	1670.923330729	1670.924664062	38000.000	81000.000	1.0000
66	Spectrogram 1	1	1670.923330729	1670.924664062	38000.000	81000.000	1.0000
67	Waveform 1	1	1671.074664063	1671.075997396	38000.000	81000.000	1.0000
67	Spectrogram 1	1	1671.074664063	1671.075997396	38000.000	81000.000	1.0000
68	Waveform 1	1	1671.493330729	1671.495330729	38000.000	81000.000	1.0000
68	Spectrogram 1	1	1671.493330729	1671.495330729	38000.000	81000.000	1.0000
69	Waveform 1	1	1671.519330729	1671.525330729	38000.000	81000.000	0.5556
69	Spectrogram 1	1	1671.519330729	1671.525330729	38000.000	81000.000	0.5556
70	Waveform 1	1	1671.589330729	1671.590664062	38000.000	81000.000	1.0000
70	Spectrogram 1	1	1671.589330729	1671.590664062	38000.000	81000.000	1.0000
71	Waveform 1	1	1671.612664063	1671.614664062	38000.000	81000.000	1.0000
71	Spectrogram 1	1	1671.612664063	1671.614664062	38000.000	81000.000	1.0000
72	Waveform 1	1	1671.697330729	1671.706664062	38000.000	81000.000	0.2857
72	Spectrogram 1	1	1671.697330729	1671.706664062	38000.000	81000.000	0.2857
73	Waveform 1	1	1671.785330729	1671.789997396	38000.000	81000.000	0.4286
73	Spectrogram 1	1	1671.785330729	1671.789997396	38000.000	81000.000	0.4286
74	Waveform 1	1	1671.868664062	1671.881997396	38000.000	81000.000	0.3000
74	Spectrogram 1	1	1671.868664062	1671.881997396	38000.000	81000.000	0.3000
75	Waveform 1	1	1671.963997396	1671.965997396	38000.000	81000.000	1.0000
75	Spectrogram 1	1	1671.963997396	1671.965997396	38000.000	81000.000	1.0000
76	Waveform 1	1	1672.059997396	1672.061330729	38000.000	81000.000	1.0000
76	Spectrogram 1	1	1672.059997396	1672.061330729	38000.000	81000.000	1.0000
77	Waveform 1	1	1672.144664062	1672.149997396	38000.000	81000.000	0.5000
77	Spectrogram 1	1	1672.144664062	1672.149997396	38000.000	81000.000	0.5000
78	Waveform 1	1	1672.225330729	1672.226664063	38000.000	81000.000	1.0000
78	Spectrogram 1	1	1672.225330729	1672.226664063	38000.000	81000.000	1.0000
79	Waveform 1	1	1672.863997396	1672.877997396	38000.000	81000.000	0.5714
79	Spectrogram 1	1	1672.863997396	1672.877997396	38000.000	81000.000	0.5714
80	Waveform 1	1	1673.197997396	1673.213997396	38000.000	81000.000	0.3333
80	Spectrogram 1	1	1673.197997396	1673.213997396	38000.000	81000.000	0.3333
81	Waveform 1	1	1675.060664062	1675.061997396	38000.000	81000.000	1.0000
81	Spectrogram 1	1	1675.060664062	1675.061997396	38000.000	81000.000	1.0000
82	Waveform 1	1	1676.543997396	1676.545330729	38000.000	81000.000	1.0000
82	Spectrogram 1	1	1676.543997396	1676.545330729	38000.000	81000.000	1.0000
83	Waveform 1	1	1676.750664062	1676.751997396	38000.000	81000.000	1.0000
83	Spectrogram 1	1	1676.750664062	1676.751997396	38000.000	81000.000	1.0000
84	Waveform 1	1	1677.046664062	1677.047997396	38000.000	81000.000	1.0000
84	Spectrogram 1	1	1677.046664062	1677.047997396	38000.000	81000.000	1.0000
85	Waveform 1	1	1677.250664062	1677.252664062	38000.000	81000.000	1.0000
85	Spectrogram 1	1	1677.250664062	1677.252664062	38000.000	81000.000	1.0000
86	Waveform 1	1	1677.361997396	1677.363330729	38000.000	81000.000	1.0000
86	Spectrogram 1	1	1677.361997396	1677.363330729	38000.000	81000.000	1.0000
87	Waveform 1	1	1677.462664062	1677.463997396	38000.000	81000.000	1.0000
87	Spectrogram 1	1	1677.462664062	1677.463997396	38000.000	81000.000	1.0000
88	Waveform 1	1	1677.740664062	1677.741997396	38000.000	81000.000	1.0000
88	Spectrogram 1	1	1677.740664062	1677.741997396	38000.000	81000.000	1.0000
89	Waveform 1	1	1683.254664062	1683.255997396	38000.000	81000.000	1.0000
89	Spectrogram 1	1	1683.254664062	1683.255997396	38000.000	81000.000	1.0000
90	Waveform 1	1	1684.796664062	1684.797997396	38000.000	81000.000	1.0000
90	Spectrogram 1	1	1684.796664062	1684.797997396	38000.000	81000.000	1.0000
91	Waveform 1	1	1684.886664062	1684.888664062	38000.000	81000.000	1.0000
91	Spectrogram 1	1	1684.886664062	1684.888664062	38000.000	81000.000	1.0000
92	Waveform 1	1	1685.527330729	1685.528664062	38000.000	81000.000	1.0000
92	Spectrogram 1	1	1685.527330729	1685.528664062	38000.000	81000.000	1.0000
93	Waveform 1	1	1685.610664062	1685.612664063	38000.000	81000.000	1.0000
93	Spectrogram 1	1	1685.610664062	1685.612664063	38000.000	81000.000	1.0000
94	Waveform 1	1	1685.690664062	1685.691997396	38000.000	81000.000	1.0000
94	Spectrogram 1	1	1685.690664062	1685.691997396	38000.000	81000.000	1.0000
95	Waveform 1	1	1685.767330729	1685.768664062	38000.000	81000.000	1.0000
95	Spectrogram 1	1	1685.767330729	1685.768664062	38000.000	81000.000	1.0000
96	Waveform 1	1	1686.184664062	1686.185997396	38000.000	81000.000	1.0000
96	Spectrogram 1	1	1686.184664062	1686.185997396	38000.000	81000.000	1.0000
97	Waveform 1	1	1687.001997396	1687.013330729	38000.000	81000.000	0.4118
97	Spectrogram 1	1	1687.001997396	1687.013330729	38000.000	81000.000	0.4118
98	Waveform 1	1	1687.087330729	1687.098664062	38000.000	81000.000	0.4118
98	Spectrogram 1	1	1687.087330729	1687.098664062	38000.000	81000.000	0.4118
99	Waveform 1	1	1687.176664062	1687.187330729	38000.000	81000.000	0.4375
99	Spectrogram 1	1	1687.176664062	1687.187330729	38000.000	81000.000	0.4375
100	Waveform 1	1	1687.269330729	1687.281997396	38000.000	81000.000	0.4211
100	Spectrogram 1	1	1687.269330729	1687.281997396	38000.000	81000.000	0.4211
101	Waveform 1	1	1687.447997396	1687.460664062	38000.000	81000.000	0.3158
101	Spectrogram 1	1	1687.447997396	1687.460664062	38000.000	81000.000	0.3158
102	Waveform 1	1	1687.543330729	1687.546664062	38000.000	81000.000	1.0000
102	Spectrogram 1	1	1687.543330729	1687.546664062	38000.000	81000.000	1.0000
103	Waveform 1	1	1687.643997396	1687.645997396	38000.000	81000.000	1.0000
103	Spectrogram 1	1	1687.643997396	1687.645997396	38000.000	81000.000	1.0000
104	Waveform 1	1	1687.741330729	1687.743997396	38000.000	81000.000	1.0000
104	Spectrogram 1	1	1687.741330729	1687.743997396	38000.000	81000.000	1.0000
105	Waveform 1	1	1687.833997396	1687.843997396	38000.000	81000.000	0.2667
105	Spectrogram 1	1	1687.833997396	1687.843997396	38000.000	81000.000	0.2667
106	Waveform 1	1	1687.907330729	1687.913997396	38000.000	81000.000	0.2000
106	Spectrogram 1	1	1687.907330729	1687.913997396	38000.000	81000.000	0.2000
107	Waveform 1	1	1688.059997396	1688.061330729	38000.000	81000.000	1.0000
107	Spectrogram 1	1	1688.059997396	1688.061330729	38000.000	81000.000	1.0000
108	Waveform 1	1	1688.704664062	1688.719330729	38000.000	81000.000	0.2273
108	Spectrogram 1	1	1688.704664062	1688.719330729	38000.000	81000.000	0.2273
109	Waveform 1	1	1688.867997396	1688.881997396	38000.000	81000.000	0.2381
109	Spectrogram 1	1	1688.867997396	1688.881997396	38000.000	81000.000	0.2381
110	Waveform 1	1	1689.055330729	1689.057330729	38000.000	81000.000	1.0000
110	Spectrogram 1	1	1689.055330729	1689.057330729	38000.000	81000.000	1.0000
111	Waveform 1	1	1689.251330729	1689.253330729	38000.000	81000.000	1.0000
111	Spectrogram 1	1	1689.251330729	1689.253330729	38000.000	81000.000	1.0000
112	Waveform 1	1	1691.149997396	1691.151330729	38000.000	81000.000	1.0000
112	Spectrogram 1	1	1691.149997396	1691.151330729	38000.000	81000.000	1.0000
113	Waveform 1	1	1691.406664062	1691.408664062	38000.000	81000.000	1.0000
113	Spectrogram 1	1	1691.406664062	1691.408664062	38000.000	81000.000	1.0000
114	Waveform 1	1	1691.433997396	1691.435330729	38000.000	81000.000	1.0000
114	Spectrogram 1	1	1691.433997396	1691.435330729	38000.000	81000.000	1.0000
115	Waveform 1	1	1691.495997396	1691.497330729	38000.000	81000.000	1.0000
115	Spectrogram 1	1	1691.495997396	1691.497330729	38000.000	81000.000	1.0000
116	Waveform 1	1	1691.581997396	1691.583330729	38000.000	81000.000	1.0000
116	Spectrogram 1	1	1691.581997396	1691.583330729	38000.000	81000.000	1.0000
117	Waveform 1	1	1692.093997396	1692.103330729	38000.000	81000.000	0.2143
117	Spectrogram 1	1	1692.093997396	1692.103330729	38000.000	81000.000	0.2143
118	Waveform 1	1	1692.169997396	1692.176664062	38000.000	81000.000	0.5000
118	Spectrogram 1	1	1692.169997396	1692.176664062	38000.000	81000.000	0.5000
119	Waveform 1	1	1692.330664062	1692.331997396	38000.000	81000.000	1.0000
119	Spectrogram 1	1	1692.330664062	1692.331997396	38000.000	81000.000	1.0000
120	Waveform 1	1	1693.455997396	1693.457330729	38000.000	81000.000	1.0000
120	Spectrogram 1	1	1693.455997396	1693.457330729	38000.000	81000.000	1.0000
121	Waveform 1	1	1694.002664062	1694.003997396	38000.000	81000.000	1.0000
121	Spectrogram 1	1	1694.002664062	1694.003997396	38000.000	81000.000	1.0000
122	Waveform 1	1	1694.074664063	1694.075997396	38000.000	81000.000	1.0000
122	Spectrogram 1	1	1694.074664063	1694.075997396	38000.000	81000.000	1.0000
123	Waveform 1	1	1694.158664062	1694.164664062	38000.000	81000.000	0.5556
123	Spectrogram 1	1	1694.158664062	1694.164664062	38000.000	81000.000	0.5556
124	Waveform 1	1	1694.346664062	1694.352664063	38000.000	81000.000	0.4444
124	Spectrogram 1	1	1694.346664062	1694.352664063	38000.000	81000.000	0.4444
125	Waveform 1	1	1695.641330729	1695.642664062	38000.000	81000.000	1.0000
125	Spectrogram 1	1	1695.641330729	1695.642664062	38000.000	81000.000	1.0000
126	Waveform 1	1	1695.903997396	1695.905330729	38000.000	81000.000	1.0000
126	Spectrogram 1	1	1695.903997396	1695.905330729	38000.000	81000.000	1.0000
127	Waveform 1	1	1700.559997396	1700.562664062	38000.000	81000.000	0.7500
127	Spectrogram 1	1	1700.559997396	1700.562664062	38000.000	81000.000	0.7500
128	Waveform 1	1	1700.880664063	1700.881997396	38000.000	81000.000	1.0000
128	Spectrogram 1	1	1700.880664063	1700.881997396	38000.000	81000.000	1.0000
129	Waveform 1	1	1701.025330729	1701.028664062	38000.000	81000.000	1.0000
129	Spectrogram 1	1	1701.025330729	1701.028664062	38000.000	81000.000	1.0000
130	Waveform 1	1	1701.107330729	1701.108664062	38000.000	81000.000	1.0000
130	Spectrogram 1	1	1701.107330729	1701.108664062	38000.000	81000.000	1.0000
131	Waveform 1	1	1701.130664063	1701.131997396	38000.000	81000.000	1.0000
131	Spectrogram 1	1	1701.130664063	1701.131997396	38000.000	81000.000	1.0000
132	Waveform 1	1	1701.223997396	1701.231997396	38000.000	81000.000	0.3333
132	Spectrogram 1	1	1701.223997396	1701.231997396	38000.000	81000.000	0.3333
133	Waveform 1	1	1701.427997396	1701.432664062	38000.000	81000.000	0.4286
133	Spectrogram 1	1	1701.427997396	1701.432664062	38000.000	81000.000	0.4286
134	Waveform 1	1	1701.717330729	1701.731997396	38000.000	81000.000	0.3182
134	Spectrogram 1	1	1701.717330729	1701.731997396	38000.000	81000.000	0.3182
135	Waveform 1	1	1701.821997396	1701.833997396	38000.000	81000.000	0.2222
135	Spectrogram 1	1	1701.821997396	1701.833997396	38000.000	81000.000	0.2222
136	Waveform 1	1	1702.131997396	1702.133997396	38000.000	81000.000	1.0000
136	Spectrogram 1	1	1702.131997396	1702.133997396	38000.000	81000.000	1.0000
137	Waveform 1	1	1702.198664063	1702.203330729	38000.000	81000.000	0.4286
137	Spectrogram 1	1	1702.198664063	1702.203330729	38000.000	81000.000	0.4286
138	Waveform 1	1	1702.273330729	1702.285330729	38000.000	81000.000	0.3333
138	Spectrogram 1	1	1702.273330729	1702.285330729	38000.000	81000.000	0.3333
139	Waveform 1	1	1702.349330729	1702.359330729	38000.000	81000.000	0.2667
139	Spectrogram 1	1	1702.349330729	1702.359330729	38000.000	81000.000	0.2667
140	Waveform 1	1	1702.410664063	1702.415330729	38000.000	81000.000	0.4286
140	Spectrogram 1	1	1702.410664063	1702.415330729	38000.000	81000.000	0.4286
141	Waveform 1	1	1702.552664062	1702.554664063	38000.000	81000.000	1.0000
141	Spectrogram 1	1	1702.552664062	1702.554664063	38000.000	81000.000	1.0000
142	Waveform 1	1	1702.939997396	1702.941330729	38000.000	81000.000	1.0000
142	Spectrogram 1	1	1702.939997396	1702.941330729	38000.000	81000.000	1.0000
143	Waveform 1	1	1703.205997396	1703.215330729	38000.000	81000.000	0.2857
143	Spectrogram 1	1	1703.205997396	1703.215330729	38000.000	81000.000	0.2857
144	Waveform 1	1	1703.282664062	1703.283997396	38000.000	81000.000	1.0000
144	Spectrogram 1	1	1703.282664062	1703.283997396	38000.000	81000.000	1.0000
145	Waveform 1	1	1703.372664063	1703.378664062	38000.000	81000.000	0.4444
145	Spectrogram 1	1	1703.372664063	1703.378664062	38000.000	81000.000	0.4444
146	Waveform 1	1	1703.471330729	1703.473330729	38000.000	81000.000	1.0000
146	Spectrogram 1	1	1703.471330729	1703.473330729	38000.000	81000.000	1.0000
147	Waveform 1	1	1703.633330729	1703.639997396	38000.000	81000.000	0.4000
147	Spectrogram 1	1	1703.633330729	1703.639997396	38000.000	81000.000	0.4000
148	Waveform 1	1	1703.735330729	1703.747997396	38000.000	81000.000	0.2632
148	Spectrogram 1	1	1703.735330729	1703.747997396	38000.000	81000.000	0.2632
149	Waveform 1	1	1703.832664063	1703.845997396	38000.000	81000.000	0.3500
149	Spectrogram 1	1	1703.832664063	1703.845997396	38000.000	81000.000	0.3500
150	Waveform 1	1	1704.103330729	1704.105997396	38000.000	81000.000	1.0000
150	Spectrogram 1	1	1704.103330729	1704.105997396	38000.000	81000.000	1.0000
151	Waveform 1	1	1704.352664063	1704.354664062	38000.000	81000.000	1.0000
151	Spectrogram 1	1	1704.352664063	1704.354664062	38000.000	81000.000	1.0000
152	Waveform 1	1	1704.758664062	1704.759997396	38000.000	81000.000	1.0000
152	Spectrogram 1	1	1704.758664062	1704.759997396	38000.000	81000.000	1.0000
153	Waveform 1	1	1704.914664062	1704.921997396	38000.000	81000.000	0.5455
153	Spectrogram 1	1	1704.914664062	1704.921997396	38000.000	81000.000	0.5455
154	Waveform 1	1	1705.011997396	1705.013997396	38000.000	81000.000	1.0000
154	Spectrogram 1	1	1705.011997396	1705.013997396	38000.000	81000.000	1.0000
155	Waveform 1	1	1705.101330729	1705.103330729	38000.000	81000.000	1.0000
155	Spectrogram 1	1	1705.101330729	1705.103330729	38000.000	81000.000	1.0000
156	Waveform 1	1	1705.192664062	1705.194664062	38000.000	81000.000	1.0000
156	Spectrogram 1	1	1705.192664062	1705.194664062	38000.000	81000.000	1.0000
157	Waveform 1	1	1705.355330729	1705.357997396	38000.000	81000.000	0.7500
157	Spectrogram 1	1	1705.355330729	1705.357997396	38000.000	81000.000	0.7500
158	Waveform 1	1	1705.616664062	1705.620664062	38000.000	81000.000	0.5000
158	Spectrogram 1	1	1705.616664062	1705.620664062	38000.000	81000.000	0.5000
159	Waveform 1	1	1705.980664062	1705.981997396	38000.000	81000.000	1.0000
159	Spectrogram 1	1	1705.980664062	1705.981997396	38000.000	81000.000	1.0000
160	Waveform 1	1	1706.005330729	1706.007330729	38000.000	81000.000	0.6667
160	Spectrogram 1	1	1706.005330729	1706.007330729	38000.000	81000.000	0.6667
161	Waveform 1	1	1706.071997396	1706.080664062	38000.000	81000.000	0.3846
161	Spectrogram 1	1	1706.071997396	1706.080664062	38000.000	81000.000	0.3846
162	Waveform 1	1	1706.114664062	1706.115997396	38000.000	81000.000	1.0000
162	Spectrogram 1	1	1706.114664062	1706.115997396	38000.000	81000.000	1.0000
163	Waveform 1	1	1706.135330729	1706.136664062	38000.000	81000.000	1.0000
163	Spectrogram 1	1	1706.135330729	1706.136664062	38000.000	81000.000	1.0000
164	Waveform 1	1	1706.161997396	1706.163330729	38000.000	81000.000	1.0000
164	Spectrogram 1	1	1706.161997396	1706.163330729	38000.000	81000.000	1.0000
165	Waveform 1	1	1706.253997396	1706.255330729	38000.000	81000.000	1.0000
165	Spectrogram 1	1	1706.253997396	1706.255330729	38000.000	81000.000	1.0000
166	Waveform 1	1	1706.343997396	1706.345997396	38000.000	81000.000	1.0000
166	Spectrogram 1	1	1706.343997396	1706.345997396	38000.000	81000.000	1.0000
167	Waveform 1	1	1706.375330729	1706.376664062	38000.000	81000.000	1.0000
167	Spectrogram 1	1	1706.375330729	1706.376664062	38000.000	81000.000	1.0000
168	Waveform 1	1	1706.413330729	1706.420664063	38000.000	81000.000	0.5455
168	Spectrogram 1	1	1706.413330729	1706.420664063	38000.000	81000.000	0.5455
169	Waveform 1	1	1706.466664062	1706.468664063	38000.000	81000.000	1.0000
169	Spectrogram 1	1	1706.466664062	1706.468664063	38000.000	81000.000	1.0000
170	Waveform 1	1	1706.513330729	1706.515330729	38000.000	81000.000	1.0000
170	Spectrogram 1	1	1706.513330729	1706.515330729	38000.000	81000.000	1.0000
171	Waveform 1	1	1706.545330729	1706.546664062	38000.000	81000.000	1.0000
171	Spectrogram 1	1	1706.545330729	1706.546664062	38000.000	81000.000	1.0000
172	Waveform 1	1	1706.687997396	1706.699330729	38000.000	81000.000	0.2353
172	Spectrogram 1	1	1706.687997396	1706.699330729	38000.000	81000.000	0.2353
173	Waveform 1	1	1706.759330729	1706.760664062	38000.000	81000.000	1.0000
173	Spectrogram 1	1	1706.759330729	1706.760664062	38000.000	81000.000	1.0000
174	Waveform 1	1	1706.783997396	1706.804664063	38000.000	81000.000	0.2903
174	Spectrogram 1	1	1706.783997396	1706.804664063	38000.000	81000.000	0.2903
175	Waveform 1	1	1706.875997396	1706.896664062	38000.000	81000.000	0.2258
175	Spectrogram 1	1	1706.875997396	1706.896664062	38000.000	81000.000	0.2258
176	Waveform 1	1	1706.973997396	1706.992664062	38000.000	81000.000	0.2143
176	Spectrogram 1	1	1706.973997396	1706.992664062	38000.000	81000.000	0.2143
177	Waveform 1	1	1707.062664062	1707.065330729	38000.000	81000.000	1.0000
177	Spectrogram 1	1	1707.062664062	1707.065330729	38000.000	81000.000	1.0000
178	Waveform 1	1	1707.163997396	1707.165997396	38000.000	81000.000	1.0000
178	Spectrogram 1	1	1707.163997396	1707.165997396	38000.000	81000.000	1.0000
179	Waveform 1	1	1707.198664063	1707.208664063	38000.000	81000.000	0.5333
179	Spectrogram 1	1	1707.198664063	1707.208664063	38000.000	81000.000	0.5333
180	Waveform 1	1	1707.257997396	1707.278664062	38000.000	81000.000	0.3226
180	Spectrogram 1	1	1707.257997396	1707.278664062	38000.000	81000.000	0.3226
181	Waveform 1	1	1707.453330729	1707.455330729	38000.000	81000.000	1.0000
181	Spectrogram 1	1	1707.453330729	1707.455330729	38000.000	81000.000	1.0000
182	Waveform 1	1	1707.723997396	1707.738664062	38000.000	81000.000	0.3636
182	Spectrogram 1	1	1707.723997396	1707.738664062	38000.000	81000.000	0.3636
183	Waveform 1	1	1707.805330729	1707.835330729	38000.000	81000.000	0.3556
183	Spectrogram 1	1	1707.805330729	1707.835330729	38000.000	81000.000	0.3556
184	Waveform 1	1	1707.865330729	1707.867330729	38000.000	81000.000	1.0000
184	Spectrogram 1	1	1707.865330729	1707.867330729	38000.000	81000.000	1.0000
185	Waveform 1	1	1707.923330729	1707.959997396	38000.000	81000.000	0.2545
185	Spectrogram 1	1	1707.923330729	1707.959997396	38000.000	81000.000	0.2545
186	Waveform 1	1	1708.137997396	1708.149330729	38000.000	81000.000	0.4118
186	Spectrogram 1	1	1708.137997396	1708.149330729	38000.000	81000.000	0.4118
187	Waveform 1	1	1708.185330729	1708.186664062	38000.000	81000.000	1.0000
187	Spectrogram 1	1	1708.185330729	1708.186664062	38000.000	81000.000	1.0000
188	Waveform 1	1	1708.207997396	1708.209997396	38000.000	81000.000	1.0000
188	Spectrogram 1	1	1708.207997396	1708.209997396	38000.000	81000.000	1.0000
189	Waveform 1	1	1708.245997396	1708.263997396	38000.000	81000.000	0.2222
189	Spectrogram 1	1	1708.245997396	1708.263997396	38000.000	81000.000	0.2222
190	Waveform 1	1	1708.313997396	1708.315330729	38000.000	81000.000	1.0000
190	Spectrogram 1	1	1708.313997396	1708.315330729	38000.000	81000.000	1.0000
191	Waveform 1	1	1708.341997396	1708.344664062	38000.000	81000.000	1.0000
191	Spectrogram 1	1	1708.341997396	1708.344664062	38000.000	81000.000	1.0000
192	Waveform 1	1	1708.535997396	1708.543330729	38000.000	81000.000	0.3636
192	Spectrogram 1	1	1708.535997396	1708.543330729	38000.000	81000.000	0.3636
193	Waveform 1	1	1708.631330729	1708.633330729	38000.000	81000.000	1.0000
193	Spectrogram 1	1	1708.631330729	1708.633330729	38000.000	81000.000	1.0000
194	Waveform 1	1	1708.693997396	1708.727330729	38000.000	81000.000	0.2000
194	Spectrogram 1	1	1708.693997396	1708.727330729	38000.000	81000.000	0.2000
195	Waveform 1	1	1708.757330729	1708.773330729	38000.000	81000.000	0.2083
195	Spectrogram 1	1	1708.757330729	1708.773330729	38000.000	81000.000	0.2083
196	Waveform 1	1	1708.816664062	1708.849997396	38000.000	81000.000	0.2800
196	Spectrogram 1	1	1708.816664062	1708.849997396	38000.000	81000.000	0.2800
197	Waveform 1	1	1708.907997396	1708.938664063	38000.000	81000.000	0.2826
197	Spectrogram 1	1	1708.907997396	1708.938664063	38000.000	81000.000	0.2826
198	Waveform 1	1	1709.063330729	1709.065330729	38000.000	81000.000	1.0000
198	Spectrogram 1	1	1709.063330729	1709.065330729	38000.000	81000.000	1.0000
199	Waveform 1	1	1709.088664062	1709.089997396	38000.000	81000.000	1.0000
199	Spectrogram 1	1	1709.088664062	1709.089997396	38000.000	81000.000	1.0000
200	Waveform 1	1	1709.151997396	1709.163997396	38000.000	81000.000	0.2222
200	Spectrogram 1	1	1709.151997396	1709.163997396	38000.000	81000.000	0.2222
201	Waveform 1	1	1709.195330729	1709.196664062	38000.000	81000.000	1.0000
201	Spectrogram 1	1	1709.195330729	1709.196664062	38000.000	81000.000	1.0000
202	Waveform 1	1	1709.255330729	1709.265997396	38000.000	81000.000	0.2500
202	Spectrogram 1	1	1709.255330729	1709.265997396	38000.000	81000.000	0.2500
203	Waveform 1	1	1709.355997396	1709.357997396	38000.000	81000.000	1.0000
203	Spectrogram 1	1	1709.355997396	1709.357997396	38000.000	81000.000	1.0000
204	Waveform 1	1	1709.377330729	1709.379330729	38000.000	81000.000	1.0000
204	Spectrogram 1	1	1709.377330729	1709.379330729	38000.000	81000.000	1.0000
205	Waveform 1	1	1709.433330729	1709.434664062	38000.000	81000.000	1.0000
205	Spectrogram 1	1	1709.433330729	1709.434664062	38000.000	81000.000	1.0000
206	Waveform 1	1	1709.500664062	1709.501997396	38000.000	81000.000	1.0000
206	Spectrogram 1	1	1709.500664062	1709.501997396	38000.000	81000.000	1.0000
207	Waveform 1	1	1709.685997396	1709.698664063	38000.000	81000.000	0.3158
207	Spectrogram 1	1	1709.685997396	1709.698664063	38000.000	81000.000	0.3158
208	Waveform 1	1	1709.717997396	1709.719997396	38000.000	81000.000	1.0000
208	Spectrogram 1	1	1709.717997396	1709.719997396	38000.000	81000.000	1.0000
209	Waveform 1	1	1709.761997396	1709.794664063	38000.000	81000.000	0.2041
209	Spectrogram 1	1	1709.761997396	1709.794664063	38000.000	81000.000	0.2041
210	Waveform 1	1	1709.813997396	1709.815330729	38000.000	81000.000	1.0000
210	Spectrogram 1	1	1709.813997396	1709.815330729	38000.000	81000.000	1.0000
211	Waveform 1	1	1709.851330729	1709.853997396	38000.000	81000.000	1.0000
211	Spectrogram 1	1	1709.851330729	1709.853997396	38000.000	81000.000	1.0000
212	Waveform 1	1	1710.026664063	1710.033330729	38000.000	81000.000	0.6000
212	Spectrogram 1	1	1710.026664063	1710.033330729	38000.000	81000.000	0.6000
213	Waveform 1	1	1710.080664062	1710.081997396	38000.000	81000.000	1.0000
213	Spectrogram 1	1	1710.080664062	1710.081997396	38000.000	81000.000	1.0000
214	Waveform 1	1	1710.122664063	1710.136664062	38000.000	81000.000	0.2857
214	Spectrogram 1	1	1710.122664063	1710.136664062	38000.000	81000.000	0.2857
215	Waveform 1	1	1710.213997396	1710.216664062	38000.000	81000.000	1.0000
215	Spectrogram 1	1	1710.213997396	1710.216664062	38000.000	81000.000	1.0000
216	Waveform 1	1	1710.307330729	1710.318664062	38000.000	81000.000	0.2941
216	Spectrogram 1	1	1710.307330729	1710.318664062	38000.000	81000.000	0.2941
217	Waveform 1	1	1710.399330729	1710.417997396	38000.000	81000.000	0.2500
217	Spectrogram 1	1	1710.399330729	1710.417997396	38000.000	81000.000	0.2500
218	Waveform 1	1	1710.495330729	1710.496664063	38000.000	81000.000	1.0000
218	Spectrogram 1	1	1710.495330729	1710.496664063	38000.000	81000.000	1.0000
219	Waveform 1	1	1710.593330729	1710.594664062	38000.000	81000.000	1.0000
219	Spectrogram 1	1	1710.593330729	1710.594664062	38000.000	81000.000	1.0000
220	Waveform 1	1	1710.661330729	1710.674664062	38000.000	81000.000	0.2500
220	Spectrogram 1	1	1710.661330729	1710.674664062	38000.000	81000.000	0.2500
221	Waveform 1	1	1710.808664062	1710.809997396	38000.000	81000.000	1.0000
221	Spectrogram 1	1	1710.808664062	1710.809997396	38000.000	81000.000	1.0000
222	Waveform 1	1	1710.974664062	1710.976664063	38000.000	81000.000	1.0000
222	Spectrogram 1	1	1710.974664062	1710.976664063	38000.000	81000.000	1.0000
223	Waveform 1	1	1711.193997396	1711.200664062	38000.000	81000.000	0.5000
223	Spectrogram 1	1	1711.193997396	1711.200664062	38000.000	81000.000	0.5000
224	Waveform 1	1	1711.299330729	1711.300664062	38000.000	81000.000	1.0000
224	Spectrogram 1	1	1711.299330729	1711.300664062	38000.000	81000.000	1.0000
225	Waveform 1	1	1711.447330729	1711.460664062	38000.000	81000.000	0.4000
225	Spectrogram 1	1	1711.447330729	1711.460664062	38000.000	81000.000	0.4000
226	Waveform 1	1	1711.521997396	1711.537997396	38000.000	81000.000	0.2500
226	Spectrogram 1	1	1711.521997396	1711.537997396	38000.000	81000.000	0.2500
227	Waveform 1	1	1711.599997396	1711.611330729	38000.000	81000.000	0.2941
227	Spectrogram 1	1	1711.599997396	1711.611330729	38000.000	81000.000	0.2941
228	Waveform 1	1	1711.680664062	1711.687330729	38000.000	81000.000	0.4000
228	Spectrogram 1	1	1711.680664062	1711.687330729	38000.000	81000.000	0.4000
229	Waveform 1	1	1711.762664062	1711.770664062	38000.000	81000.000	0.5833
229	Spectrogram 1	1	1711.762664062	1711.770664062	38000.000	81000.000	0.5833
230	Waveform 1	1	1711.820664062	1711.825997396	38000.000	81000.000	0.3750
230	Spectrogram 1	1	1711.820664062	1711.825997396	38000.000	81000.000	0.3750
231	Waveform 1	1	1711.877330729	1711.878664062	38000.000	81000.000	1.0000
231	Spectrogram 1	1	1711.877330729	1711.878664062	38000.000	81000.000	1.0000
232	Waveform 1	1	1711.917997396	1711.919330729	38000.000	81000.000	1.0000
232	Spectrogram 1	1	1711.917997396	1711.919330729	38000.000	81000.000	1.0000
233	Waveform 1	1	1712.255330729	1712.263997396	38000.000	81000.000	0.2308
233	Spectrogram 1	1	1712.255330729	1712.263997396	38000.000	81000.000	0.2308
234	Waveform 1	1	1712.428664063	1712.435997396	38000.000	81000.000	0.3636
234	Spectrogram 1	1	1712.428664063	1712.435997396	38000.000	81000.000	0.3636
235	Waveform 1	1	1712.522664062	1712.524664062	38000.000	81000.000	0.6667
235	Spectrogram 1	1	1712.522664062	1712.524664062	38000.000	81000.000	0.6667
236	Waveform 1	1	1712.610664062	1712.613330729	38000.000	81000.000	1.0000
236	Spectrogram 1	1	1712.610664062	1712.613330729	38000.000	81000.000	1.0000
237	Waveform 1	1	1712.898664062	1712.900664063	38000.000	81000.000	1.0000
237	Spectrogram 1	1	1712.898664062	1712.900664063	38000.000	81000.000	1.0000
238	Waveform 1	1	1712.997330729	1712.998664062	38000.000	81000.000	1.0000
238	Spectrogram 1	1	1712.997330729	1712.998664062	38000.000	81000.000	1.0000
239	Waveform 1	1	1713.098664062	1713.100664062	38000.000	81000.000	1.0000
239	Spectrogram 1	1	1713.098664062	1713.100664062	38000.000	81000.000	1.0000
240	Waveform 1	1	1713.191330729	1713.193330729	38000.000	81000.000	1.0000
240	Spectrogram 1	1	1713.191330729	1713.193330729	38000.000	81000.000	1.0000
241	Waveform 1	1	1713.470664062	1713.479330729	38000.000	81000.000	0.3846
241	Spectrogram 1	1	1713.470664062	1713.479330729	38000.000	81000.000	0.3846
242	Waveform 1	1	1713.567330729	1713.569330729	38000.000	81000.000	1.0000
242	Spectrogram 1	1	1713.567330729	1713.569330729	38000.000	81000.000	1.0000
243	Waveform 1	1	1713.678664063	1713.681330729	38000.000	81000.000	0.7500
243	Spectrogram 1	1	1713.678664063	1713.681330729	38000.000	81000.000	0.7500
244	Waveform 1	1	1713.774664062	1713.779997396	38000.000	81000.000	0.3750
244	Spectrogram 1	1	1713.774664062	1713.779997396	38000.000	81000.000	0.3750
245	Waveform 1	1	1714.029997396	1714.031330729	38000.000	81000.000	1.0000
245	Spectrogram 1	1	1714.029997396	1714.031330729	38000.000	81000.000	1.0000
246	Waveform 1	1	1714.246664063	1714.247997396	38000.000	81000.000	1.0000
246	Spectrogram 1	1	1714.246664063	1714.247997396	38000.000	81000.000	1.0000
247	Waveform 1	1	1714.523997396	1714.525997396	38000.000	81000.000	1.0000
247	Spectrogram 1	1	1714.523997396	1714.525997396	38000.000	81000.000	1.0000
248	Waveform 1	1	1714.618664062	1714.620664062	38000.000	81000.000	0.6667
248	Spectrogram 1	1	1714.618664062	1714.620664062	38000.000	81000.000	0.6667
249	Waveform 1	1	1714.711997396	1714.713997396	38000.000	81000.000	0.6667
249	Spectrogram 1	1	1714.711997396	1714.713997396	38000.000	81000.000	0.6667
250	Waveform 1	1	1714.806664062	1714.807997396	38000.000	81000.000	1.0000
250	Spectrogram 1	1	1714.806664062	1714.807997396	38000.000	81000.000	1.0000
251	Waveform 1	1	1714.900664063	1714.902664062	38000.000	81000.000	1.0000
251	Spectrogram 1	1	1714.900664063	1714.902664062	38000.000	81000.000	1.0000
252	Waveform 1	1	1715.101330729	1715.103330729	38000.000	81000.000	1.0000
252	Spectrogram 1	1	1715.101330729	1715.103330729	38000.000	81000.000	1.0000
253	Waveform 1	1	1715.575997396	1715.587997396	38000.000	81000.000	0.2222
253	Spectrogram 1	1	1715.575997396	1715.587997396	38000.000	81000.000	0.2222
254	Waveform 1	1	1715.955330729	1715.956664062	38000.000	81000.000	1.0000
254	Spectrogram 1	1	1715.955330729	1715.956664062	38000.000	81000.000	1.0000
255	Waveform 1	1	1716.142664062	1716.143997396	38000.000	81000.000	1.0000
255	Spectrogram 1	1	1716.142664062	1716.143997396	38000.000	81000.000	1.0000
256	Waveform 1	1	1716.611997396	1716.613330729	38000.000	81000.000	1.0000
256	Spectrogram 1	1	1716.611997396	1716.613330729	38000.000	81000.000	1.0000
257	Waveform 1	1	1716.784664063	1716.786664062	38000.000	81000.000	1.0000
257	Spectrogram 1	1	1716.784664063	1716.786664062	38000.000	81000.000	1.0000
258	Waveform 1	1	1716.875997396	1716.877997396	38000.000	81000.000	1.0000
258	Spectrogram 1	1	1716.875997396	1716.877997396	38000.000	81000.000	1.0000
259	Waveform 1	1	1717.313330729	1717.321330729	38000.000	81000.000	0.3333
259	Spectrogram 1	1	1717.313330729	1717.321330729	38000.000	81000.000	0.3333
260	Waveform 1	1	1717.698664063	1717.701997396	38000.000	81000.000	1.0000
260	Spectrogram 1	1	1717.698664063	1717.701997396	38000.000	81000.000	1.0000
261	Waveform 1	1	1718.607330729	1718.615330729	38000.000	81000.000	0.4167
261	Spectrogram 1	1	1718.607330729	1718.615330729	38000.000	81000.000	0.4167
262	Waveform 1	1	1718.809330729	1718.811330729	38000.000	81000.000	1.0000
262	Spectrogram 1	1	1718.809330729	1718.811330729	38000.000	81000.000	1.0000
263	Waveform 1	1	1719.021330729	1719.023330729	38000.000	81000.000	1.0000
263	Spectrogram 1	1	1719.021330729	1719.023330729	38000.000	81000.000	1.0000
264	Waveform 1	1	1719.221997396	1719.223997396	38000.000	81000.000	1.0000
264	Spectrogram 1	1	1719.221997396	1719.223997396	38000.000	81000.000	1.0000
265	Waveform 1	1	1719.437330729	1719.438664063	38000.000	81000.000	1.0000
265	Spectrogram 1	1	1719.437330729	1719.438664063	38000.000	81000.000	1.0000
266	Waveform 1	1	1719.815330729	1719.817330729	38000.000	81000.000	1.0000
266	Spectrogram 1	1	1719.815330729	1719.817330729	38000.000	81000.000	1.0000
267	Waveform 1	1	1719.899330729	1719.901997396	38000.000	81000.000	1.0000
267	Spectrogram 1	1	1719.899330729	1719.901997396	38000.000	81000.000	1.0000
268	Waveform 1	1	1719.986664063	1719.993997396	38000.000	81000.000	0.3636
268	Spectrogram 1	1	1719.986664063	1719.993997396	38000.000	81000.000	0.3636
269	Waveform 1	1	1720.067997396	1720.081997396	38000.000	81000.000	0.2381
269	Spectrogram 1	1	1720.067997396	1720.081997396	38000.000	81000.000	0.2381
270	Waveform 1	1	1720.130664063	1720.131997396	38000.000	81000.000	1.0000
270	Spectrogram 1	1	1720.130664063	1720.131997396	38000.000	81000.000	1.0000
271	Waveform 1	1	1720.187997396	1720.189330729	38000.000	81000.000	1.0000
271	Spectrogram 1	1	1720.187997396	1720.189330729	38000.000	81000.000	1.0000
272	Waveform 1	1	1720.237997396	1720.239330729	38000.000	81000.000	1.0000
272	Spectrogram 1	1	1720.237997396	1720.239330729	38000.000	81000.000	1.0000
273	Waveform 1	1	1720.500664062	1720.501997396	38000.000	81000.000	1.0000
273	Spectrogram 1	1	1720.500664062	1720.501997396	38000.000	81000.000	1.0000
274	Waveform 1	1	1720.609330729	1720.610664062	38000.000	81000.000	1.0000
274	Spectrogram 1	1	1720.609330729	1720.610664062	38000.000	81000.000	1.0000
275	Waveform 1	1	1720.674664062	1720.676664062	38000.000	81000.000	1.0000
275	Spectrogram 1	1	1720.674664062	1720.676664062	38000.000	81000.000	1.0000
276	Waveform 1	1	1720.753330729	1720.775330729	38000.000	81000.000	0.3939
276	Spectrogram 1	1	1720.753330729	1720.775330729	38000.000	81000.000	0.3939
277	Waveform 1	1	1720.838664062	1720.856664062	38000.000	81000.000	0.3333
277	Spectrogram 1	1	1720.838664062	1720.856664062	38000.000	81000.000	0.3333
278	Waveform 1	1	1720.899997396	1720.901997396	38000.000	81000.000	1.0000
278	Spectrogram 1	1	1720.899997396	1720.901997396	38000.000	81000.000	1.0000
279	Waveform 1	1	1720.985997396	1720.998664062	38000.000	81000.000	0.5263
279	Spectrogram 1	1	1720.985997396	1720.998664062	38000.000	81000.000	0.5263
280	Waveform 1	1	1721.085997396	1721.092664063	38000.000	81000.000	0.5000
280	Spectrogram 1	1	1721.085997396	1721.092664063	38000.000	81000.000	0.5000
281	Waveform 1	1	1721.164664062	1721.173997396	38000.000	81000.000	0.4286
281	Spectrogram 1	1	1721.164664062	1721.173997396	38000.000	81000.000	0.4286
282	Waveform 1	1	1721.255330729	1721.272664062	38000.000	81000.000	0.2308
282	Spectrogram 1	1	1721.255330729	1721.272664062	38000.000	81000.000	0.2308
283	Waveform 1	1	1721.545997396	1721.547997396	38000.000	81000.000	1.0000
283	Spectrogram 1	1	1721.545997396	1721.547997396	38000.000	81000.000	1.0000
284	Waveform 1	1	1721.648664062	1721.651330729	38000.000	81000.000	1.0000
284	Spectrogram 1	1	1721.648664062	1721.651330729	38000.000	81000.000	1.0000
285	Waveform 1	1	1721.750664062	1721.751997396	38000.000	81000.000	1.0000
285	Spectrogram 1	1	1721.750664062	1721.751997396	38000.000	81000.000	1.0000
286	Waveform 1	1	1721.843997396	1721.845330729	38000.000	81000.000	1.0000
286	Spectrogram 1	1	1721.843997396	1721.845330729	38000.000	81000.000	1.0000
287	Waveform 1	1	1721.940664062	1721.942664062	38000.000	81000.000	1.0000
287	Spectrogram 1	1	1721.940664062	1721.942664062	38000.000	81000.000	1.0000
288	Waveform 1	1	1722.036664062	1722.037997396	38000.000	81000.000	1.0000
288	Spectrogram 1	1	1722.036664062	1722.037997396	38000.000	81000.000	1.0000
289	Waveform 1	1	1722.127997396	1722.129997396	38000.000	81000.000	1.0000
289	Spectrogram 1	1	1722.127997396	1722.129997396	38000.000	81000.000	1.0000
290	Waveform 1	1	1722.216664062	1722.218664063	38000.000	81000.000	1.0000
290	Spectrogram 1	1	1722.216664062	1722.218664063	38000.000	81000.000	1.0000
291	Waveform 1	1	1722.302664062	1722.303997396	38000.000	81000.000	1.0000
291	Spectrogram 1	1	1722.302664062	1722.303997396	38000.000	81000.000	1.0000
292	Waveform 1	1	1722.392664062	1722.407997396	38000.000	81000.000	0.2174
292	Spectrogram 1	1	1722.392664062	1722.407997396	38000.000	81000.000	0.2174
293	Waveform 1	1	1722.579330729	1722.580664062	38000.000	81000.000	1.0000
293	Spectrogram 1	1	1722.579330729	1722.580664062	38000.000	81000.000	1.0000
294	Waveform 1	1	1722.718664063	1722.719997396	38000.000	81000.000	1.0000
294	Spectrogram 1	1	1722.718664063	1722.719997396	38000.000	81000.000	1.0000
295	Waveform 1	1	1722.825997396	1722.827330729	38000.000	81000.000	1.0000
295	Spectrogram 1	1	1722.825997396	1722.827330729	38000.000	81000.000	1.0000
296	Waveform 1	1	1722.964664062	1722.966664062	38000.000	81000.000	1.0000
296	Spectrogram 1	1	1722.964664062	1722.966664062	38000.000	81000.000	1.0000
297	Waveform 1	1	1723.021997396	1723.023330729	38000.000	81000.000	1.0000
297	Spectrogram 1	1	1723.021997396	1723.023330729	38000.000	81000.000	1.0000
298	Waveform 1	1	1723.727997396	1723.729330729	38000.000	81000.000	1.0000
298	Spectrogram 1	1	1723.727997396	1723.729330729	38000.000	81000.000	1.0000
299	Waveform 1	1	1724.395330729	1724.396664062	38000.000	81000.000	1.0000
299	Spectrogram 1	1	1724.395330729	1724.396664062	38000.000	81000.000	1.0000
300	Waveform 1	1	1724.449330729	1724.453997396	38000.000	81000.000	0.4286
300	Spectrogram 1	1	1724.449330729	1724.453997396	38000.000	81000.000	0.4286
301	Waveform 1	1	1724.777997396	1724.779330729	38000.000	81000.000	1.0000
301	Spectrogram 1	1	1724.777997396	1724.779330729	38000.000	81000.000	1.0000
302	Waveform 1	1	1724.837330729	1724.844664062	38000.000	81000.000	0.3636
302	Spectrogram 1	1	1724.837330729	1724.844664062	38000.000	81000.000	0.3636
303	Waveform 1	1	1725.133330729	1725.141997396	38000.000	81000.000	0.3846
303	Spectrogram 1	1	1725.133330729	1725.141997396	38000.000	81000.000	0.3846
304	Waveform 1	1	1725.426664062	1725.437330729	38000.000	81000.000	0.4375
304	Spectrogram 1	1	1725.426664062	1725.437330729	38000.000	81000.000	0.4375
305	Waveform 1	1	1725.709997396	1725.711997396	38000.000	81000.000	1.0000
305	Spectrogram 1	1	1725.709997396	1725.711997396	38000.000	81000.000	1.0000
306	Waveform 1	1	1725.879330729	1725.880664063	38000.000	81000.000	1.0000
306	Spectrogram 1	1	1725.879330729	1725.880664063	38000.000	81000.000	1.0000
307	Waveform 1	1	1726.108664062	1726.111330729	38000.000	81000.000	1.0000
307	Spectrogram 1	1	1726.108664062	1726.111330729	38000.000	81000.000	1.0000
308	Waveform 1	1	1726.188664063	1726.195330729	38000.000	81000.000	0.4000
308	Spectrogram 1	1	1726.188664063	1726.195330729	38000.000	81000.000	0.4000
309	Waveform 1	1	1726.323330729	1726.324664063	38000.000	81000.000	1.0000
309	Spectrogram 1	1	1726.323330729	1726.324664063	38000.000	81000.000	1.0000
310	Waveform 1	1	1726.563330729	1726.575330729	38000.000	81000.000	0.2778
310	Spectrogram 1	1	1726.563330729	1726.575330729	38000.000	81000.000	0.2778
311	Waveform 1	1	1726.673997396	1726.675330729	38000.000	81000.000	1.0000
311	Spectrogram 1	1	1726.673997396	1726.675330729	38000.000	81000.000	1.0000
312	Waveform 1	1	1726.777997396	1726.779330729	38000.000	81000.000	1.0000
312	Spectrogram 1	1	1726.777997396	1726.779330729	38000.000	81000.000	1.0000
313	Waveform 1	1	1726.871330729	1726.881330729	38000.000	81000.000	0.2667
313	Spectrogram 1	1	1726.871330729	1726.881330729	38000.000	81000.000	0.2667
314	Waveform 1	1	1727.182664062	1727.192664062	38000.000	81000.000	0.2667
314	Spectrogram 1	1	1727.182664062	1727.192664062	38000.000	81000.000	0.2667
315	Waveform 1	1	1727.761997396	1727.763997396	38000.000	81000.000	1.0000
315	Spectrogram 1	1	1727.761997396	1727.763997396	38000.000	81000.000	1.0000
316	Waveform 1	1	1728.022664062	1728.023997396	38000.000	81000.000	1.0000
316	Spectrogram 1	1	1728.022664062	1728.023997396	38000.000	81000.000	1.0000
317	Waveform 1	1	1728.433997396	1728.435330729	38000.000	81000.000	1.0000
317	Spectrogram 1	1	1728.433997396	1728.435330729	38000.000	81000.000	1.0000
318	Waveform 1	1	1730.166664062	1730.167997396	38000.000	81000.000	1.0000
318	Spectrogram 1	1	1730.166664062	1730.167997396	38000.000	81000.000	1.0000
319	Waveform 1	1	1730.203997396	1730.205330729	38000.000	81000.000	1.0000
319	Spectrogram 1	1	1730.203997396	1730.205330729	38000.000	81000.000	1.0000
320	Waveform 1	1	1730.729997396	1730.731997396	38000.000	81000.000	1.0000
320	Spectrogram 1	1	1730.729997396	1730.731997396	38000.000	81000.000	1.0000
321	Waveform 1	1	1730.807997396	1730.809330729	38000.000	81000.000	1.0000
321	Spectrogram 1	1	1730.807997396	1730.809330729	38000.000	81000.000	1.0000
322	Waveform 1	1	1730.904664062	1730.911330729	38000.000	81000.000	0.4000
322	Spectrogram 1	1	1730.904664062	1730.911330729	38000.000	81000.000	0.4000
323	Waveform 1	1	1730.987330729	1730.993997396	38000.000	81000.000	0.3000
323	Spectrogram 1	1	1730.987330729	1730.993997396	38000.000	81000.000	0.3000
324	Waveform 1	1	1731.071330729	1731.073997396	38000.000	81000.000	1.0000
324	Spectrogram 1	1	1731.071330729	1731.073997396	38000.000	81000.000	1.0000
325	Waveform 1	1	1731.159330729	1731.160664063	38000.000	81000.000	1.0000
325	Spectrogram 1	1	1731.159330729	1731.160664063	38000.000	81000.000	1.0000
326	Waveform 1	1	1731.231997396	1731.233330729	38000.000	81000.000	1.0000
326	Spectrogram 1	1	1731.231997396	1731.233330729	38000.000	81000.000	1.0000
327	Waveform 1	1	1731.324664063	1731.325997396	38000.000	81000.000	1.0000
327	Spectrogram 1	1	1731.324664063	1731.325997396	38000.000	81000.000	1.0000
328	Waveform 1	1	1731.797330729	1731.798664062	38000.000	81000.000	1.0000
328	Spectrogram 1	1	1731.797330729	1731.798664062	38000.000	81000.000	1.0000
329	Waveform 1	1	1731.848664062	1731.849997396	38000.000	81000.000	1.0000
329	Spectrogram 1	1	1731.848664062	1731.849997396	38000.000	81000.000	1.0000
330	Waveform 1	1	1731.910664063	1731.911997396	38000.000	81000.000	1.0000
330	Spectrogram 1	1	1731.910664063	1731.911997396	38000.000	81000.000	1.0000
331	Waveform 1	1	1732.036664062	1732.037997396	38000.000	81000.000	1.0000
331	Spectrogram 1	1	1732.036664062	1732.037997396	38000.000	81000.000	1.0000
332	Waveform 1	1	1732.132664062	1732.137330729	38000.000	81000.000	0.2857
332	Spectrogram 1	1	1732.132664062	1732.137330729	38000.000	81000.000	0.2857
333	Waveform 1	1	1732.224664062	1732.231997396	38000.000	81000.000	0.2727
333	Spectrogram 1	1	1732.224664062	1732.231997396	38000.000	81000.000	0.2727
334	Waveform 1	1	1732.310664062	1732.312664062	38000.000	81000.000	1.0000
334	Spectrogram 1	1	1732.310664062	1732.312664062	38000.000	81000.000	1.0000
335	Waveform 1	1	1733.247330729	1733.248664062	38000.000	81000.000	1.0000
335	Spectrogram 1	1	1733.247330729	1733.248664062	38000.000	81000.000	1.0000
336	Waveform 1	1	1733.328664062	1733.329997396	38000.000	81000.000	1.0000
336	Spectrogram 1	1	1733.328664062	1733.329997396	38000.000	81000.000	1.0000
337	Waveform 1	1	1733.485330729	1733.486664063	38000.000	81000.000	1.0000
337	Spectrogram 1	1	1733.485330729	1733.486664063	38000.000	81000.000	1.0000
338	Waveform 1	1	1733.593330729	1733.594664062	38000.000	81000.000	1.0000
338	Spectrogram 1	1	1733.593330729	1733.594664062	38000.000	81000.000	1.0000
339	Waveform 1	1	1733.974664062	1733.976664063	38000.000	81000.000	1.0000
339	Spectrogram 1	1	1733.974664062	1733.976664063	38000.000	81000.000	1.0000
340	Waveform 1	1	1734.045330729	1734.046664062	38000.000	81000.000	1.0000
340	Spectrogram 1	1	1734.045330729	1734.046664062	38000.000	81000.000	1.0000
341	Waveform 1	1	1734.159997396	1734.165997396	38000.000	81000.000	0.3333
341	Spectrogram 1	1	1734.159997396	1734.165997396	38000.000	81000.000	0.3333
342	Waveform 1	1	1734.226664063	1734.227997396	38000.000	81000.000	1.0000
342	Spectrogram 1	1	1734.226664063	1734.227997396	38000.000	81000.000	1.0000
343	Waveform 1	1	1734.371330729	1734.372664063	38000.000	81000.000	1.0000
343	Spectrogram 1	1	1734.371330729	1734.372664063	38000.000	81000.000	1.0000
344	Waveform 1	1	1734.421997396	1734.427330729	38000.000	81000.000	0.3750
344	Spectrogram 1	1	1734.421997396	1734.427330729	38000.000	81000.000	0.3750
345	Waveform 1	1	1734.517997396	1734.519330729	38000.000	81000.000	1.0000
345	Spectrogram 1	1	1734.517997396	1734.519330729	38000.000	81000.000	1.0000
346	Waveform 1	1	1734.555997396	1734.557330729	38000.000	81000.000	1.0000
346	Spectrogram 1	1	1734.555997396	1734.557330729	38000.000	81000.000	1.0000
347	Waveform 1	1	1734.644664062	1734.652664062	38000.000	81000.000	0.2500
347	Spectrogram 1	1	1734.644664062	1734.652664062	38000.000	81000.000	0.2500
348	Waveform 1	1	1734.951997396	1734.954664062	38000.000	81000.000	1.0000
348	Spectrogram 1	1	1734.951997396	1734.954664062	38000.000	81000.000	1.0000
349	Waveform 1	1	1735.036664062	1735.057330729	38000.000	81000.000	0.2581
349	Spectrogram 1	1	1735.036664062	1735.057330729	38000.000	81000.000	0.2581
350	Waveform 1	1	1735.113330729	1735.115330729	38000.000	81000.000	1.0000
350	Spectrogram 1	1	1735.113330729	1735.115330729	38000.000	81000.000	1.0000
351	Waveform 1	1	1735.203997396	1735.206664062	38000.000	81000.000	1.0000
351	Spectrogram 1	1	1735.203997396	1735.206664062	38000.000	81000.000	1.0000
352	Waveform 1	1	1735.359330729	1735.360664062	38000.000	81000.000	1.0000
352	Spectrogram 1	1	1735.359330729	1735.360664062	38000.000	81000.000	1.0000
353	Waveform 1	1	1735.411330729	1735.413330729	38000.000	81000.000	1.0000
353	Spectrogram 1	1	1735.411330729	1735.413330729	38000.000	81000.000	1.0000
354	Waveform 1	1	1735.505330729	1735.512664062	38000.000	81000.000	0.2727
354	Spectrogram 1	1	1735.505330729	1735.512664062	38000.000	81000.000	0.2727
355	Waveform 1	1	1735.633330729	1735.643997396	38000.000	81000.000	0.2500
355	Spectrogram 1	1	1735.633330729	1735.643997396	38000.000	81000.000	0.2500
356	Waveform 1	1	1735.715997396	1735.731330729	38000.000	81000.000	0.4783
356	Spectrogram 1	1	1735.715997396	1735.731330729	38000.000	81000.000	0.4783
357	Waveform 1	1	1735.997330729	1735.999330729	38000.000	81000.000	1.0000
357	Spectrogram 1	1	1735.997330729	1735.999330729	38000.000	81000.000	1.0000
358	Waveform 1	1	1736.189997396	1736.191330729	38000.000	81000.000	1.0000
358	Spectrogram 1	1	1736.189997396	1736.191330729	38000.000	81000.000	1.0000
359	Waveform 1	1	1738.424664062	1738.425997396	38000.000	81000.000	1.0000
359	Spectrogram 1	1	1738.424664062	1738.425997396	38000.000	81000.000	1.0000
360	Waveform 1	1	1738.535997396	1738.537330729	38000.000	81000.000	1.0000
360	Spectrogram 1	1	1738.535997396	1738.537330729	38000.000	81000.000	1.0000
361	Waveform 1	1	1738.897997396	1738.899330729	38000.000	81000.000	1.0000
361	Spectrogram 1	1	1738.897997396	1738.899330729	38000.000	81000.000	1.0000
362	Waveform 1	1	1738.979330729	1738.980664062	38000.000	81000.000	1.0000
362	Spectrogram 1	1	1738.979330729	1738.980664062	38000.000	81000.000	1.0000
363	Waveform 1	1	1739.060664062	1739.062664062	38000.000	81000.000	1.0000
363	Spectrogram 1	1	1739.060664062	1739.062664062	38000.000	81000.000	1.0000
364	Waveform 1	1	1739.145997396	1739.150664063	38000.000	81000.000	0.5714
364	Spectrogram 1	1	1739.145997396	1739.150664063	38000.000	81000.000	0.5714
365	Waveform 1	1	1739.223997396	1739.225330729	38000.000	81000.000	1.0000
365	Spectrogram 1	1	1739.223997396	1739.225330729	38000.000	81000.000	1.0000
366	Waveform 1	1	1739.317330729	1739.319330729	38000.000	81000.000	1.0000
366	Spectrogram 1	1	1739.317330729	1739.319330729	38000.000	81000.000	1.0000
367	Waveform 1	1	1739.389330729	1739.390664063	38000.000	81000.000	1.0000
367	Spectrogram 1	1	1739.389330729	1739.390664063	38000.000	81000.000	1.0000
368	Waveform 1	1	1739.786664062	1739.788664062	38000.000	81000.000	1.0000
368	Spectrogram 1	1	1739.786664062	1739.788664062	38000.000	81000.000	1.0000
369	Waveform 1	1	1739.861997396	1739.863330729	38000.000	81000.000	1.0000
369	Spectrogram 1	1	1739.861997396	1739.863330729	38000.000	81000.000	1.0000
370	Waveform 1	1	1739.941330729	1739.943330729	38000.000	81000.000	1.0000
370	Spectrogram 1	1	1739.941330729	1739.943330729	38000.000	81000.000	1.0000
371	Waveform 1	1	1740.022664062	1740.032664062	38000.000	81000.000	0.5333
371	Spectrogram 1	1	1740.022664062	1740.032664062	38000.000	81000.000	0.5333
372	Waveform 1	1	1740.093330729	1740.099997396	38000.000	81000.000	0.4000
372	Spectrogram 1	1	1740.093330729	1740.099997396	38000.000	81000.000	0.4000
373	Waveform 1	1	1740.162664062	1740.163997396	38000.000	81000.000	1.0000
373	Spectrogram 1	1	1740.162664062	1740.163997396	38000.000	81000.000	1.0000
374	Waveform 1	1	1740.426664062	1740.428664063	38000.000	81000.000	1.0000
374	Spectrogram 1	1	1740.426664062	1740.428664063	38000.000	81000.000	1.0000
375	Waveform 1	1	1740.719330729	1740.720664062	38000.000	81000.000	1.0000
375	Spectrogram 1	1	1740.719330729	1740.720664062	38000.000	81000.000	1.0000
376	Waveform 1	1	1741.280664062	1741.289330729	38000.000	81000.000	0.4615
376	Spectrogram 1	1	1741.280664062	1741.289330729	38000.000	81000.000	0.4615
377	Waveform 1	1	1741.357997396	1741.363997396	38000.000	81000.000	0.5556
377	Spectrogram 1	1	1741.357997396	1741.363997396	38000.000	81000.000	0.5556
378	Waveform 1	1	1741.443330729	1741.453330729	38000.000	81000.000	0.2667
378	Spectrogram 1	1	1741.443330729	1741.453330729	38000.000	81000.000	0.2667
379	Waveform 1	1	1741.524664062	1741.536664062	38000.000	81000.000	0.3333
379	Spectrogram 1	1	1741.524664062	1741.536664062	38000.000	81000.000	0.3333
380	Waveform 1	1	1741.613997396	1741.623997396	38000.000	81000.000	0.5333
380	Spectrogram 1	1	1741.613997396	1741.623997396	38000.000	81000.000	0.5333
381	Waveform 1	1	1741.883997396	1741.885997396	38000.000	81000.000	1.0000
381	Spectrogram 1	1	1741.883997396	1741.885997396	38000.000	81000.000	1.0000
382	Waveform 1	1	1741.972664062	1741.974664062	38000.000	81000.000	1.0000
382	Spectrogram 1	1	1741.972664062	1741.974664062	38000.000	81000.000	1.0000
383	Waveform 1	1	1742.053997396	1742.055997396	38000.000	81000.000	1.0000
383	Spectrogram 1	1	1742.053997396	1742.055997396	38000.000	81000.000	1.0000
384	Waveform 1	1	1742.136664062	1742.139330729	38000.000	81000.000	1.0000
384	Spectrogram 1	1	1742.136664062	1742.139330729	38000.000	81000.000	1.0000
385	Waveform 1	1	1742.237997396	1742.246664063	38000.000	81000.000	0.2308
385	Spectrogram 1	1	1742.237997396	1742.246664063	38000.000	81000.000	0.2308
386	Waveform 1	1	1742.321997396	1742.327997396	38000.000	81000.000	0.2222
386	Spectrogram 1	1	1742.321997396	1742.327997396	38000.000	81000.000	0.2222
387	Waveform 1	1	1742.392664062	1742.394664062	38000.000	81000.000	1.0000
387	Spectrogram 1	1	1742.392664062	1742.394664062	38000.000	81000.000	1.0000
388	Waveform 1	1	1742.479330729	1742.480664062	38000.000	81000.000	1.0000
388	Spectrogram 1	1	1742.479330729	1742.480664062	38000.000	81000.000	1.0000
389	Waveform 1	1	1742.572664062	1742.573997396	38000.000	81000.000	1.0000
389	Spectrogram 1	1	1742.572664062	1742.573997396	38000.000	81000.000	1.0000
390	Waveform 1	1	1742.755997396	1742.757997396	38000.000	81000.000	1.0000
390	Spectrogram 1	1	1742.755997396	1742.757997396	38000.000	81000.000	1.0000
391	Waveform 1	1	1742.835997396	1742.858664062	38000.000	81000.000	0.2059
391	Spectrogram 1	1	1742.835997396	1742.858664062	38000.000	81000.000	0.2059
392	Waveform 1	1	1742.939997396	1742.942664062	38000.000	81000.000	1.0000
392	Spectrogram 1	1	1742.939997396	1742.942664062	38000.000	81000.000	1.0000
393	Waveform 1	1	1743.086664062	1743.107330729	38000.000	81000.000	0.2258
393	Spectrogram 1	1	1743.086664062	1743.107330729	38000.000	81000.000	0.2258
394	Waveform 1	1	1743.174664062	1743.183997396	38000.000	81000.000	0.5000
394	Spectrogram 1	1	1743.174664062	1743.183997396	38000.000	81000.000	0.5000
395	Waveform 1	1	1743.255330729	1743.257330729	38000.000	81000.000	1.0000
395	Spectrogram 1	1	1743.255330729	1743.257330729	38000.000	81000.000	1.0000
396	Waveform 1	1	1743.345330729	1743.347330729	38000.000	81000.000	1.0000
396	Spectrogram 1	1	1743.345330729	1743.347330729	38000.000	81000.000	1.0000
397	Waveform 1	1	1743.532664062	1743.534664063	38000.000	81000.000	1.0000
397	Spectrogram 1	1	1743.532664062	1743.534664063	38000.000	81000.000	1.0000
398	Waveform 1	1	1743.618664062	1743.620664062	38000.000	81000.000	1.0000
398	Spectrogram 1	1	1743.618664062	1743.620664062	38000.000	81000.000	1.0000
399	Waveform 1	1	1743.701997396	1743.712664062	38000.000	81000.000	0.3125
399	Spectrogram 1	1	1743.701997396	1743.712664062	38000.000	81000.000	0.3125
400	Waveform 1	1	1743.974664062	1743.983330729	38000.000	81000.000	0.3077
400	Spectrogram 1	1	1743.974664062	1743.983330729	38000.000	81000.000	0.3077
401	Waveform 1	1	1744.271330729	1744.272664062	38000.000	81000.000	1.0000
401	Spectrogram 1	1	1744.271330729	1744.272664062	38000.000	81000.000	1.0000
402	Waveform 1	1	1744.573330729	1744.580664062	38000.000	81000.000	0.4545
402	Spectrogram 1	1	1744.573330729	1744.580664062	38000.000	81000.000	0.4545
403	Waveform 1	1	1744.868664062	1744.871330729	38000.000	81000.000	1.0000
403	Spectrogram 1	1	1744.868664062	1744.871330729	38000.000	81000.000	1.0000
404	Waveform 1	1	1745.757997396	1745.760664062	38000.000	81000.000	1.0000
404	Spectrogram 1	1	1745.757997396	1745.760664062	38000.000	81000.000	1.0000
405	Waveform 1	1	1745.924664062	1745.930664062	38000.000	81000.000	0.4444
405	Spectrogram 1	1	1745.924664062	1745.930664062	38000.000	81000.000	0.4444
406	Waveform 1	1	1746.185997396	1746.187330729	38000.000	81000.000	1.0000
406	Spectrogram 1	1	1746.185997396	1746.187330729	38000.000	81000.000	1.0000
407	Waveform 1	1	1746.381997396	1746.383997396	38000.000	81000.000	1.0000
407	Spectrogram 1	1	1746.381997396	1746.383997396	38000.000	81000.000	1.0000
408	Waveform 1	1	1746.689997396	1746.698664063	38000.000	81000.000	0.2308
408	Spectrogram 1	1	1746.689997396	1746.698664063	38000.000	81000.000	0.2308
409	Waveform 1	1	1746.800664062	1746.806664062	38000.000	81000.000	0.3333
409	Spectrogram 1	1	1746.800664062	1746.806664062	38000.000	81000.000	0.3333
410	Waveform 1	1	1747.773330729	1747.775330729	38000.000	81000.000	1.0000
410	Spectrogram 1	1	1747.773330729	1747.775330729	38000.000	81000.000	1.0000
411	Waveform 1	1	1747.851330729	1747.852664063	38000.000	81000.000	1.0000
411	Spectrogram 1	1	1747.851330729	1747.852664063	38000.000	81000.000	1.0000
412	Waveform 1	1	1747.929997396	1747.939330729	38000.000	81000.000	0.5714
412	Spectrogram 1	1	1747.929997396	1747.939330729	38000.000	81000.000	0.5714
413	Waveform 1	1	1748.015330729	1748.016664063	38000.000	81000.000	1.0000
413	Spectrogram 1	1	1748.015330729	1748.016664063	38000.000	81000.000	1.0000
414	Waveform 1	1	1748.231997396	1748.237330729	38000.000	81000.000	0.3750
414	Spectrogram 1	1	1748.231997396	1748.237330729	38000.000	81000.000	0.3750
415	Waveform 1	1	1748.393330729	1748.400664063	38000.000	81000.000	0.3636
415	Spectrogram 1	1	1748.393330729	1748.400664063	38000.000	81000.000	0.3636
416	Waveform 1	1	1748.480664062	1748.492664062	38000.000	81000.000	0.3333
416	Spectrogram 1	1	1748.480664062	1748.492664062	38000.000	81000.000	0.3333
417	Waveform 1	1	1748.572664062	1748.573997396	38000.000	81000.000	1.0000
417	Spectrogram 1	1	1748.572664062	1748.573997396	38000.000	81000.000	1.0000
418	Waveform 1	1	1748.667330729	1748.674664062	38000.000	81000.000	0.4545
418	Spectrogram 1	1	1748.667330729	1748.674664062	38000.000	81000.000	0.4545
419	Waveform 1	1	1748.767330729	1748.768664062	38000.000	81000.000	1.0000
419	Spectrogram 1	1	1748.767330729	1748.768664062	38000.000	81000.000	1.0000
420	Waveform 1	1	1748.863330729	1748.865997396	38000.000	81000.000	1.0000
420	Spectrogram 1	1	1748.863330729	1748.865997396	38000.000	81000.000	1.0000
421	Waveform 1	1	1748.963330729	1748.965330729	38000.000	81000.000	1.0000
421	Spectrogram 1	1	1748.963330729	1748.965330729	38000.000	81000.000	1.0000
422	Waveform 1	1	1749.065330729	1749.073997396	38000.000	81000.000	0.3077
422	Spectrogram 1	1	1749.065330729	1749.073997396	38000.000	81000.000	0.3077
423	Waveform 1	1	1749.170664063	1749.171997396	38000.000	81000.000	1.0000
423	Spectrogram 1	1	1749.170664063	1749.171997396	38000.000	81000.000	1.0000
424	Waveform 1	1	1749.346664062	1749.348664062	38000.000	81000.000	1.0000
424	Spectrogram 1	1	1749.346664062	1749.348664062	38000.000	81000.000	1.0000
425	Waveform 1	1	1749.533330729	1749.543330729	38000.000	81000.000	0.4000
425	Spectrogram 1	1	1749.533330729	1749.543330729	38000.000	81000.000	0.4000
426	Waveform 1	1	1749.983330729	1749.985330729	38000.000	81000.000	1.0000
426	Spectrogram 1	1	1749.983330729	1749.985330729	38000.000	81000.000	1.0000
427	Waveform 1	1	1750.175997396	1750.189330729	38000.000	81000.000	0.3500
427	Spectrogram 1	1	1750.175997396	1750.189330729	38000.000	81000.000	0.3500
428	Waveform 1	1	1750.471330729	1750.473330729	38000.000	81000.000	1.0000
428	Spectrogram 1	1	1750.471330729	1750.473330729	38000.000	81000.000	1.0000
429	Waveform 1	1	1750.547997396	1750.549330729	38000.000	81000.000	1.0000
429	Spectrogram 1	1	1750.547997396	1750.549330729	38000.000	81000.000	1.0000
430	Waveform 1	1	1750.775330729	1750.777330729	38000.000	81000.000	1.0000
430	Spectrogram 1	1	1750.775330729	1750.777330729	38000.000	81000.000	1.0000
431	Waveform 1	1	1751.112664063	1751.113997396	38000.000	81000.000	1.0000
431	Spectrogram 1	1	1751.112664063	1751.113997396	38000.000	81000.000	1.0000
432	Waveform 1	1	1751.428664063	1751.430664062	38000.000	81000.000	1.0000
432	Spectrogram 1	1	1751.428664063	1751.430664062	38000.000	81000.000	1.0000
433	Waveform 1	1	1753.727330729	1753.728664063	38000.000	81000.000	1.0000
433	Spectrogram 1	1	1753.727330729	1753.728664063	38000.000	81000.000	1.0000
434	Waveform 1	1	1754.198664063	1754.199997396	38000.000	81000.000	1.0000
434	Spectrogram 1	1	1754.198664063	1754.199997396	38000.000	81000.000	1.0000
435	Waveform 1	1	1754.412664062	1754.414664062	38000.000	81000.000	1.0000
435	Spectrogram 1	1	1754.412664062	1754.414664062	38000.000	81000.000	1.0000
436	Waveform 1	1	1755.801997396	1755.803997396	38000.000	81000.000	1.0000
436	Spectrogram 1	1	1755.801997396	1755.803997396	38000.000	81000.000	1.0000
437	Waveform 1	1	1756.367997396	1756.369330729	38000.000	81000.000	1.0000
437	Spectrogram 1	1	1756.367997396	1756.369330729	38000.000	81000.000	1.0000
438	Waveform 1	1	1756.965997396	1756.967330729	38000.000	81000.000	1.0000
438	Spectrogram 1	1	1756.965997396	1756.967330729	38000.000	81000.000	1.0000
439	Waveform 1	1	1757.147997396	1757.149330729	38000.000	81000.000	1.0000
439	Spectrogram 1	1	1757.147997396	1757.149330729	38000.000	81000.000	1.0000
440	Waveform 1	1	1758.183997396	1758.185330729	38000.000	81000.000	1.0000
440	Spectrogram 1	1	1758.183997396	1758.185330729	38000.000	81000.000	1.0000
441	Waveform 1	1	1762.268664062	1762.269997396	38000.000	81000.000	1.0000
441	Spectrogram 1	1	1762.268664062	1762.269997396	38000.000	81000.000	1.0000
442	Waveform 1	1	1762.454664062	1762.455997396	38000.000	81000.000	1.0000
442	Spectrogram 1	1	1762.454664062	1762.455997396	38000.000	81000.000	1.0000
443	Waveform 1	1	1762.555330729	1762.557330729	38000.000	81000.000	1.0000
443	Spectrogram 1	1	1762.555330729	1762.557330729	38000.000	81000.000	1.0000
444	Waveform 1	1	1762.655997396	1762.657997396	38000.000	81000.000	1.0000
444	Spectrogram 1	1	1762.655997396	1762.657997396	38000.000	81000.000	1.0000
445	Waveform 1	1	1762.761997396	1762.763330729	38000.000	81000.000	1.0000
445	Spectrogram 1	1	1762.761997396	1762.763330729	38000.000	81000.000	1.0000
446	Waveform 1	1	1762.853997396	1762.855330729	38000.000	81000.000	1.0000
446	Spectrogram 1	1	1762.853997396	1762.855330729	38000.000	81000.000	1.0000
447	Waveform 1	1	1763.009997396	1763.012664062	38000.000	81000.000	1.0000
447	Spectrogram 1	1	1763.009997396	1763.012664062	38000.000	81000.000	1.0000
448	Waveform 1	1	1763.219330729	1763.221997396	38000.000	81000.000	1.0000
448	Spectrogram 1	1	1763.219330729	1763.221997396	38000.000	81000.000	1.0000
449	Waveform 1	1	1763.321330729	1763.331330729	38000.000	81000.000	0.3333
449	Spectrogram 1	1	1763.321330729	1763.331330729	38000.000	81000.000	0.3333
450	Waveform 1	1	1763.435997396	1763.437997396	38000.000	81000.000	1.0000
450	Spectrogram 1	1	1763.435997396	1763.437997396	38000.000	81000.000	1.0000
451	Waveform 1	1	1763.541997396	1763.553330729	38000.000	81000.000	0.2941
451	Spectrogram 1	1	1763.541997396	1763.553330729	38000.000	81000.000	0.2941
452	Waveform 1	1	1763.639330729	1763.641997396	38000.000	81000.000	1.0000
452	Spectrogram 1	1	1763.639330729	1763.641997396	38000.000	81000.000	1.0000
453	Waveform 1	1	1763.838664062	1763.851997396	38000.000	81000.000	0.3500
453	Spectrogram 1	1	1763.838664062	1763.851997396	38000.000	81000.000	0.3500
454	Waveform 1	1	1763.918664062	1763.932664062	38000.000	81000.000	0.2381
454	Spectrogram 1	1	1763.918664062	1763.932664062	38000.000	81000.000	0.2381
455	Waveform 1	1	1764.034664063	1764.043330729	38000.000	81000.000	0.3846
455	Spectrogram 1	1	1764.034664063	1764.043330729	38000.000	81000.000	0.3846
456	Waveform 1	1	1764.169997396	1764.171330729	38000.000	81000.000	1.0000
456	Spectrogram 1	1	1764.169997396	1764.171330729	38000.000	81000.000	1.0000
457	Waveform 1	1	1764.541330729	1764.551330729	38000.000	81000.000	0.4000
457	Spectrogram 1	1	1764.541330729	1764.551330729	38000.000	81000.000	0.4000
458	Waveform 1	1	1764.705330729	1764.706664062	38000.000	81000.000	1.0000
458	Spectrogram 1	1	1764.705330729	1764.706664062	38000.000	81000.000	1.0000
459	Waveform 1	1	1764.782664062	1764.783997396	38000.000	81000.000	1.0000
459	Spectrogram 1	1	1764.782664062	1764.783997396	38000.000	81000.000	1.0000
460	Waveform 1	1	1764.874664062	1764.888664062	38000.000	81000.000	0.2857
460	Spectrogram 1	1	1764.874664062	1764.888664062	38000.000	81000.000	0.2857
461	Waveform 1	1	1764.976664063	1764.977997396	38000.000	81000.000	1.0000
461	Spectrogram 1	1	1764.976664063	1764.977997396	38000.000	81000.000	1.0000
462	Waveform 1	1	1764.997330729	1764.998664062	38000.000	81000.000	1.0000
462	Spectrogram 1	1	1764.997330729	1764.998664062	38000.000	81000.000	1.0000
463	Waveform 1	1	1765.093330729	1765.094664062	38000.000	81000.000	1.0000
463	Spectrogram 1	1	1765.093330729	1765.094664062	38000.000	81000.000	1.0000
464	Waveform 1	1	1765.174664062	1765.190664062	38000.000	81000.000	0.4583
464	Spectrogram 1	1	1765.174664062	1765.190664062	38000.000	81000.000	0.4583
465	Waveform 1	1	1765.262664062	1765.289330729	38000.000	81000.000	0.2250
465	Spectrogram 1	1	1765.262664062	1765.289330729	38000.000	81000.000	0.2250
466	Waveform 1	1	1765.358664062	1765.360664062	38000.000	81000.000	1.0000
466	Spectrogram 1	1	1765.358664062	1765.360664062	38000.000	81000.000	1.0000
467	Waveform 1	1	1766.103997396	1766.105330729	38000.000	81000.000	1.0000
467	Spectrogram 1	1	1766.103997396	1766.105330729	38000.000	81000.000	1.0000
468	Waveform 1	1	1766.237997396	1766.246664063	38000.000	81000.000	0.2308
468	Spectrogram 1	1	1766.237997396	1766.246664063	38000.000	81000.000	0.2308
469	Waveform 1	1	1766.330664062	1766.341330729	38000.000	81000.000	0.3125
469	Spectrogram 1	1	1766.330664062	1766.341330729	38000.000	81000.000	0.3125
470	Waveform 1	1	1766.505997396	1766.507330729	38000.000	81000.000	1.0000
470	Spectrogram 1	1	1766.505997396	1766.507330729	38000.000	81000.000	1.0000
471	Waveform 1	1	1766.529997396	1766.531330729	38000.000	81000.000	1.0000
471	Spectrogram 1	1	1766.529997396	1766.531330729	38000.000	81000.000	1.0000
472	Waveform 1	1	1768.681997396	1768.683330729	38000.000	81000.000	1.0000
472	Spectrogram 1	1	1768.681997396	1768.683330729	38000.000	81000.000	1.0000
473	Waveform 1	1	1769.270664062	1769.272664062	38000.000	81000.000	1.0000
473	Spectrogram 1	1	1769.270664062	1769.272664062	38000.000	81000.000	1.0000
474	Waveform 1	1	1769.370664062	1769.373330729	38000.000	81000.000	1.0000
474	Spectrogram 1	1	1769.370664062	1769.373330729	38000.000	81000.000	1.0000
475	Waveform 1	1	1769.403330729	1769.404664062	38000.000	81000.000	1.0000
475	Spectrogram 1	1	1769.403330729	1769.404664062	38000.000	81000.000	1.0000
476	Waveform 1	1	1769.475330729	1769.479330729	38000.000	81000.000	0.6667
476	Spectrogram 1	1	1769.475330729	1769.479330729	38000.000	81000.000	0.6667
477	Waveform 1	1	1769.573997396	1769.587330729	38000.000	81000.000	0.2000
477	Spectrogram 1	1	1769.573997396	1769.587330729	38000.000	81000.000	0.2000
478	Waveform 1	1	1769.785330729	1769.786664062	38000.000	81000.000	1.0000
478	Spectrogram 1	1	1769.785330729	1769.786664062	38000.000	81000.000	1.0000
479	Waveform 1	1	1769.865330729	1769.869330729	38000.000	81000.000	0.6667
479	Spectrogram 1	1	1769.865330729	1769.869330729	38000.000	81000.000	0.6667
480	Waveform 1	1	1769.915997396	1769.917997396	38000.000	81000.000	1.0000
480	Spectrogram 1	1	1769.915997396	1769.917997396	38000.000	81000.000	1.0000
481	Waveform 1	1	1770.017997396	1770.019997396	38000.000	81000.000	0.6667
481	Spectrogram 1	1	1770.017997396	1770.019997396	38000.000	81000.000	0.6667
482	Waveform 1	1	1770.066664062	1770.068664062	38000.000	81000.000	1.0000
482	Spectrogram 1	1	1770.066664062	1770.068664062	38000.000	81000.000	1.0000
483	Waveform 1	1	1770.225997396	1770.231997396	38000.000	81000.000	0.4444
483	Spectrogram 1	1	1770.225997396	1770.231997396	38000.000	81000.000	0.4444
484	Waveform 1	1	1770.286664062	1770.289997396	38000.000	81000.000	1.0000
484	Spectrogram 1	1	1770.286664062	1770.289997396	38000.000	81000.000	1.0000
485	Waveform 1	1	1770.329330729	1770.331997396	38000.000	81000.000	1.0000
485	Spectrogram 1	1	1770.329330729	1770.331997396	38000.000	81000.000	1.0000
486	Waveform 1	1	1770.430664062	1770.431997396	38000.000	81000.000	1.0000
486	Spectrogram 1	1	1770.430664062	1770.431997396	38000.000	81000.000	1.0000
487	Waveform 1	1	1770.487997396	1770.491330729	38000.000	81000.000	1.0000
487	Spectrogram 1	1	1770.487997396	1770.491330729	38000.000	81000.000	1.0000
488	Waveform 1	1	1770.535330729	1770.539330729	38000.000	81000.000	0.5000
488	Spectrogram 1	1	1770.535330729	1770.539330729	38000.000	81000.000	0.5000
489	Waveform 1	1	1770.591997396	1770.593997396	38000.000	81000.000	1.0000
489	Spectrogram 1	1	1770.591997396	1770.593997396	38000.000	81000.000	1.0000
490	Waveform 1	1	1770.685330729	1770.686664062	38000.000	81000.000	1.0000
490	Spectrogram 1	1	1770.685330729	1770.686664062	38000.000	81000.000	1.0000
491	Waveform 1	1	1770.859330729	1770.879330729	38000.000	81000.000	0.2000
491	Spectrogram 1	1	1770.859330729	1770.879330729	38000.000	81000.000	0.2000
492	Waveform 1	1	1770.905997396	1770.907997396	38000.000	81000.000	1.0000
492	Spectrogram 1	1	1770.905997396	1770.907997396	38000.000	81000.000	1.0000
493	Waveform 1	1	1770.944664062	1770.957330729	38000.000	81000.000	0.2105
493	Spectrogram 1	1	1770.944664062	1770.957330729	38000.000	81000.000	0.2105
494	Waveform 1	1	1771.035997396	1771.042664062	38000.000	81000.000	0.5000
494	Spectrogram 1	1	1771.035997396	1771.042664062	38000.000	81000.000	0.5000
495	Waveform 1	1	1771.104664062	1771.113997396	38000.000	81000.000	0.5714
495	Spectrogram 1	1	1771.104664062	1771.113997396	38000.000	81000.000	0.5714
496	Waveform 1	1	1771.152664062	1771.154664062	38000.000	81000.000	1.0000
496	Spectrogram 1	1	1771.152664062	1771.154664062	38000.000	81000.000	1.0000
497	Waveform 1	1	1771.201997396	1771.217330729	38000.000	81000.000	0.2609
497	Spectrogram 1	1	1771.201997396	1771.217330729	38000.000	81000.000	0.2609
498	Waveform 1	1	1771.283997396	1771.297330729	38000.000	81000.000	0.2500
498	Spectrogram 1	1	1771.283997396	1771.297330729	38000.000	81000.000	0.2500
499	Waveform 1	1	1771.358664062	1771.371330729	38000.000	81000.000	0.4211
499	Spectrogram 1	1	1771.358664062	1771.371330729	38000.000	81000.000	0.4211
500	Waveform 1	1	1771.441997396	1771.443997396	38000.000	81000.000	1.0000
500	Spectrogram 1	1	1771.441997396	1771.443997396	38000.000	81000.000	1.0000
501	Waveform 1	1	1771.494664062	1771.501997396	38000.000	81000.000	0.4545
501	Spectrogram 1	1	1771.494664062	1771.501997396	38000.000	81000.000	0.4545
502	Waveform 1	1	1771.546664062	1771.555330729	38000.000	81000.000	0.4615
502	Spectrogram 1	1	1771.546664062	1771.555330729	38000.000	81000.000	0.4615
503	Waveform 1	1	1771.612664063	1771.619330729	38000.000	81000.000	0.4000
503	Spectrogram 1	1	1771.612664063	1771.619330729	38000.000	81000.000	0.4000
504	Waveform 1	1	1771.701997396	1771.707330729	38000.000	81000.000	0.5000
504	Spectrogram 1	1	1771.701997396	1771.707330729	38000.000	81000.000	0.5000
505	Waveform 1	1	1771.763997396	1771.765330729	38000.000	81000.000	1.0000
505	Spectrogram 1	1	1771.763997396	1771.765330729	38000.000	81000.000	1.0000
506	Waveform 1	1	1771.816664062	1771.822664062	38000.000	81000.000	0.5556
506	Spectrogram 1	1	1771.816664062	1771.822664062	38000.000	81000.000	0.5556
507	Waveform 1	1	1771.912664062	1771.920664063	38000.000	81000.000	0.4167
507	Spectrogram 1	1	1771.912664062	1771.920664063	38000.000	81000.000	0.4167
508	Waveform 1	1	1771.992664062	1772.021330729	38000.000	81000.000	0.3953
508	Spectrogram 1	1	1771.992664062	1772.021330729	38000.000	81000.000	0.3953
509	Waveform 1	1	1772.082664063	1772.108664062	38000.000	81000.000	0.3590
509	Spectrogram 1	1	1772.082664063	1772.108664062	38000.000	81000.000	0.3590
510	Waveform 1	1	1772.193330729	1772.200664062	38000.000	81000.000	0.4545
510	Spectrogram 1	1	1772.193330729	1772.200664062	38000.000	81000.000	0.4545
511	Waveform 1	1	1772.273997396	1772.277330729	38000.000	81000.000	1.0000
511	Spectrogram 1	1	1772.273997396	1772.277330729	38000.000	81000.000	1.0000
512	Waveform 1	1	1772.358664062	1772.361997396	38000.000	81000.000	1.0000
512	Spectrogram 1	1	1772.358664062	1772.361997396	38000.000	81000.000	1.0000
513	Waveform 1	1	1772.419997396	1772.432664062	38000.000	81000.000	0.7895
513	Spectrogram 1	1	1772.419997396	1772.432664062	38000.000	81000.000	0.7895
514	Waveform 1	1	1772.473997396	1772.475330729	38000.000	81000.000	1.0000
514	Spectrogram 1	1	1772.473997396	1772.475330729	38000.000	81000.000	1.0000
515	Waveform 1	1	1772.528664062	1772.555997396	38000.000	81000.000	0.2683
515	Spectrogram 1	1	1772.528664062	1772.555997396	38000.000	81000.000	0.2683
516	Waveform 1	1	1772.613997396	1772.619330729	38000.000	81000.000	0.3750
516	Spectrogram 1	1	1772.613997396	1772.619330729	38000.000	81000.000	0.3750
517	Waveform 1	1	1772.749330729	1772.751330729	38000.000	81000.000	1.0000
517	Spectrogram 1	1	1772.749330729	1772.751330729	38000.000	81000.000	1.0000
518	Waveform 1	1	1772.771330729	1772.781330729	38000.000	81000.000	0.3333
518	Spectrogram 1	1	1772.771330729	1772.781330729	38000.000	81000.000	0.3333
519	Waveform 1	1	1772.853997396	1772.879997396	38000.000	81000.000	0.2821
519	Spectrogram 1	1	1772.853997396	1772.879997396	38000.000	81000.000	0.2821
520	Waveform 1	1	1772.959997396	1772.963330729	38000.000	81000.000	1.0000
520	Spectrogram 1	1	1772.959997396	1772.963330729	38000.000	81000.000	1.0000
521	Waveform 1	1	1772.982664062	1772.991997396	38000.000	81000.000	0.3571
521	Spectrogram 1	1	1772.982664062	1772.991997396	38000.000	81000.000	0.3571
522	Waveform 1	1	1773.072664062	1773.103330729	38000.000	81000.000	0.2174
522	Spectrogram 1	1	1773.072664062	1773.103330729	38000.000	81000.000	0.2174
523	Waveform 1	1	1773.179330729	1773.208664063	38000.000	81000.000	0.2045
523	Spectrogram 1	1	1773.179330729	1773.208664063	38000.000	81000.000	0.2045
524	Waveform 1	1	1773.487330729	1773.505330729	38000.000	81000.000	0.2222
524	Spectrogram 1	1	1773.487330729	1773.505330729	38000.000	81000.000	0.2222
525	Waveform 1	1	1773.574664063	1773.577997396	38000.000	81000.000	1.0000
525	Spectrogram 1	1	1773.574664063	1773.577997396	38000.000	81000.000	1.0000
526	Waveform 1	1	1773.680664062	1773.681997396	38000.000	81000.000	1.0000
526	Spectrogram 1	1	1773.680664062	1773.681997396	38000.000	81000.000	1.0000
527	Waveform 1	1	1773.715330729	1773.716664062	38000.000	81000.000	1.0000
527	Spectrogram 1	1	1773.715330729	1773.716664062	38000.000	81000.000	1.0000
528	Waveform 1	1	1773.773330729	1773.788664062	38000.000	81000.000	0.2174
528	Spectrogram 1	1	1773.773330729	1773.788664062	38000.000	81000.000	0.2174
529	Waveform 1	1	1774.475330729	1774.479330729	38000.000	81000.000	0.8333
529	Spectrogram 1	1	1774.475330729	1774.479330729	38000.000	81000.000	0.8333
530	Waveform 1	1	1774.674664062	1774.675997396	38000.000	81000.000	1.0000
530	Spectrogram 1	1	1774.674664062	1774.675997396	38000.000	81000.000	1.0000
531	Waveform 1	1	1775.374664062	1775.387997396	38000.000	81000.000	0.2500
531	Spectrogram 1	1	1775.374664062	1775.387997396	38000.000	81000.000	0.2500
532	Waveform 1	1	1775.609997396	1775.620664062	38000.000	81000.000	0.3125
532	Spectrogram 1	1	1775.609997396	1775.620664062	38000.000	81000.000	0.3125
533	Waveform 1	1	1775.971330729	1775.973330729	38000.000	81000.000	1.0000
533	Spectrogram 1	1	1775.971330729	1775.973330729	38000.000	81000.000	1.0000
534	Waveform 1	1	1777.064664063	1777.065997396	38000.000	81000.000	1.0000
534	Spectrogram 1	1	1777.064664063	1777.065997396	38000.000	81000.000	1.0000
535	Waveform 1	1	1777.339330729	1777.340664062	38000.000	81000.000	1.0000
535	Spectrogram 1	1	1777.339330729	1777.340664062	38000.000	81000.000	1.0000
536	Waveform 1	1	1777.414664062	1777.415997396	38000.000	81000.000	1.0000
536	Spectrogram 1	1	1777.414664062	1777.415997396	38000.000	81000.000	1.0000
537	Waveform 1	1	1777.567997396	1777.573997396	38000.000	81000.000	0.4444
537	Spectrogram 1	1	1777.567997396	1777.573997396	38000.000	81000.000	0.4444
538	Waveform 1	1	1777.657330729	1777.659330729	38000.000	81000.000	1.0000
538	Spectrogram 1	1	1777.657330729	1777.659330729	38000.000	81000.000	1.0000
539	Waveform 1	1	1777.753330729	1777.755997396	38000.000	81000.000	1.0000
539	Spectrogram 1	1	1777.753330729	1777.755997396	38000.000	81000.000	1.0000
540	Waveform 1	1	1777.836664062	1777.843330729	38000.000	81000.000	0.6000
540	Spectrogram 1	1	1777.836664062	1777.843330729	38000.000	81000.000	0.6000
541	Waveform 1	1	1777.939330729	1777.941997396	38000.000	81000.000	1.0000
541	Spectrogram 1	1	1777.939330729	1777.941997396	38000.000	81000.000	1.0000
542	Waveform 1	1	1778.011997396	1778.013330729	38000.000	81000.000	1.0000
542	Spectrogram 1	1	1778.011997396	1778.013330729	38000.000	81000.000	1.0000
543	Waveform 1	1	1778.071330729	1778.073330729	38000.000	81000.000	1.0000
543	Spectrogram 1	1	1778.071330729	1778.073330729	38000.000	81000.000	1.0000
544	Waveform 1	1	1778.131997396	1778.133997396	38000.000	81000.000	1.0000
544	Spectrogram 1	1	1778.131997396	1778.133997396	38000.000	81000.000	1.0000
545	Waveform 1	1	1778.195997396	1778.197330729	38000.000	81000.000	1.0000
545	Spectrogram 1	1	1778.195997396	1778.197330729	38000.000	81000.000	1.0000
546	Waveform 1	1	1778.406664062	1778.408664062	38000.000	81000.000	1.0000
546	Spectrogram 1	1	1778.406664062	1778.408664062	38000.000	81000.000	1.0000
547	Waveform 1	1	1778.488664062	1778.490664062	38000.000	81000.000	1.0000
547	Spectrogram 1	1	1778.488664062	1778.490664062	38000.000	81000.000	1.0000
548	Waveform 1	1	1778.567330729	1778.569330729	38000.000	81000.000	1.0000
548	Spectrogram 1	1	1778.567330729	1778.569330729	38000.000	81000.000	1.0000
549	Waveform 1	1	1778.657330729	1778.658664062	38000.000	81000.000	1.0000
549	Spectrogram 1	1	1778.657330729	1778.658664062	38000.000	81000.000	1.0000
550	Waveform 1	1	1778.750664062	1778.752664062	38000.000	81000.000	1.0000
550	Spectrogram 1	1	1778.750664062	1778.752664062	38000.000	81000.000	1.0000
551	Waveform 1	1	1778.831330729	1778.833330729	38000.000	81000.000	1.0000
551	Spectrogram 1	1	1778.831330729	1778.833330729	38000.000	81000.000	1.0000
552	Waveform 1	1	1778.893997396	1778.895330729	38000.000	81000.000	1.0000
552	Spectrogram 1	1	1778.893997396	1778.895330729	38000.000	81000.000	1.0000
553	Waveform 1	1	1778.943997396	1778.945330729	38000.000	81000.000	1.0000
553	Spectrogram 1	1	1778.943997396	1778.945330729	38000.000	81000.000	1.0000
554	Waveform 1	1	1779.972664062	1779.973997396	38000.000	81000.000	1.0000
554	Spectrogram 1	1	1779.972664062	1779.973997396	38000.000	81000.000	1.0000
555	Waveform 1	1	1780.053997396	1780.055330729	38000.000	81000.000	1.0000
555	Spectrogram 1	1	1780.053997396	1780.055330729	38000.000	81000.000	1.0000
556	Waveform 1	1	1780.137997396	1780.139330729	38000.000	81000.000	1.0000
556	Spectrogram 1	1	1780.137997396	1780.139330729	38000.000	81000.000	1.0000
557	Waveform 1	1	1780.226664063	1780.228664063	38000.000	81000.000	0.6667
557	Spectrogram 1	1	1780.226664063	1780.228664063	38000.000	81000.000	0.6667
558	Waveform 1	1	1780.313997396	1780.315997396	38000.000	81000.000	1.0000
558	Spectrogram 1	1	1780.313997396	1780.315997396	38000.000	81000.000	1.0000
559	Waveform 1	1	1780.405330729	1780.407330729	38000.000	81000.000	1.0000
559	Spectrogram 1	1	1780.405330729	1780.407330729	38000.000	81000.000	1.0000
560	Waveform 1	1	1780.490664062	1780.494664062	38000.000	81000.000	0.6667
560	Spectrogram 1	1	1780.490664062	1780.494664062	38000.000	81000.000	0.6667
561	Waveform 1	1	1780.583997396	1780.587330729	38000.000	81000.000	0.8000
561	Spectrogram 1	1	1780.583997396	1780.587330729	38000.000	81000.000	0.8000
562	Waveform 1	1	1780.667997396	1780.673997396	38000.000	81000.000	0.2222
562	Spectrogram 1	1	1780.667997396	1780.673997396	38000.000	81000.000	0.2222
563	Waveform 1	1	1780.867330729	1780.875330729	38000.000	81000.000	0.5833
563	Spectrogram 1	1	1780.867330729	1780.875330729	38000.000	81000.000	0.5833
564	Waveform 1	1	1780.959997396	1780.969330729	38000.000	81000.000	0.2857
564	Spectrogram 1	1	1780.959997396	1780.969330729	38000.000	81000.000	0.2857
565	Waveform 1	1	1781.055330729	1781.063997396	38000.000	81000.000	0.3846
565	Spectrogram 1	1	1781.055330729	1781.063997396	38000.000	81000.000	0.3846
566	Waveform 1	1	1781.151330729	1781.153330729	38000.000	81000.000	1.0000
566	Spectrogram 1	1	1781.151330729	1781.153330729	38000.000	81000.000	1.0000
567	Waveform 1	1	1781.239997396	1781.248664062	38000.000	81000.000	0.3077
567	Spectrogram 1	1	1781.239997396	1781.248664062	38000.000	81000.000	0.3077
568	Waveform 1	1	1781.337330729	1781.347330729	38000.000	81000.000	0.2667
568	Spectrogram 1	1	1781.337330729	1781.347330729	38000.000	81000.000	0.2667
569	Waveform 1	1	1781.427997396	1781.439330729	38000.000	81000.000	0.2353
569	Spectrogram 1	1	1781.427997396	1781.439330729	38000.000	81000.000	0.2353
570	Waveform 1	1	1781.517330729	1781.530664062	38000.000	81000.000	0.2000
570	Spectrogram 1	1	1781.517330729	1781.530664062	38000.000	81000.000	0.2000
571	Waveform 1	1	1781.613330729	1781.614664062	38000.000	81000.000	1.0000
571	Spectrogram 1	1	1781.613330729	1781.614664062	38000.000	81000.000	1.0000
572	Waveform 1	1	1781.735330729	1781.739330729	38000.000	81000.000	0.8333
572	Spectrogram 1	1	1781.735330729	1781.739330729	38000.000	81000.000	0.8333
573	Waveform 1	1	1782.104664062	1782.105997396	38000.000	81000.000	1.0000
573	Spectrogram 1	1	1782.104664062	1782.105997396	38000.000	81000.000	1.0000
