Selection	View	Channel	Begin Time (s)	End Time (s)	Low Freq (Hz)	High Freq (Hz)	Occupancy
1	Waveform 1	1	323.019330729	323.020664062	38000.000	81000.000	1.0000
1	Spectrogram 1	1	323.019330729	323.020664062	38000.000	81000.000	1.0000
2	Waveform 1	1	323.111330729	323.113330729	38000.000	81000.000	1.0000
2	Spectrogram 1	1	323.111330729	323.113330729	38000.000	81000.000	1.0000
3	Waveform 1	1	323.289997396	323.291330729	38000.000	81000.000	1.0000
3	Spectrogram 1	1	323.289997396	323.291330729	38000.000	81000.000	1.0000
4	Waveform 1	1	323.374664063	323.377330729	38000.000	81000.000	1.0000
4	Spectrogram 1	1	323.374664063	323.377330729	38000.000	81000.000	1.0000
5	Waveform 1	1	323.453997396	323.456664063	38000.000	81000.000	1.0000
5	Spectrogram 1	1	323.453997396	323.456664063	38000.000	81000.000	1.0000
6	Waveform 1	1	323.540664063	323.542664062	38000.000	81000.000	1.0000
6	Spectrogram 1	1	323.540664063	323.542664062	38000.000	81000.000	1.0000
7	Waveform 1	1	323.627997396	323.633997396	38000.000	81000.000	0.8889
7	Spectrogram 1	1	323.627997396	323.633997396	38000.000	81000.000	0.8889
8	Waveform 1	1	323.711997396	323.713997396	38000.000	81000.000	1.0000
8	Spectrogram 1	1	323.711997396	323.713997396	38000.000	81000.000	1.0000
9	Waveform 1	1	324.057330729	324.058664062	38000.000	81000.000	1.0000
9	Spectrogram 1	1	324.057330729	324.058664062	38000.000	81000.000	1.0000
10	Waveform 1	1	326.165330729	326.166664062	38000.000	81000.000	1.0000
10	Spectrogram 1	1	326.165330729	326.166664062	38000.000	81000.000	1.0000
11	Waveform 1	1	326.353330729	326.355330729	38000.000	81000.000	0.6667
11	Spectrogram 1	1	326.353330729	326.355330729	38000.000	81000.000	0.6667
12	Waveform 1	1	326.555330729	326.558664062	38000.000	81000.000	0.8000
12	Spectrogram 1	1	326.555330729	326.558664062	38000.000	81000.000	0.8000
13	Waveform 1	1	326.741997396	326.743330729	38000.000	81000.000	1.0000
13	Spectrogram 1	1	326.741997396	326.743330729	38000.000	81000.000	1.0000
14	Waveform 1	1	326.917997396	326.919997396	38000.000	81000.000	0.6667
14	Spectrogram 1	1	326.917997396	326.919997396	38000.000	81000.000	0.6667
15	Waveform 1	1	327.089330729	327.091997396	38000.000	81000.000	0.5000
15	Spectrogram 1	1	327.089330729	327.091997396	38000.000	81000.000	0.5000
16	Waveform 1	1	327.280664062	327.281997396	38000.000	81000.000	1.0000
16	Spectrogram 1	1	327.280664062	327.281997396	38000.000	81000.000	1.0000
17	Waveform 1	1	690.588664063	690.590664063	38000.000	81000.000	1.0000
17	Spectrogram 1	1	690.588664063	690.590664063	38000.000	81000.000	1.0000
18	Waveform 1	1	690.687330729	690.689330729	38000.000	81000.000	0.6667
18	Spectrogram 1	1	690.687330729	690.689330729	38000.000	81000.000	0.6667
19	Waveform 1	1	690.785997396	690.789330729	38000.000	81000.000	0.6000
19	Spectrogram 1	1	690.785997396	690.789330729	38000.000	81000.000	0.6000
20	Waveform 1	1	690.880664063	690.883997396	38000.000	81000.000	0.6000
20	Spectrogram 1	1	690.880664063	690.883997396	38000.000	81000.000	0.6000
21	Waveform 1	1	690.977330729	690.981330729	38000.000	81000.000	0.6667
21	Spectrogram 1	1	690.977330729	690.981330729	38000.000	81000.000	0.6667
22	Waveform 1	1	691.073997396	691.085997396	38000.000	81000.000	0.6667
22	Spectrogram 1	1	691.073997396	691.085997396	38000.000	81000.000	0.6667
23	Waveform 1	1	691.299330729	691.303330729	38000.000	81000.000	1.0000
23	Spectrogram 1	1	691.299330729	691.303330729	38000.000	81000.000	1.0000
24	Waveform 1	1	691.391330729	691.397330729	38000.000	81000.000	0.6667
24	Spectrogram 1	1	691.391330729	691.397330729	38000.000	81000.000	0.6667
25	Waveform 1	1	691.491330729	691.505330729	38000.000	81000.000	0.9524
25	Spectrogram 1	1	691.491330729	691.505330729	38000.000	81000.000	0.9524
26	Waveform 1	1	691.585997396	691.591997396	38000.000	81000.000	1.0000
26	Spectrogram 1	1	691.585997396	691.591997396	38000.000	81000.000	1.0000
27	Waveform 1	1	691.679997396	691.689330729	38000.000	81000.000	0.9286
27	Spectrogram 1	1	691.679997396	691.689330729	38000.000	81000.000	0.9286
28	Waveform 1	1	691.873997396	691.875330729	38000.000	81000.000	1.0000
28	Spectrogram 1	1	691.873997396	691.875330729	38000.000	81000.000	1.0000
29	Waveform 1	1	692.471997396	692.475997396	38000.000	81000.000	0.8333
29	Spectrogram 1	1	692.471997396	692.475997396	38000.000	81000.000	0.8333
30	Waveform 1	1	694.008664063	694.010664063	38000.000	81000.000	1.0000
30	Spectrogram 1	1	694.008664063	694.010664063	38000.000	81000.000	1.0000
31	Waveform 1	1	694.209330729	694.215330729	38000.000	81000.000	0.7778
31	Spectrogram 1	1	694.209330729	694.215330729	38000.000	81000.000	0.7778
32	Waveform 1	1	694.311997396	694.314664063	38000.000	81000.000	1.0000
32	Spectrogram 1	1	694.311997396	694.314664063	38000.000	81000.000	1.0000
33	Waveform 1	1	694.491330729	694.496664063	38000.000	81000.000	0.7500
33	Spectrogram 1	1	694.491330729	694.496664063	38000.000	81000.000	0.7500
34	Waveform 1	1	694.563997396	694.567330729	38000.000	81000.000	1.0000
34	Spectrogram 1	1	694.563997396	694.567330729	38000.000	81000.000	1.0000
35	Waveform 1	1	694.651997396	694.657330729	38000.000	81000.000	0.8750
35	Spectrogram 1	1	694.651997396	694.657330729	38000.000	81000.000	0.8750
36	Waveform 1	1	694.838664063	694.848664063	38000.000	81000.000	0.5333
36	Spectrogram 1	1	694.838664063	694.848664063	38000.000	81000.000	0.5333
37	Waveform 1	1	694.922664063	694.932664063	38000.000	81000.000	1.0000
37	Spectrogram 1	1	694.922664063	694.932664063	38000.000	81000.000	1.0000
38	Waveform 1	1	695.002664063	695.009330729	38000.000	81000.000	0.9000
38	Spectrogram 1	1	695.002664063	695.009330729	38000.000	81000.000	0.9000
39	Waveform 1	1	695.079997396	695.082664063	38000.000	81000.000	1.0000
39	Spectrogram 1	1	695.079997396	695.082664063	38000.000	81000.000	1.0000
40	Waveform 1	1	695.760664063	695.761997396	38000.000	81000.000	1.0000
40	Spectrogram 1	1	695.760664063	695.761997396	38000.000	81000.000	1.0000
41	Waveform 1	1	1429.335997396	1429.337997396	38000.000	81000.000	1.0000
41	Spectrogram 1	1	1429.335997396	1429.337997396	38000.000	81000.000	1.0000
42	Waveform 1	1	1429.711997396	1429.713330729	38000.000	81000.000	1.0000
42	Spectrogram 1	1	1429.711997396	1429.713330729	38000.000	81000.000	1.0000
43	Waveform 1	1	1429.791997396	1429.793330729	38000.000	81000.000	1.0000
43	Spectrogram 1	1	1429.791997396	1429.793330729	38000.000	81000.000	1.0000
44	Waveform 1	1	1429.957997396	1429.959997396	38000.000	81000.000	0.6667
44	Spectrogram 1	1	1429.957997396	1429.959997396	38000.000	81000.000	0.6667
45	Waveform 1	1	1430.043997396	1430.051997396	38000.000	81000.000	0.3333
45	Spectrogram 1	1	1430.043997396	1430.051997396	38000.000	81000.000	0.3333
46	Waveform 1	1	1430.201330729	1430.205330729	38000.000	81000.000	0.3333
46	Spectrogram 1	1	1430.201330729	1430.205330729	38000.000	81000.000	0.3333
47	Waveform 1	1	1430.260664062	1430.265997396	38000.000	81000.000	0.3750
47	Spectrogram 1	1	1430.260664062	1430.265997396	38000.000	81000.000	0.3750
48	Waveform 1	1	1430.323330729	1430.325997396	38000.000	81000.000	0.5000
48	Spectrogram 1	1	1430.323330729	1430.325997396	38000.000	81000.000	0.5000
49	Waveform 1	1	1430.570664062	1430.571997396	38000.000	81000.000	1.0000
49	Spectrogram 1	1	1430.570664062	1430.571997396	38000.000	81000.000	1.0000
50	Waveform 1	1	1436.900664063	1436.901997396	38000.000	81000.000	1.0000
50	Spectrogram 1	1	1436.900664063	1436.901997396	38000.000	81000.000	1.0000
51	Waveform 1	1	1436.993330729	1436.997330729	38000.000	81000.000	0.8333
51	Spectrogram 1	1	1436.993330729	1436.997330729	38000.000	81000.000	0.8333
52	Waveform 1	1	1437.089330729	1437.093997396	38000.000	81000.000	0.5714
52	Spectrogram 1	1	1437.089330729	1437.093997396	38000.000	81000.000	0.5714
53	Waveform 1	1	1437.177330729	1437.179330729	38000.000	81000.000	0.6667
53	Spectrogram 1	1	1437.177330729	1437.179330729	38000.000	81000.000	0.6667
54	Waveform 1	1	1437.255997396	1437.260664062	38000.000	81000.000	0.4286
54	Spectrogram 1	1	1437.255997396	1437.260664062	38000.000	81000.000	0.4286
55	Waveform 1	1	1437.888664062	1437.889997396	38000.000	81000.000	1.0000
55	Spectrogram 1	1	1437.888664062	1437.889997396	38000.000	81000.000	1.0000
56	Waveform 1	1	1437.932664062	1437.934664062	38000.000	81000.000	1.0000
56	Spectrogram 1	1	1437.932664062	1437.934664062	38000.000	81000.000	1.0000
57	Waveform 1	1	1437.986664063	1437.991330729	38000.000	81000.000	0.5714
57	Spectrogram 1	1	1437.986664063	1437.991330729	38000.000	81000.000	0.5714
58	Waveform 1	1	1438.070664062	1438.082664063	38000.000	81000.000	0.2222
58	Spectrogram 1	1	1438.070664062	1438.082664063	38000.000	81000.000	0.2222
59	Waveform 1	1	1438.164664062	1438.171330729	38000.000	81000.000	0.5000
59	Spectrogram 1	1	1438.164664062	1438.171330729	38000.000	81000.000	0.5000
60	Waveform 1	1	1438.247330729	1438.250664062	38000.000	81000.000	0.4000
60	Spectrogram 1	1	1438.247330729	1438.250664062	38000.000	81000.000	0.4000
61	Waveform 1	1	1438.331330729	1438.345330729	38000.000	81000.000	0.4762
61	Spectrogram 1	1	1438.331330729	1438.345330729	38000.000	81000.000	0.4762
62	Waveform 1	1	1438.420664063	1438.436664062	38000.000	81000.000	0.2500
62	Spectrogram 1	1	1438.420664063	1438.436664062	38000.000	81000.000	0.2500
63	Waveform 1	1	1438.501997396	1438.517997396	38000.000	81000.000	0.2500
63	Spectrogram 1	1	1438.501997396	1438.517997396	38000.000	81000.000	0.2500
64	Waveform 1	1	1438.583330729	1438.603997396	38000.000	81000.000	0.3548
64	Spectrogram 1	1	1438.583330729	1438.603997396	38000.000	81000.000	0.3548
65	Waveform 1	1	1438.755997396	1438.777330729	38000.000	81000.000	0.3125
65	Spectrogram 1	1	1438.755997396	1438.777330729	38000.000	81000.000	0.3125
66	Waveform 1	1	1438.839330729	1438.859330729	38000.000	81000.000	0.3667
66	Spectrogram 1	1	1438.839330729	1438.859330729	38000.000	81000.000	0.3667
67	Waveform 1	1	1438.918664062	1438.936664062	38000.000	81000.000	0.2963
67	Spectrogram 1	1	1438.918664062	1438.936664062	38000.000	81000.000	0.2963
68	Waveform 1	1	1438.987330729	1438.997330729	38000.000	81000.000	0.3333
68	Spectrogram 1	1	1438.987330729	1438.997330729	38000.000	81000.000	0.3333
69	Waveform 1	1	1439.053997396	1439.067330729	38000.000	81000.000	0.6500
69	Spectrogram 1	1	1439.053997396	1439.067330729	38000.000	81000.000	0.6500
70	Waveform 1	1	1439.253330729	1439.268664062	38000.000	81000.000	0.3043
70	Spectrogram 1	1	1439.253330729	1439.268664062	38000.000	81000.000	0.3043
71	Waveform 1	1	1439.342664063	1439.351997396	38000.000	81000.000	0.5000
71	Spectrogram 1	1	1439.342664063	1439.351997396	38000.000	81000.000	0.5000
72	Waveform 1	1	1439.425330729	1439.434664062	38000.000	81000.000	0.3571
72	Spectrogram 1	1	1439.425330729	1439.434664062	38000.000	81000.000	0.3571
73	Waveform 1	1	1439.507997396	1439.509330729	38000.000	81000.000	1.0000
73	Spectrogram 1	1	1439.507997396	1439.509330729	38000.000	81000.000	1.0000
74	Waveform 1	1	1439.591330729	1439.593997396	38000.000	81000.000	0.7500
74	Spectrogram 1	1	1439.591330729	1439.593997396	38000.000	81000.000	0.7500
