Selection	View	Channel	Begin Time (s)	End Time (s)	Low Freq (Hz)	High Freq (Hz)	Occupancy
1	Waveform 1	1	1.795330729	1.797330729	22000.000	38000.000	1.0000
1	Spectrogram 1	1	1.795330729	1.797330729	22000.000	38000.000	1.0000
2	Waveform 1	1	3.232664063	3.242664062	22000.000	38000.000	0.2667
2	Spectrogram 1	1	3.232664063	3.242664062	22000.000	38000.000	0.2667
3	Waveform 1	1	4.073997396	4.085330729	22000.000	38000.000	0.3529
3	Spectrogram 1	1	4.073997396	4.085330729	22000.000	38000.000	0.3529
4	Waveform 1	1	4.802664062	4.806664063	22000.000	38000.000	0.6667
4	Spectrogram 1	1	4.802664062	4.806664063	22000.000	38000.000	0.6667
5	Waveform 1	1	36.076664063	36.081330729	22000.000	38000.000	0.5714
5	Spectrogram 1	1	36.076664063	36.081330729	22000.000	38000.000	0.5714
6	Waveform 1	1	37.523997396	37.526664063	22000.000	38000.000	0.5000
6	Spectrogram 1	1	37.523997396	37.526664063	22000.000	38000.000	0.5000
7	Waveform 1	1	38.222664063	38.233997396	22000.000	38000.000	0.2941
7	Spectrogram 1	1	38.222664063	38.233997396	22000.000	38000.000	0.2941
8	Waveform 1	1	38.813997396	38.817330729	22000.000	38000.000	0.4000
8	Spectrogram 1	1	38.813997396	38.817330729	22000.000	38000.000	0.4000
9	Waveform 1	1	43.328664063	43.334664063	22000.000	38000.000	0.4444
9	Spectrogram 1	1	43.328664063	43.334664063	22000.000	38000.000	0.4444
10	Waveform 1	1	96.542664062	96.547330729	22000.000	38000.000	0.2857
10	Spectrogram 1	1	96.542664062	96.547330729	22000.000	38000.000	0.2857
11	Waveform 1	1	288.490664063	288.501997396	22000.000	38000.000	0.5294
11	Spectrogram 1	1	288.490664063	288.501997396	22000.000	38000.000	0.5294
12	Waveform 1	1	323.630664062	323.631997396	22000.000	38000.000	1.0000
12	Spectrogram 1	1	323.630664062	323.631997396	22000.000	38000.000	1.0000
13	Waveform 1	1	326.633997396	326.646664063	22000.000	38000.000	0.2105
13	Spectrogram 1	1	326.633997396	326.646664063	22000.000	38000.000	0.2105
14	Waveform 1	1	327.027330729	327.036664062	22000.000	38000.000	0.2857
14	Spectrogram 1	1	327.027330729	327.036664062	22000.000	38000.000	0.2857
15	Waveform 1	1	327.475997396	327.529330729	22000.000	38000.000	0.1000
15	Spectrogram 1	1	327.475997396	327.529330729	22000.000	38000.000	0.1000
16	Waveform 1	1	328.233997396	328.238664062	22000.000	38000.000	0.4286
16	Spectrogram 1	1	328.233997396	328.238664062	22000.000	38000.000	0.4286
17	Waveform 1	1	330.026664063	330.033997396	22000.000	38000.000	0.3636
17	Spectrogram 1	1	330.026664063	330.033997396	22000.000	38000.000	0.3636
18	Waveform 1	1	330.405330729	330.415997396	22000.000	38000.000	0.1875
18	Spectrogram 1	1	330.405330729	330.415997396	22000.000	38000.000	0.1875
19	Waveform 1	1	330.665330729	330.679330729	22000.000	38000.000	0.1429
19	Spectrogram 1	1	330.665330729	330.679330729	22000.000	38000.000	0.1429
20	Waveform 1	1	331.975997396	331.999330729	22000.000	38000.000	0.1429
20	Spectrogram 1	1	331.975997396	331.999330729	22000.000	38000.000	0.1429
21	Waveform 1	1	332.223330729	332.224664062	22000.000	38000.000	1.0000
21	Spectrogram 1	1	332.223330729	332.224664062	22000.000	38000.000	1.0000
22	Waveform 1	1	332.587997396	332.625997396	22000.000	38000.000	0.4035
22	Spectrogram 1	1	332.587997396	332.625997396	22000.000	38000.000	0.4035
23	Waveform 1	1	332.851997396	332.890664062	22000.000	38000.000	0.2069
23	Spectrogram 1	1	332.851997396	332.890664062	22000.000	38000.000	0.2069
24	Waveform 1	1	333.230664063	333.234664062	22000.000	38000.000	1.0000
24	Spectrogram 1	1	333.230664063	333.234664062	22000.000	38000.000	1.0000
25	Waveform 1	1	333.478664063	333.515330729	22000.000	38000.000	0.2545
25	Spectrogram 1	1	333.478664063	333.515330729	22000.000	38000.000	0.2545
26	Waveform 1	1	335.294664062	335.307330729	22000.000	38000.000	0.5263
26	Spectrogram 1	1	335.294664062	335.307330729	22000.000	38000.000	0.5263
27	Waveform 1	1	336.661330729	336.685330729	22000.000	38000.000	0.1944
27	Spectrogram 1	1	336.661330729	336.685330729	22000.000	38000.000	0.1944
28	Waveform 1	1	336.892664062	336.904664062	22000.000	38000.000	0.1667
28	Spectrogram 1	1	336.892664062	336.904664062	22000.000	38000.000	0.1667
29	Waveform 1	1	337.960664062	337.980664063	22000.000	38000.000	0.1667
29	Spectrogram 1	1	337.960664062	337.980664063	22000.000	38000.000	0.1667
30	Waveform 1	1	338.491330729	338.495330729	22000.000	38000.000	0.5000
30	Spectrogram 1	1	338.491330729	338.495330729	22000.000	38000.000	0.5000
31	Waveform 1	1	341.077330729	341.078664062	22000.000	38000.000	1.0000
31	Spectrogram 1	1	341.077330729	341.078664062	22000.000	38000.000	1.0000
32	Waveform 1	1	341.822664062	341.825997396	22000.000	38000.000	0.6000
32	Spectrogram 1	1	341.822664062	341.825997396	22000.000	38000.000	0.6000
33	Waveform 1	1	350.801997396	350.803330729	22000.000	38000.000	1.0000
33	Spectrogram 1	1	350.801997396	350.803330729	22000.000	38000.000	1.0000
34	Waveform 1	1	352.155330729	352.161330729	22000.000	38000.000	0.4444
34	Spectrogram 1	1	352.155330729	352.161330729	22000.000	38000.000	0.4444
35	Waveform 1	1	352.707997396	352.714664062	22000.000	38000.000	0.4000
35	Spectrogram 1	1	352.707997396	352.714664062	22000.000	38000.000	0.4000
36	Waveform 1	1	352.969997396	352.971997396	22000.000	38000.000	0.6667
36	Spectrogram 1	1	352.969997396	352.971997396	22000.000	38000.000	0.6667
37	Waveform 1	1	358.055997396	358.058664062	22000.000	38000.000	0.5000
37	Spectrogram 1	1	358.055997396	358.058664062	22000.000	38000.000	0.5000
38	Waveform 1	1	358.938664062	358.941997396	22000.000	38000.000	0.4000
38	Spectrogram 1	1	358.938664062	358.941997396	22000.000	38000.000	0.4000
39	Waveform 1	1	411.769330729	411.781997396	22000.000	38000.000	0.2632
39	Spectrogram 1	1	411.769330729	411.781997396	22000.000	38000.000	0.2632
40	Waveform 1	1	419.297330729	419.309997396	22000.000	38000.000	0.4211
40	Spectrogram 1	1	419.297330729	419.309997396	22000.000	38000.000	0.4211
41	Waveform 1	1	419.865330729	419.871330729	22000.000	38000.000	0.3333
41	Spectrogram 1	1	419.865330729	419.871330729	22000.000	38000.000	0.3333
42	Waveform 1	1	420.560664062	420.571330729	22000.000	38000.000	0.2500
42	Spectrogram 1	1	420.560664062	420.571330729	22000.000	38000.000	0.2500
43	Waveform 1	1	421.249330729	421.257997396	22000.000	38000.000	0.3077
43	Spectrogram 1	1	421.249330729	421.257997396	22000.000	38000.000	0.3077
44	Waveform 1	1	421.825330729	421.835330729	22000.000	38000.000	0.2000
44	Spectrogram 1	1	421.825330729	421.835330729	22000.000	38000.000	0.2000
45	Waveform 1	1	422.505997396	422.535997396	22000.000	38000.000	0.2222
45	Spectrogram 1	1	422.505997396	422.535997396	22000.000	38000.000	0.2222
46	Waveform 1	1	422.779330729	422.791330729	22000.000	38000.000	0.2222
46	Spectrogram 1	1	422.779330729	422.791330729	22000.000	38000.000	0.2222
47	Waveform 1	1	423.196664063	423.227997396	22000.000	38000.000	0.2979
47	Spectrogram 1	1	423.196664063	423.227997396	22000.000	38000.000	0.2979
48	Waveform 1	1	423.483330729	423.487330729	22000.000	38000.000	0.5000
48	Spectrogram 1	1	423.483330729	423.487330729	22000.000	38000.000	0.5000
49	Waveform 1	1	423.748664062	423.781330729	22000.000	38000.000	0.2653
49	Spectrogram 1	1	423.748664062	423.781330729	22000.000	38000.000	0.2653
50	Waveform 1	1	424.038664063	424.041997396	22000.000	38000.000	0.8000
50	Spectrogram 1	1	424.038664063	424.041997396	22000.000	38000.000	0.8000
51	Waveform 1	1	424.719997396	424.749997396	22000.000	38000.000	0.2222
51	Spectrogram 1	1	424.719997396	424.749997396	22000.000	38000.000	0.2222
52	Waveform 1	1	424.991330729	425.005330729	22000.000	38000.000	0.3333
52	Spectrogram 1	1	424.991330729	425.005330729	22000.000	38000.000	0.3333
53	Waveform 1	1	425.232664063	425.265997396	22000.000	38000.000	0.1000
53	Spectrogram 1	1	425.232664063	425.265997396	22000.000	38000.000	0.1000
54	Waveform 1	1	425.365330729	425.375997396	22000.000	38000.000	0.1875
54	Spectrogram 1	1	425.365330729	425.375997396	22000.000	38000.000	0.1875
55	Waveform 1	1	426.455997396	426.498664062	22000.000	38000.000	0.2969
55	Spectrogram 1	1	426.455997396	426.498664062	22000.000	38000.000	0.2969
56	Waveform 1	1	427.089330729	427.137330729	22000.000	38000.000	0.0972
56	Spectrogram 1	1	427.089330729	427.137330729	22000.000	38000.000	0.0972
57	Waveform 1	1	427.465997396	427.489330729	22000.000	38000.000	0.3143
57	Spectrogram 1	1	427.465997396	427.489330729	22000.000	38000.000	0.3143
58	Waveform 1	1	428.005997396	428.047330729	22000.000	38000.000	0.1935
58	Spectrogram 1	1	428.005997396	428.047330729	22000.000	38000.000	0.1935
59	Waveform 1	1	428.400664062	428.424664062	22000.000	38000.000	0.2222
59	Spectrogram 1	1	428.400664062	428.424664062	22000.000	38000.000	0.2222
60	Waveform 1	1	428.817997396	428.857997396	22000.000	38000.000	0.1000
60	Spectrogram 1	1	428.817997396	428.857997396	22000.000	38000.000	0.1000
61	Waveform 1	1	429.217330729	429.229330729	22000.000	38000.000	0.4444
61	Spectrogram 1	1	429.217330729	429.229330729	22000.000	38000.000	0.4444
62	Waveform 1	1	429.637330729	429.673997396	22000.000	38000.000	0.2364
62	Spectrogram 1	1	429.637330729	429.673997396	22000.000	38000.000	0.2364
63	Waveform 1	1	430.663997396	430.677997396	22000.000	38000.000	0.2857
63	Spectrogram 1	1	430.663997396	430.677997396	22000.000	38000.000	0.2857
64	Waveform 1	1	431.217330729	431.247330729	22000.000	38000.000	0.1333
64	Spectrogram 1	1	431.217330729	431.247330729	22000.000	38000.000	0.1333
65	Waveform 1	1	431.907330729	431.924664062	22000.000	38000.000	0.1154
65	Spectrogram 1	1	431.907330729	431.924664062	22000.000	38000.000	0.1154
66	Waveform 1	1	432.921997396	432.923330729	22000.000	38000.000	1.0000
66	Spectrogram 1	1	432.921997396	432.923330729	22000.000	38000.000	1.0000
67	Waveform 1	1	433.633330729	433.636664063	22000.000	38000.000	0.6000
67	Spectrogram 1	1	433.633330729	433.636664063	22000.000	38000.000	0.6000
68	Waveform 1	1	479.937997396	479.939330729	22000.000	38000.000	1.0000
68	Spectrogram 1	1	479.937997396	479.939330729	22000.000	38000.000	1.0000
69	Waveform 1	1	482.133330729	482.139330729	22000.000	38000.000	0.2222
69	Spectrogram 1	1	482.133330729	482.139330729	22000.000	38000.000	0.2222
70	Waveform 1	1	482.885330729	482.899330729	22000.000	38000.000	0.0952
70	Spectrogram 1	1	482.885330729	482.899330729	22000.000	38000.000	0.0952
71	Waveform 1	1	486.494664063	486.501330729	22000.000	38000.000	0.3000
71	Spectrogram 1	1	486.494664063	486.501330729	22000.000	38000.000	0.3000
72	Waveform 1	1	547.211330729	547.212664063	22000.000	38000.000	1.0000
72	Spectrogram 1	1	547.211330729	547.212664063	22000.000	38000.000	1.0000
73	Waveform 1	1	651.895330729	651.912664063	22000.000	38000.000	0.0769
73	Spectrogram 1	1	651.895330729	651.912664063	22000.000	38000.000	0.0769
74	Waveform 1	1	652.528664063	652.541330729	22000.000	38000.000	0.3158
74	Spectrogram 1	1	652.528664063	652.541330729	22000.000	38000.000	0.3158
75	Waveform 1	1	653.169330729	653.192664063	22000.000	38000.000	0.2571
75	Spectrogram 1	1	653.169330729	653.192664063	22000.000	38000.000	0.2571
76	Waveform 1	1	653.544664063	653.555997396	22000.000	38000.000	0.1765
76	Spectrogram 1	1	653.544664063	653.555997396	22000.000	38000.000	0.1765
77	Waveform 1	1	653.787997396	653.802664063	22000.000	38000.000	0.2273
77	Spectrogram 1	1	653.787997396	653.802664063	22000.000	38000.000	0.2273
78	Waveform 1	1	654.161330729	654.185997396	22000.000	38000.000	0.3784
78	Spectrogram 1	1	654.161330729	654.185997396	22000.000	38000.000	0.3784
79	Waveform 1	1	654.422664063	654.431997396	22000.000	38000.000	0.2143
79	Spectrogram 1	1	654.422664063	654.431997396	22000.000	38000.000	0.2143
80	Waveform 1	1	654.801330729	654.836664063	22000.000	38000.000	0.0943
80	Spectrogram 1	1	654.801330729	654.836664063	22000.000	38000.000	0.0943
81	Waveform 1	1	654.957330729	654.975997396	22000.000	38000.000	0.4643
81	Spectrogram 1	1	654.957330729	654.975997396	22000.000	38000.000	0.4643
82	Waveform 1	1	655.105997396	655.113330729	22000.000	38000.000	0.3636
82	Spectrogram 1	1	655.105997396	655.113330729	22000.000	38000.000	0.3636
83	Waveform 1	1	655.265997396	655.270664063	22000.000	38000.000	0.2857
83	Spectrogram 1	1	655.265997396	655.270664063	22000.000	38000.000	0.2857
84	Waveform 1	1	656.241330729	656.259330729	22000.000	38000.000	0.1481
84	Spectrogram 1	1	656.241330729	656.259330729	22000.000	38000.000	0.1481
85	Waveform 1	1	656.485997396	656.487330729	22000.000	38000.000	1.0000
85	Spectrogram 1	1	656.485997396	656.487330729	22000.000	38000.000	1.0000
86	Waveform 1	1	656.864664063	656.897330729	22000.000	38000.000	0.1429
86	Spectrogram 1	1	656.864664063	656.897330729	22000.000	38000.000	0.1429
87	Waveform 1	1	657.011997396	657.023997396	22000.000	38000.000	0.1667
87	Spectrogram 1	1	657.011997396	657.023997396	22000.000	38000.000	0.1667
88	Waveform 1	1	658.057330729	658.093330729	22000.000	38000.000	0.0741
88	Spectrogram 1	1	658.057330729	658.093330729	22000.000	38000.000	0.0741
89	Waveform 1	1	658.574664063	658.577330729	22000.000	38000.000	1.0000
89	Spectrogram 1	1	658.574664063	658.577330729	22000.000	38000.000	1.0000
90	Waveform 1	1	658.835997396	658.852664063	22000.000	38000.000	0.2000
90	Spectrogram 1	1	658.835997396	658.852664063	22000.000	38000.000	0.2000
91	Waveform 1	1	659.095330729	659.101997396	22000.000	38000.000	0.2000
91	Spectrogram 1	1	659.095330729	659.101997396	22000.000	38000.000	0.2000
92	Waveform 1	1	728.448664063	728.464664063	22000.000	38000.000	0.1250
92	Spectrogram 1	1	728.448664063	728.464664063	22000.000	38000.000	0.1250
93	Waveform 1	1	731.337997396	731.339330729	22000.000	38000.000	1.0000
93	Spectrogram 1	1	731.337997396	731.339330729	22000.000	38000.000	1.0000
94	Waveform 1	1	732.019997396	732.033997396	22000.000	38000.000	0.1905
94	Spectrogram 1	1	732.019997396	732.033997396	22000.000	38000.000	0.1905
95	Waveform 1	1	733.024664063	733.028664063	22000.000	38000.000	0.3333
95	Spectrogram 1	1	733.024664063	733.028664063	22000.000	38000.000	0.3333
96	Waveform 1	1	735.251330729	735.265997396	22000.000	38000.000	0.1364
96	Spectrogram 1	1	735.251330729	735.265997396	22000.000	38000.000	0.1364
97	Waveform 1	1	781.533997396	781.541997396	22000.000	38000.000	0.1667
97	Spectrogram 1	1	781.533997396	781.541997396	22000.000	38000.000	0.1667
98	Waveform 1	1	782.213997396	782.228664063	22000.000	38000.000	0.1364
98	Spectrogram 1	1	782.213997396	782.228664063	22000.000	38000.000	0.1364
99	Waveform 1	1	782.901997396	782.913997396	22000.000	38000.000	0.2778
99	Spectrogram 1	1	782.901997396	782.913997396	22000.000	38000.000	0.2778
100	Waveform 1	1	783.591330729	783.599330729	22000.000	38000.000	0.1667
100	Spectrogram 1	1	783.591330729	783.599330729	22000.000	38000.000	0.1667
101	Waveform 1	1	827.021997396	827.024664063	22000.000	38000.000	0.7500
101	Spectrogram 1	1	827.021997396	827.024664063	22000.000	38000.000	0.7500
102	Waveform 1	1	828.892664063	828.907997396	22000.000	38000.000	0.1739
102	Spectrogram 1	1	828.892664063	828.907997396	22000.000	38000.000	0.1739
103	Waveform 1	1	829.963997396	829.974664063	22000.000	38000.000	0.5625
103	Spectrogram 1	1	829.963997396	829.974664063	22000.000	38000.000	0.5625
104	Waveform 1	1	830.223997396	830.237997396	22000.000	38000.000	0.2857
104	Spectrogram 1	1	830.223997396	830.237997396	22000.000	38000.000	0.2857
105	Waveform 1	1	830.721330729	830.728664063	22000.000	38000.000	0.3636
105	Spectrogram 1	1	830.721330729	830.728664063	22000.000	38000.000	0.3636
106	Waveform 1	1	831.354664063	831.385997396	22000.000	38000.000	0.2340
106	Spectrogram 1	1	831.354664063	831.385997396	22000.000	38000.000	0.2340
107	Waveform 1	1	832.004664063	832.007330729	22000.000	38000.000	0.5000
107	Spectrogram 1	1	832.004664063	832.007330729	22000.000	38000.000	0.5000
108	Waveform 1	1	833.032664063	833.077330729	22000.000	38000.000	0.2537
108	Spectrogram 1	1	833.032664063	833.077330729	22000.000	38000.000	0.2537
109	Waveform 1	1	833.536664062	833.583997396	22000.000	38000.000	0.2535
109	Spectrogram 1	1	833.536664062	833.583997396	22000.000	38000.000	0.2535
110	Waveform 1	1	833.824664063	833.829997396	22000.000	38000.000	0.2500
110	Spectrogram 1	1	833.824664063	833.829997396	22000.000	38000.000	0.2500
111	Waveform 1	1	834.215997396	834.246664063	22000.000	38000.000	0.1304
111	Spectrogram 1	1	834.215997396	834.246664063	22000.000	38000.000	0.1304
112	Waveform 1	1	834.489330729	834.491330729	22000.000	38000.000	0.6667
112	Spectrogram 1	1	834.489330729	834.491330729	22000.000	38000.000	0.6667
113	Waveform 1	1	834.743997396	834.745330729	22000.000	38000.000	1.0000
113	Spectrogram 1	1	834.743997396	834.745330729	22000.000	38000.000	1.0000
114	Waveform 1	1	834.983330729	835.016664063	22000.000	38000.000	0.4000
114	Spectrogram 1	1	834.983330729	835.016664063	22000.000	38000.000	0.4000
115	Waveform 1	1	835.503330729	835.530664063	22000.000	38000.000	0.1707
115	Spectrogram 1	1	835.503330729	835.530664063	22000.000	38000.000	0.1707
116	Waveform 1	1	837.701997396	837.712664063	22000.000	38000.000	0.3125
116	Spectrogram 1	1	837.701997396	837.712664063	22000.000	38000.000	0.3125
117	Waveform 1	1	838.196664063	838.200664063	22000.000	38000.000	0.5000
117	Spectrogram 1	1	838.196664063	838.200664063	22000.000	38000.000	0.5000
118	Waveform 1	1	862.477997396	862.485997396	22000.000	38000.000	0.2500
118	Spectrogram 1	1	862.477997396	862.485997396	22000.000	38000.000	0.2500
119	Waveform 1	1	863.167997396	863.179997396	22000.000	38000.000	0.2222
119	Spectrogram 1	1	863.167997396	863.179997396	22000.000	38000.000	0.2222
120	Waveform 1	1	863.441997396	863.453330729	22000.000	38000.000	0.4706
120	Spectrogram 1	1	863.441997396	863.453330729	22000.000	38000.000	0.4706
121	Waveform 1	1	864.125997396	864.134664063	22000.000	38000.000	0.2308
121	Spectrogram 1	1	864.125997396	864.134664063	22000.000	38000.000	0.2308
122	Waveform 1	1	864.667997396	864.693997396	22000.000	38000.000	0.3333
122	Spectrogram 1	1	864.667997396	864.693997396	22000.000	38000.000	0.3333
123	Waveform 1	1	865.213330729	865.242664063	22000.000	38000.000	0.2273
123	Spectrogram 1	1	865.213330729	865.242664063	22000.000	38000.000	0.2273
124	Waveform 1	1	865.888664063	865.895997396	22000.000	38000.000	0.3636
124	Spectrogram 1	1	865.888664063	865.895997396	22000.000	38000.000	0.3636
125	Waveform 1	1	867.368664063	867.401330729	22000.000	38000.000	0.3061
125	Spectrogram 1	1	867.368664063	867.401330729	22000.000	38000.000	0.3061
126	Waveform 1	1	868.013997396	868.058664063	22000.000	38000.000	0.1940
126	Spectrogram 1	1	868.013997396	868.058664063	22000.000	38000.000	0.1940
127	Waveform 1	1	868.287330729	868.288664063	22000.000	38000.000	1.0000
127	Spectrogram 1	1	868.287330729	868.288664063	22000.000	38000.000	1.0000
128	Waveform 1	1	868.687330729	868.722664063	22000.000	38000.000	0.1321
128	Spectrogram 1	1	868.687330729	868.722664063	22000.000	38000.000	0.1321
129	Waveform 1	1	868.969997396	868.995997396	22000.000	38000.000	0.1795
129	Spectrogram 1	1	868.969997396	868.995997396	22000.000	38000.000	0.1795
130	Waveform 1	1	869.382664062	869.422664063	22000.000	38000.000	0.1833
130	Spectrogram 1	1	869.382664062	869.422664063	22000.000	38000.000	0.1833
131	Waveform 1	1	870.069330729	870.105330729	22000.000	38000.000	0.0926
131	Spectrogram 1	1	870.069330729	870.105330729	22000.000	38000.000	0.0926
132	Waveform 1	1	870.618664063	870.635997396	22000.000	38000.000	0.3462
132	Spectrogram 1	1	870.618664063	870.635997396	22000.000	38000.000	0.3462
133	Waveform 1	1	871.179997396	871.196664063	22000.000	38000.000	0.1600
133	Spectrogram 1	1	871.179997396	871.196664063	22000.000	38000.000	0.1600
134	Waveform 1	1	871.439330729	871.448664063	22000.000	38000.000	0.5714
134	Spectrogram 1	1	871.439330729	871.448664063	22000.000	38000.000	0.5714
135	Waveform 1	1	871.985997396	871.993997396	22000.000	38000.000	0.4167
135	Spectrogram 1	1	871.985997396	871.993997396	22000.000	38000.000	0.4167
136	Waveform 1	1	872.827997396	872.839997396	22000.000	38000.000	0.2222
136	Spectrogram 1	1	872.827997396	872.839997396	22000.000	38000.000	0.2222
137	Waveform 1	1	873.850664063	873.854664063	22000.000	38000.000	0.5000
137	Spectrogram 1	1	873.850664063	873.854664063	22000.000	38000.000	0.5000
138	Waveform 1	1	1000.375997396	1000.377330729	22000.000	38000.000	1.0000
138	Spectrogram 1	1	1000.375997396	1000.377330729	22000.000	38000.000	1.0000
139	Waveform 1	1	1000.650664063	1000.655330729	22000.000	38000.000	0.4286
139	Spectrogram 1	1	1000.650664063	1000.655330729	22000.000	38000.000	0.4286
140	Waveform 1	1	1001.193997396	1001.207330729	22000.000	38000.000	0.3000
140	Spectrogram 1	1	1001.193997396	1001.207330729	22000.000	38000.000	0.3000
141	Waveform 1	1	1002.589997396	1002.594664063	22000.000	38000.000	0.2857
141	Spectrogram 1	1	1002.589997396	1002.594664063	22000.000	38000.000	0.2857
142	Waveform 1	1	1003.133330729	1003.153997396	22000.000	38000.000	0.1290
142	Spectrogram 1	1	1003.133330729	1003.153997396	22000.000	38000.000	0.1290
143	Waveform 1	1	1003.685997396	1003.717997396	22000.000	38000.000	0.1875
143	Spectrogram 1	1	1003.685997396	1003.717997396	22000.000	38000.000	0.1875
144	Waveform 1	1	1005.069330729	1005.074664063	22000.000	38000.000	0.2500
144	Spectrogram 1	1	1005.069330729	1005.074664063	22000.000	38000.000	0.2500
145	Waveform 1	1	1005.619330729	1005.624664063	22000.000	38000.000	0.2500
145	Spectrogram 1	1	1005.619330729	1005.624664063	22000.000	38000.000	0.2500
146	Waveform 1	1	1006.816664063	1006.823997396	22000.000	38000.000	0.1818
146	Spectrogram 1	1	1006.816664063	1006.823997396	22000.000	38000.000	0.1818
147	Waveform 1	1	1031.551997396	1031.575997396	22000.000	38000.000	0.2222
147	Spectrogram 1	1	1031.551997396	1031.575997396	22000.000	38000.000	0.2222
148	Waveform 1	1	1033.347997396	1033.371997396	22000.000	38000.000	0.0833
148	Spectrogram 1	1	1033.347997396	1033.371997396	22000.000	38000.000	0.0833
149	Waveform 1	1	1033.916664062	1033.935330729	22000.000	38000.000	0.2143
149	Spectrogram 1	1	1033.916664062	1033.935330729	22000.000	38000.000	0.2143
150	Waveform 1	1	1034.618664062	1034.631330729	22000.000	38000.000	0.1579
150	Spectrogram 1	1	1034.618664062	1034.631330729	22000.000	38000.000	0.1579
151	Waveform 1	1	1035.337330729	1035.372664063	22000.000	38000.000	0.1132
151	Spectrogram 1	1	1035.337330729	1035.372664063	22000.000	38000.000	0.1132
152	Waveform 1	1	1036.030664062	1036.061330729	22000.000	38000.000	0.1304
152	Spectrogram 1	1	1036.030664062	1036.061330729	22000.000	38000.000	0.1304
153	Waveform 1	1	1036.329330729	1036.363330729	22000.000	38000.000	0.1569
153	Spectrogram 1	1	1036.329330729	1036.363330729	22000.000	38000.000	0.1569
154	Waveform 1	1	1036.901997396	1036.937997396	22000.000	38000.000	0.2222
154	Spectrogram 1	1	1036.901997396	1036.937997396	22000.000	38000.000	0.2222
155	Waveform 1	1	1037.601997396	1037.641997396	22000.000	38000.000	0.2667
155	Spectrogram 1	1	1037.601997396	1037.641997396	22000.000	38000.000	0.2667
156	Waveform 1	1	1038.435330729	1038.479330729	22000.000	38000.000	0.1515
156	Spectrogram 1	1	1038.435330729	1038.479330729	22000.000	38000.000	0.1515
157	Waveform 1	1	1039.124664062	1039.150664063	22000.000	38000.000	0.2051
157	Spectrogram 1	1	1039.124664062	1039.150664063	22000.000	38000.000	0.2051
158	Waveform 1	1	1039.264664062	1039.298664062	22000.000	38000.000	0.3922
158	Spectrogram 1	1	1039.264664062	1039.298664062	22000.000	38000.000	0.3922
159	Waveform 1	1	1039.557997396	1039.601997396	22000.000	38000.000	0.1970
159	Spectrogram 1	1	1039.557997396	1039.601997396	22000.000	38000.000	0.1970
160	Waveform 1	1	1042.809330729	1042.840664062	22000.000	38000.000	0.2766
160	Spectrogram 1	1	1042.809330729	1042.840664062	22000.000	38000.000	0.2766
161	Waveform 1	1	1043.414664062	1043.419997396	22000.000	38000.000	0.3750
161	Spectrogram 1	1	1043.414664062	1043.419997396	22000.000	38000.000	0.3750
162	Waveform 1	1	1043.608664062	1043.658664062	22000.000	38000.000	0.2800
162	Spectrogram 1	1	1043.608664062	1043.658664062	22000.000	38000.000	0.2800
163	Waveform 1	1	1044.356664062	1044.381997396	22000.000	38000.000	0.1579
163	Spectrogram 1	1	1044.356664062	1044.381997396	22000.000	38000.000	0.1579
164	Waveform 1	1	1045.185330729	1045.200664062	22000.000	38000.000	0.1739
164	Spectrogram 1	1	1045.185330729	1045.200664062	22000.000	38000.000	0.1739
165	Waveform 1	1	1047.175330729	1047.192664062	22000.000	38000.000	0.1154
165	Spectrogram 1	1	1047.175330729	1047.192664062	22000.000	38000.000	0.1154
166	Waveform 1	1	1048.297330729	1048.298664062	22000.000	38000.000	1.0000
166	Spectrogram 1	1	1048.297330729	1048.298664062	22000.000	38000.000	1.0000
167	Waveform 1	1	1050.415330729	1050.416664062	22000.000	38000.000	1.0000
167	Spectrogram 1	1	1050.415330729	1050.416664062	22000.000	38000.000	1.0000
168	Waveform 1	1	1051.913330729	1051.914664062	22000.000	38000.000	1.0000
168	Spectrogram 1	1	1051.913330729	1051.914664062	22000.000	38000.000	1.0000
169	Waveform 1	1	1118.326664062	1118.328664062	22000.000	38000.000	0.6667
169	Spectrogram 1	1	1118.326664062	1118.328664062	22000.000	38000.000	0.6667
170	Waveform 1	1	1119.391330729	1119.396664062	22000.000	38000.000	0.5000
170	Spectrogram 1	1	1119.391330729	1119.396664062	22000.000	38000.000	0.5000
171	Waveform 1	1	1120.181330729	1120.199997396	22000.000	38000.000	0.0714
171	Spectrogram 1	1	1120.181330729	1120.199997396	22000.000	38000.000	0.0714
172	Waveform 1	1	1120.575997396	1120.583330729	22000.000	38000.000	0.3636
172	Spectrogram 1	1	1120.575997396	1120.583330729	22000.000	38000.000	0.3636
173	Waveform 1	1	1120.958664063	1120.981330729	22000.000	38000.000	0.1176
173	Spectrogram 1	1	1120.958664063	1120.981330729	22000.000	38000.000	0.1176
174	Waveform 1	1	1121.223330729	1121.240664062	22000.000	38000.000	0.1538
174	Spectrogram 1	1	1121.223330729	1121.240664062	22000.000	38000.000	0.1538
175	Waveform 1	1	1121.493330729	1121.523330729	22000.000	38000.000	0.1111
175	Spectrogram 1	1	1121.493330729	1121.523330729	22000.000	38000.000	0.1111
176	Waveform 1	1	1121.768664062	1121.802664062	22000.000	38000.000	0.2549
176	Spectrogram 1	1	1121.768664062	1121.802664062	22000.000	38000.000	0.2549
177	Waveform 1	1	1122.031997396	1122.052664062	22000.000	38000.000	0.1935
177	Spectrogram 1	1	1122.031997396	1122.052664062	22000.000	38000.000	0.1935
178	Waveform 1	1	1122.293997396	1122.323330729	22000.000	38000.000	0.4091
178	Spectrogram 1	1	1122.293997396	1122.323330729	22000.000	38000.000	0.4091
179	Waveform 1	1	1122.561997396	1122.583997396	22000.000	38000.000	0.2424
179	Spectrogram 1	1	1122.561997396	1122.583997396	22000.000	38000.000	0.2424
180	Waveform 1	1	1122.813997396	1122.831997396	22000.000	38000.000	0.0741
180	Spectrogram 1	1	1122.813997396	1122.831997396	22000.000	38000.000	0.0741
181	Waveform 1	1	1123.077997396	1123.117330729	22000.000	38000.000	0.2203
181	Spectrogram 1	1	1123.077997396	1123.117330729	22000.000	38000.000	0.2203
182	Waveform 1	1	1123.347330729	1123.353330729	22000.000	38000.000	0.4444
182	Spectrogram 1	1	1123.347330729	1123.353330729	22000.000	38000.000	0.4444
183	Waveform 1	1	1123.624664062	1123.648664062	22000.000	38000.000	0.2500
183	Spectrogram 1	1	1123.624664062	1123.648664062	22000.000	38000.000	0.2500
184	Waveform 1	1	1124.015997396	1124.068664062	22000.000	38000.000	0.2785
184	Spectrogram 1	1	1124.015997396	1124.068664062	22000.000	38000.000	0.2785
185	Waveform 1	1	1124.158664062	1124.189997396	22000.000	38000.000	0.2979
185	Spectrogram 1	1	1124.158664062	1124.189997396	22000.000	38000.000	0.2979
186	Waveform 1	1	1124.421330729	1124.426664062	22000.000	38000.000	0.3750
186	Spectrogram 1	1	1124.421330729	1124.426664062	22000.000	38000.000	0.3750
187	Waveform 1	1	1124.674664062	1124.771997396	22000.000	38000.000	0.1096
187	Spectrogram 1	1	1124.674664062	1124.771997396	22000.000	38000.000	0.1096
188	Waveform 1	1	1124.957330729	1124.963330729	22000.000	38000.000	0.3333
188	Spectrogram 1	1	1124.957330729	1124.963330729	22000.000	38000.000	0.3333
189	Waveform 1	1	1125.347330729	1125.394664062	22000.000	38000.000	0.1690
189	Spectrogram 1	1	1125.347330729	1125.394664062	22000.000	38000.000	0.1690
190	Waveform 1	1	1126.025330729	1126.077997396	22000.000	38000.000	0.1772
190	Spectrogram 1	1	1126.025330729	1126.077997396	22000.000	38000.000	0.1772
191	Waveform 1	1	1126.299997396	1126.311997396	22000.000	38000.000	0.3889
191	Spectrogram 1	1	1126.299997396	1126.311997396	22000.000	38000.000	0.3889
192	Waveform 1	1	1126.713330729	1126.755997396	22000.000	38000.000	0.1562
192	Spectrogram 1	1	1126.713330729	1126.755997396	22000.000	38000.000	0.1562
193	Waveform 1	1	1127.113997396	1127.127997396	22000.000	38000.000	0.0952
193	Spectrogram 1	1	1127.113997396	1127.127997396	22000.000	38000.000	0.0952
194	Waveform 1	1	1127.772664062	1127.786664062	22000.000	38000.000	0.3333
194	Spectrogram 1	1	1127.772664062	1127.786664062	22000.000	38000.000	0.3333
195	Waveform 1	1	1128.186664062	1128.213330729	22000.000	38000.000	0.1500
195	Spectrogram 1	1	1128.186664062	1128.213330729	22000.000	38000.000	0.1500
196	Waveform 1	1	1129.566664062	1129.592664063	22000.000	38000.000	0.2308
196	Spectrogram 1	1	1129.566664062	1129.592664063	22000.000	38000.000	0.2308
197	Waveform 1	1	1130.231330729	1130.272664062	22000.000	38000.000	0.2742
197	Spectrogram 1	1	1130.231330729	1130.272664062	22000.000	38000.000	0.2742
198	Waveform 1	1	1131.009330729	1131.039997396	22000.000	38000.000	0.1087
198	Spectrogram 1	1	1131.009330729	1131.039997396	22000.000	38000.000	0.1087
199	Waveform 1	1	1177.429330729	1177.435330729	22000.000	38000.000	0.4444
199	Spectrogram 1	1	1177.429330729	1177.435330729	22000.000	38000.000	0.4444
200	Waveform 1	1	1178.892664062	1178.894664062	22000.000	38000.000	0.6667
200	Spectrogram 1	1	1178.892664062	1178.894664062	22000.000	38000.000	0.6667
201	Waveform 1	1	1289.775997396	1289.779330729	22000.000	38000.000	0.8000
201	Spectrogram 1	1	1289.775997396	1289.779330729	22000.000	38000.000	0.8000
202	Waveform 1	1	1290.685330729	1290.695330729	22000.000	38000.000	0.2667
202	Spectrogram 1	1	1290.685330729	1290.695330729	22000.000	38000.000	0.2667
203	Waveform 1	1	1291.317997396	1291.327330729	22000.000	38000.000	0.2857
203	Spectrogram 1	1	1291.317997396	1291.327330729	22000.000	38000.000	0.2857
204	Waveform 1	1	1291.984664062	1292.011330729	22000.000	38000.000	0.1000
204	Spectrogram 1	1	1291.984664062	1292.011330729	22000.000	38000.000	0.1000
205	Waveform 1	1	1322.736664063	1322.753330729	22000.000	38000.000	0.0800
205	Spectrogram 1	1	1322.736664063	1322.753330729	22000.000	38000.000	0.0800
206	Waveform 1	1	1325.087997396	1325.095330729	22000.000	38000.000	0.2727
206	Spectrogram 1	1	1325.087997396	1325.095330729	22000.000	38000.000	0.2727
207	Waveform 1	1	1326.989997396	1326.999330729	22000.000	38000.000	0.1429
207	Spectrogram 1	1	1326.989997396	1326.999330729	22000.000	38000.000	0.1429
208	Waveform 1	1	1350.415997396	1350.418664062	22000.000	38000.000	0.5000
208	Spectrogram 1	1	1350.415997396	1350.418664062	22000.000	38000.000	0.5000
209	Waveform 1	1	1428.620664062	1428.625330729	22000.000	38000.000	0.5714
209	Spectrogram 1	1	1428.620664062	1428.625330729	22000.000	38000.000	0.5714
210	Waveform 1	1	1429.263330729	1429.264664062	22000.000	38000.000	1.0000
210	Spectrogram 1	1	1429.263330729	1429.264664062	22000.000	38000.000	1.0000
211	Waveform 1	1	1456.825330729	1456.827330729	22000.000	38000.000	1.0000
211	Spectrogram 1	1	1456.825330729	1456.827330729	22000.000	38000.000	1.0000
212	Waveform 1	1	1457.608664062	1457.620664062	22000.000	38000.000	0.3333
212	Spectrogram 1	1	1457.608664062	1457.620664062	22000.000	38000.000	0.3333
213	Waveform 1	1	1486.841330729	1486.843330729	22000.000	38000.000	1.0000
213	Spectrogram 1	1	1486.841330729	1486.843330729	22000.000	38000.000	1.0000
214	Waveform 1	1	1525.831330729	1525.840664062	22000.000	38000.000	0.2143
214	Spectrogram 1	1	1525.831330729	1525.840664062	22000.000	38000.000	0.2143
215	Waveform 1	1	1526.491997396	1526.505997396	22000.000	38000.000	0.0952
215	Spectrogram 1	1	1526.491997396	1526.505997396	22000.000	38000.000	0.0952
216	Waveform 1	1	1528.357997396	1528.359330729	22000.000	38000.000	1.0000
216	Spectrogram 1	1	1528.357997396	1528.359330729	22000.000	38000.000	1.0000
217	Waveform 1	1	1529.151997396	1529.158664062	22000.000	38000.000	0.2000
217	Spectrogram 1	1	1529.151997396	1529.158664062	22000.000	38000.000	0.2000
218	Waveform 1	1	1530.371330729	1530.379997396	22000.000	38000.000	0.6923
218	Spectrogram 1	1	1530.371330729	1530.379997396	22000.000	38000.000	0.6923
219	Waveform 1	1	1626.735997396	1626.737997396	22000.000	38000.000	0.6667
219	Spectrogram 1	1	1626.735997396	1626.737997396	22000.000	38000.000	0.6667
220	Waveform 1	1	1626.985330729	1626.991330729	22000.000	38000.000	0.2222
220	Spectrogram 1	1	1626.985330729	1626.991330729	22000.000	38000.000	0.2222
221	Waveform 1	1	1627.987330729	1627.991997396	22000.000	38000.000	0.2857
221	Spectrogram 1	1	1627.987330729	1627.991997396	22000.000	38000.000	0.2857
222	Waveform 1	1	1628.909330729	1628.913330729	22000.000	38000.000	0.3333
222	Spectrogram 1	1	1628.909330729	1628.913330729	22000.000	38000.000	0.3333
223	Waveform 1	1	1629.163330729	1629.173330729	22000.000	38000.000	0.2000
223	Spectrogram 1	1	1629.163330729	1629.173330729	22000.000	38000.000	0.2000
224	Waveform 1	1	1629.395997396	1629.399330729	22000.000	38000.000	0.4000
224	Spectrogram 1	1	1629.395997396	1629.399330729	22000.000	38000.000	0.4000
225	Waveform 1	1	1629.643330729	1629.673997396	22000.000	38000.000	0.1304
225	Spectrogram 1	1	1629.643330729	1629.673997396	22000.000	38000.000	0.1304
226	Waveform 1	1	1630.164664062	1630.179330729	22000.000	38000.000	0.3182
226	Spectrogram 1	1	1630.164664062	1630.179330729	22000.000	38000.000	0.3182
227	Waveform 1	1	1630.420664063	1630.449330729	22000.000	38000.000	0.3256
227	Spectrogram 1	1	1630.420664063	1630.449330729	22000.000	38000.000	0.3256
228	Waveform 1	1	1630.698664063	1630.707330729	22000.000	38000.000	0.1538
228	Spectrogram 1	1	1630.698664063	1630.707330729	22000.000	38000.000	0.1538
229	Waveform 1	1	1635.373330729	1635.376664062	22000.000	38000.000	0.4000
229	Spectrogram 1	1	1635.373330729	1635.376664062	22000.000	38000.000	0.4000
230	Waveform 1	1	1636.131997396	1636.137330729	22000.000	38000.000	0.2500
230	Spectrogram 1	1	1636.131997396	1636.137330729	22000.000	38000.000	0.2500
231	Waveform 1	1	1636.772664062	1636.773997396	22000.000	38000.000	1.0000
231	Spectrogram 1	1	1636.772664062	1636.773997396	22000.000	38000.000	1.0000
232	Waveform 1	1	1637.130664063	1637.159330729	22000.000	38000.000	0.1860
232	Spectrogram 1	1	1637.130664063	1637.159330729	22000.000	38000.000	0.1860
233	Waveform 1	1	1637.639997396	1637.642664062	22000.000	38000.000	0.5000
233	Spectrogram 1	1	1637.639997396	1637.642664062	22000.000	38000.000	0.5000
234	Waveform 1	1	1637.889997396	1637.899997396	22000.000	38000.000	0.2667
234	Spectrogram 1	1	1637.889997396	1637.899997396	22000.000	38000.000	0.2667
235	Waveform 1	1	1639.368664062	1639.371997396	22000.000	38000.000	0.4000
235	Spectrogram 1	1	1639.368664062	1639.371997396	22000.000	38000.000	0.4000
236	Waveform 1	1	1639.709330729	1639.729330729	22000.000	38000.000	0.2333
236	Spectrogram 1	1	1639.709330729	1639.729330729	22000.000	38000.000	0.2333
237	Waveform 1	1	1640.181997396	1640.191997396	22000.000	38000.000	0.3333
237	Spectrogram 1	1	1640.181997396	1640.191997396	22000.000	38000.000	0.3333
238	Waveform 1	1	1640.810664062	1640.839330729	22000.000	38000.000	0.2326
238	Spectrogram 1	1	1640.810664062	1640.839330729	22000.000	38000.000	0.2326
239	Waveform 1	1	1641.079997396	1641.091330729	22000.000	38000.000	0.2353
239	Spectrogram 1	1	1641.079997396	1641.091330729	22000.000	38000.000	0.2353
240	Waveform 1	1	1641.450664062	1641.479997396	22000.000	38000.000	0.1591
240	Spectrogram 1	1	1641.450664062	1641.479997396	22000.000	38000.000	0.1591
241	Waveform 1	1	1641.712664062	1641.715997396	22000.000	38000.000	0.4000
241	Spectrogram 1	1	1641.712664062	1641.715997396	22000.000	38000.000	0.4000
242	Waveform 1	1	1641.959997396	1641.997330729	22000.000	38000.000	0.1964
242	Spectrogram 1	1	1641.959997396	1641.997330729	22000.000	38000.000	0.1964
243	Waveform 1	1	1642.353330729	1642.362664063	22000.000	38000.000	0.2857
243	Spectrogram 1	1	1642.353330729	1642.362664063	22000.000	38000.000	0.2857
244	Waveform 1	1	1642.602664063	1642.645997396	22000.000	38000.000	0.2154
244	Spectrogram 1	1	1642.602664063	1642.645997396	22000.000	38000.000	0.2154
245	Waveform 1	1	1643.365997396	1643.395330729	22000.000	38000.000	0.1818
245	Spectrogram 1	1	1643.365997396	1643.395330729	22000.000	38000.000	0.1818
246	Waveform 1	1	1643.631997396	1643.667997396	22000.000	38000.000	0.3704
246	Spectrogram 1	1	1643.631997396	1643.667997396	22000.000	38000.000	0.3704
247	Waveform 1	1	1643.904664062	1643.905997396	22000.000	38000.000	1.0000
247	Spectrogram 1	1	1643.904664062	1643.905997396	22000.000	38000.000	1.0000
248	Waveform 1	1	1644.161997396	1644.175997396	22000.000	38000.000	0.2857
248	Spectrogram 1	1	1644.161997396	1644.175997396	22000.000	38000.000	0.2857
249	Waveform 1	1	1646.464664062	1646.473330729	22000.000	38000.000	0.1538
249	Spectrogram 1	1	1646.464664062	1646.473330729	22000.000	38000.000	0.1538
250	Waveform 1	1	1647.203997396	1647.239997396	22000.000	38000.000	0.4630
250	Spectrogram 1	1	1647.203997396	1647.239997396	22000.000	38000.000	0.4630
251	Waveform 1	1	1649.831997396	1649.846664062	22000.000	38000.000	0.2273
251	Spectrogram 1	1	1649.831997396	1649.846664062	22000.000	38000.000	0.2273
252	Waveform 1	1	1650.464664062	1650.475997396	22000.000	38000.000	0.3529
252	Spectrogram 1	1	1650.464664062	1650.475997396	22000.000	38000.000	0.3529
253	Waveform 1	1	1690.434664062	1690.442664062	22000.000	38000.000	0.2500
253	Spectrogram 1	1	1690.434664062	1690.442664062	22000.000	38000.000	0.2500
254	Waveform 1	1	1692.174664062	1692.189330729	22000.000	38000.000	0.2273
254	Spectrogram 1	1	1692.174664062	1692.189330729	22000.000	38000.000	0.2273
255	Waveform 1	1	1692.695330729	1692.705330729	22000.000	38000.000	0.2000
255	Spectrogram 1	1	1692.695330729	1692.705330729	22000.000	38000.000	0.2000
256	Waveform 1	1	1692.993997396	1692.995330729	22000.000	38000.000	1.0000
256	Spectrogram 1	1	1692.993997396	1692.995330729	22000.000	38000.000	1.0000
257	Waveform 1	1	1694.339997396	1694.357330729	22000.000	38000.000	0.1538
257	Spectrogram 1	1	1694.339997396	1694.357330729	22000.000	38000.000	0.1538
258	Waveform 1	1	1695.021330729	1695.053330729	22000.000	38000.000	0.1458
258	Spectrogram 1	1	1695.021330729	1695.053330729	22000.000	38000.000	0.1458
259	Waveform 1	1	1695.663330729	1695.687997396	22000.000	38000.000	0.2703
259	Spectrogram 1	1	1695.663330729	1695.687997396	22000.000	38000.000	0.2703
260	Waveform 1	1	1696.189330729	1696.199330729	22000.000	38000.000	0.5333
260	Spectrogram 1	1	1696.189330729	1696.199330729	22000.000	38000.000	0.5333
261	Waveform 1	1	1696.717330729	1696.731330729	22000.000	38000.000	0.2857
261	Spectrogram 1	1	1696.717330729	1696.731330729	22000.000	38000.000	0.2857
262	Waveform 1	1	1699.517997396	1699.529997396	22000.000	38000.000	0.2778
262	Spectrogram 1	1	1699.517997396	1699.529997396	22000.000	38000.000	0.2778
263	Waveform 1	1	1699.767330729	1699.769997396	22000.000	38000.000	1.0000
263	Spectrogram 1	1	1699.767330729	1699.769997396	22000.000	38000.000	1.0000
264	Waveform 1	1	1700.135997396	1700.154664062	22000.000	38000.000	0.2500
264	Spectrogram 1	1	1700.135997396	1700.154664062	22000.000	38000.000	0.2500
265	Waveform 1	1	1700.393997396	1700.408664062	22000.000	38000.000	0.1818
265	Spectrogram 1	1	1700.393997396	1700.408664062	22000.000	38000.000	0.1818
266	Waveform 1	1	1700.659330729	1700.677330729	22000.000	38000.000	0.2222
266	Spectrogram 1	1	1700.659330729	1700.677330729	22000.000	38000.000	0.2222
267	Waveform 1	1	1706.096664062	1706.098664062	22000.000	38000.000	1.0000
267	Spectrogram 1	1	1706.096664062	1706.098664062	22000.000	38000.000	1.0000
268	Waveform 1	1	1706.532664062	1706.533997396	22000.000	38000.000	1.0000
268	Spectrogram 1	1	1706.532664062	1706.533997396	22000.000	38000.000	1.0000
269	Waveform 1	1	1707.385997396	1707.403997396	22000.000	38000.000	0.1481
269	Spectrogram 1	1	1707.385997396	1707.403997396	22000.000	38000.000	0.1481
270	Waveform 1	1	1710.242664062	1710.252664062	22000.000	38000.000	0.2000
270	Spectrogram 1	1	1710.242664062	1710.252664062	22000.000	38000.000	0.2000
271	Waveform 1	1	1710.797330729	1710.806664062	22000.000	38000.000	0.2857
271	Spectrogram 1	1	1710.797330729	1710.806664062	22000.000	38000.000	0.2857
272	Waveform 1	1	1711.449997396	1711.459330729	22000.000	38000.000	0.2857
272	Spectrogram 1	1	1711.449997396	1711.459330729	22000.000	38000.000	0.2857
273	Waveform 1	1	1711.711330729	1711.725330729	22000.000	38000.000	0.2857
273	Spectrogram 1	1	1711.711330729	1711.725330729	22000.000	38000.000	0.2857
274	Waveform 1	1	1711.866664062	1711.891330729	22000.000	38000.000	0.2162
274	Spectrogram 1	1	1711.866664062	1711.891330729	22000.000	38000.000	0.2162
275	Waveform 1	1	1712.019997396	1712.038664062	22000.000	38000.000	0.2143
275	Spectrogram 1	1	1712.019997396	1712.038664062	22000.000	38000.000	0.2143
276	Waveform 1	1	1712.211997396	1712.245330729	22000.000	38000.000	0.2800
276	Spectrogram 1	1	1712.211997396	1712.245330729	22000.000	38000.000	0.2800
277	Waveform 1	1	1712.418664062	1712.431997396	22000.000	38000.000	0.5000
277	Spectrogram 1	1	1712.418664062	1712.431997396	22000.000	38000.000	0.5000
278	Waveform 1	1	1713.551330729	1713.571997396	22000.000	38000.000	0.1935
278	Spectrogram 1	1	1713.551330729	1713.571997396	22000.000	38000.000	0.1935
279	Waveform 1	1	1713.728664063	1713.761330729	22000.000	38000.000	0.1224
279	Spectrogram 1	1	1713.728664063	1713.761330729	22000.000	38000.000	0.1224
280	Waveform 1	1	1713.904664062	1713.925330729	22000.000	38000.000	0.3871
280	Spectrogram 1	1	1713.904664062	1713.925330729	22000.000	38000.000	0.3871
281	Waveform 1	1	1714.229997396	1714.247330729	22000.000	38000.000	0.1154
281	Spectrogram 1	1	1714.229997396	1714.247330729	22000.000	38000.000	0.1154
282	Waveform 1	1	1714.437330729	1714.449997396	22000.000	38000.000	0.2632
282	Spectrogram 1	1	1714.437330729	1714.449997396	22000.000	38000.000	0.2632
283	Waveform 1	1	1714.844664062	1714.852664063	22000.000	38000.000	0.4167
283	Spectrogram 1	1	1714.844664062	1714.852664063	22000.000	38000.000	0.4167
284	Waveform 1	1	1715.366664062	1715.370664062	22000.000	38000.000	0.6667
284	Spectrogram 1	1	1715.366664062	1715.370664062	22000.000	38000.000	0.6667
285	Waveform 1	1	1717.403330729	1717.407997396	22000.000	38000.000	0.2857
285	Spectrogram 1	1	1717.403330729	1717.407997396	22000.000	38000.000	0.2857
286	Waveform 1	1	1749.521997396	1749.528664062	22000.000	38000.000	0.3000
286	Spectrogram 1	1	1749.521997396	1749.528664062	22000.000	38000.000	0.3000
287	Waveform 1	1	1749.802664062	1749.805330729	22000.000	38000.000	0.7500
287	Spectrogram 1	1	1749.802664062	1749.805330729	22000.000	38000.000	0.7500
288	Waveform 1	1	1751.622664063	1751.625330729	22000.000	38000.000	0.5000
288	Spectrogram 1	1	1751.622664063	1751.625330729	22000.000	38000.000	0.5000
289	Waveform 1	1	1752.439997396	1752.447330729	22000.000	38000.000	0.5455
289	Spectrogram 1	1	1752.439997396	1752.447330729	22000.000	38000.000	0.5455
290	Waveform 1	1	1752.725997396	1752.743997396	22000.000	38000.000	0.0741
290	Spectrogram 1	1	1752.725997396	1752.743997396	22000.000	38000.000	0.0741
291	Waveform 1	1	1753.279997396	1753.298664062	22000.000	38000.000	0.2500
291	Spectrogram 1	1	1753.279997396	1753.298664062	22000.000	38000.000	0.2500
292	Waveform 1	1	1754.129997396	1754.150664063	22000.000	38000.000	0.1935
292	Spectrogram 1	1	1754.129997396	1754.150664063	22000.000	38000.000	0.1935
293	Waveform 1	1	1754.932664062	1754.943997396	22000.000	38000.000	0.4118
293	Spectrogram 1	1	1754.932664062	1754.943997396	22000.000	38000.000	0.4118
294	Waveform 1	1	1755.491330729	1755.510664062	22000.000	38000.000	0.1379
294	Spectrogram 1	1	1755.491330729	1755.510664062	22000.000	38000.000	0.1379
295	Waveform 1	1	1756.061997396	1756.067330729	22000.000	38000.000	0.2500
295	Spectrogram 1	1	1756.061997396	1756.067330729	22000.000	38000.000	0.2500
296	Waveform 1	1	1757.748664062	1757.753330729	22000.000	38000.000	0.2857
296	Spectrogram 1	1	1757.748664062	1757.753330729	22000.000	38000.000	0.2857
297	Waveform 1	1	1758.331330729	1758.337997396	22000.000	38000.000	0.5000
297	Spectrogram 1	1	1758.331330729	1758.337997396	22000.000	38000.000	0.5000
298	Waveform 1	1	1759.981330729	1759.995997396	22000.000	38000.000	0.4091
298	Spectrogram 1	1	1759.981330729	1759.995997396	22000.000	38000.000	0.4091
299	Waveform 1	1	1760.709330729	1760.711330729	22000.000	38000.000	1.0000
299	Spectrogram 1	1	1760.709330729	1760.711330729	22000.000	38000.000	1.0000
300	Waveform 1	1	1760.868664062	1760.882664062	22000.000	38000.000	0.4286
300	Spectrogram 1	1	1760.868664062	1760.882664062	22000.000	38000.000	0.4286
301	Waveform 1	1	1761.087330729	1761.104664062	22000.000	38000.000	0.3077
301	Spectrogram 1	1	1761.087330729	1761.104664062	22000.000	38000.000	0.3077
302	Waveform 1	1	1761.327330729	1761.338664062	22000.000	38000.000	0.4118
302	Spectrogram 1	1	1761.327330729	1761.338664062	22000.000	38000.000	0.4118
303	Waveform 1	1	1762.270664062	1762.290664062	22000.000	38000.000	0.3000
303	Spectrogram 1	1	1762.270664062	1762.290664062	22000.000	38000.000	0.3000
304	Waveform 1	1	1763.743997396	1763.769330729	22000.000	38000.000	0.3158
304	Spectrogram 1	1	1763.743997396	1763.769330729	22000.000	38000.000	0.3158
305	Waveform 1	1	1763.915330729	1763.921330729	22000.000	38000.000	0.2222
305	Spectrogram 1	1	1763.915330729	1763.921330729	22000.000	38000.000	0.2222
306	Waveform 1	1	1764.059997396	1764.065330729	22000.000	38000.000	0.2500
306	Spectrogram 1	1	1764.059997396	1764.065330729	22000.000	38000.000	0.2500
307	Waveform 1	1	1765.714664062	1765.729330729	22000.000	38000.000	0.1818
307	Spectrogram 1	1	1765.714664062	1765.729330729	22000.000	38000.000	0.1818
308	Waveform 1	1	1766.310664062	1766.335997396	22000.000	38000.000	0.3158
308	Spectrogram 1	1	1766.310664062	1766.335997396	22000.000	38000.000	0.3158
309	Waveform 1	1	1767.081997396	1767.108664062	22000.000	38000.000	0.1000
309	Spectrogram 1	1	1767.081997396	1767.108664062	22000.000	38000.000	0.1000
310	Waveform 1	1	1767.877997396	1767.880664063	22000.000	38000.000	0.5000
310	Spectrogram 1	1	1767.877997396	1767.880664063	22000.000	38000.000	0.5000
311	Waveform 1	1	1768.431330729	1768.464664062	22000.000	38000.000	0.3000
311	Spectrogram 1	1	1768.431330729	1768.464664062	22000.000	38000.000	0.3000
312	Waveform 1	1	1768.743997396	1768.759997396	22000.000	38000.000	0.3750
312	Spectrogram 1	1	1768.743997396	1768.759997396	22000.000	38000.000	0.3750
313	Waveform 1	1	1769.284664063	1769.310664062	22000.000	38000.000	0.4103
313	Spectrogram 1	1	1769.284664063	1769.310664062	22000.000	38000.000	0.4103
314	Waveform 1	1	1769.687330729	1769.705330729	22000.000	38000.000	0.1111
314	Spectrogram 1	1	1769.687330729	1769.705330729	22000.000	38000.000	0.1111
315	Waveform 1	1	1769.974664062	1770.022664062	22000.000	38000.000	0.1667
315	Spectrogram 1	1	1769.974664062	1770.022664062	22000.000	38000.000	0.1667
316	Waveform 1	1	1770.279330729	1770.299997396	22000.000	38000.000	0.1290
316	Spectrogram 1	1	1770.279330729	1770.299997396	22000.000	38000.000	0.1290
317	Waveform 1	1	1770.401997396	1770.411330729	22000.000	38000.000	0.3571
317	Spectrogram 1	1	1770.401997396	1770.411330729	22000.000	38000.000	0.3571
318	Waveform 1	1	1770.508664062	1770.509997396	22000.000	38000.000	1.0000
318	Spectrogram 1	1	1770.508664062	1770.509997396	22000.000	38000.000	1.0000
319	Waveform 1	1	1771.701330729	1771.735997396	22000.000	38000.000	0.2692
319	Spectrogram 1	1	1771.701330729	1771.735997396	22000.000	38000.000	0.2692
320	Waveform 1	1	1771.955997396	1771.957997396	22000.000	38000.000	1.0000
320	Spectrogram 1	1	1771.955997396	1771.957997396	22000.000	38000.000	1.0000
321	Waveform 1	1	1772.228664063	1772.262664062	22000.000	38000.000	0.2353
321	Spectrogram 1	1	1772.228664063	1772.262664062	22000.000	38000.000	0.2353
322	Waveform 1	1	1773.002664062	1773.030664062	22000.000	38000.000	0.2857
322	Spectrogram 1	1	1773.002664062	1773.030664062	22000.000	38000.000	0.2857
323	Waveform 1	1	1773.287997396	1773.307997396	22000.000	38000.000	0.2667
323	Spectrogram 1	1	1773.287997396	1773.307997396	22000.000	38000.000	0.2667
324	Waveform 1	1	1773.567330729	1773.589330729	22000.000	38000.000	0.2121
324	Spectrogram 1	1	1773.567330729	1773.589330729	22000.000	38000.000	0.2121
325	Waveform 1	1	1773.835330729	1773.859997396	22000.000	38000.000	0.2973
325	Spectrogram 1	1	1773.835330729	1773.859997396	22000.000	38000.000	0.2973
326	Waveform 1	1	1774.519330729	1774.557330729	22000.000	38000.000	0.3684
326	Spectrogram 1	1	1774.519330729	1774.557330729	22000.000	38000.000	0.3684
327	Waveform 1	1	1774.679330729	1774.685330729	22000.000	38000.000	0.3333
327	Spectrogram 1	1	1774.679330729	1774.685330729	22000.000	38000.000	0.3333
328	Waveform 1	1	1775.107330729	1775.132664062	22000.000	38000.000	0.2368
328	Spectrogram 1	1	1775.107330729	1775.132664062	22000.000	38000.000	0.2368
329	Waveform 1	1	1776.187330729	1776.197997396	22000.000	38000.000	0.3125
329	Spectrogram 1	1	1776.187330729	1776.197997396	22000.000	38000.000	0.3125
330	Waveform 1	1	1777.459330729	1777.464664062	22000.000	38000.000	0.2500
330	Spectrogram 1	1	1777.459330729	1777.464664062	22000.000	38000.000	0.2500
331	Waveform 1	1	1777.738664062	1777.753997396	22000.000	38000.000	0.2174
331	Spectrogram 1	1	1777.738664062	1777.753997396	22000.000	38000.000	0.2174
332	Waveform 1	1	1778.441997396	1778.446664062	22000.000	38000.000	0.7143
332	Spectrogram 1	1	1778.441997396	1778.446664062	22000.000	38000.000	0.7143
333	Waveform 1	1	1782.713997396	1782.721330729	22000.000	38000.000	0.1818
333	Spectrogram 1	1	1782.713997396	1782.721330729	22000.000	38000.000	0.1818
