Selection	View	Channel	Begin Time (s)	End Time (s)	Low Freq (Hz)	High Freq (Hz)	Occupancy
1	Waveform 1	1	33.510664062	33.516664062	22000.000	38000.000	0.2222
1	Spectrogram 1	1	33.510664062	33.516664062	22000.000	38000.000	0.2222
2	Waveform 1	1	34.165330729	34.175330729	22000.000	38000.000	0.2667
2	Spectrogram 1	1	34.165330729	34.175330729	22000.000	38000.000	0.2667
3	Waveform 1	1	35.010664062	35.029330729	22000.000	38000.000	0.2500
3	Spectrogram 1	1	35.010664062	35.029330729	22000.000	38000.000	0.2500
4	Waveform 1	1	35.678664062	35.685997396	22000.000	38000.000	0.2727
4	Spectrogram 1	1	35.678664062	35.685997396	22000.000	38000.000	0.2727
5	Waveform 1	1	36.003997396	36.010664062	22000.000	38000.000	0.2000
5	Spectrogram 1	1	36.003997396	36.010664062	22000.000	38000.000	0.2000
6	Waveform 1	1	36.512664063	36.517997396	22000.000	38000.000	0.7500
6	Spectrogram 1	1	36.512664063	36.517997396	22000.000	38000.000	0.7500
7	Waveform 1	1	37.181330729	37.185330729	22000.000	38000.000	0.3333
7	Spectrogram 1	1	37.181330729	37.185330729	22000.000	38000.000	0.3333
8	Waveform 1	1	37.308664063	37.327330729	22000.000	38000.000	0.3571
8	Spectrogram 1	1	37.308664063	37.327330729	22000.000	38000.000	0.3571
9	Waveform 1	1	258.246664062	258.263997396	22000.000	38000.000	0.1923
9	Spectrogram 1	1	258.246664062	258.263997396	22000.000	38000.000	0.1923
10	Waveform 1	1	264.067330729	264.078664062	22000.000	38000.000	0.3529
10	Spectrogram 1	1	264.067330729	264.078664062	22000.000	38000.000	0.3529
11	Waveform 1	1	264.668664062	264.680664062	22000.000	38000.000	0.1667
11	Spectrogram 1	1	264.668664062	264.680664062	22000.000	38000.000	0.1667
12	Waveform 1	1	292.573997396	292.575330729	22000.000	38000.000	1.0000
12	Spectrogram 1	1	292.573997396	292.575330729	22000.000	38000.000	1.0000
13	Waveform 1	1	293.145330729	293.158664063	22000.000	38000.000	0.3500
13	Spectrogram 1	1	293.145330729	293.158664063	22000.000	38000.000	0.3500
14	Waveform 1	1	296.108664062	296.121997396	22000.000	38000.000	0.3000
14	Spectrogram 1	1	296.108664062	296.121997396	22000.000	38000.000	0.3000
15	Waveform 1	1	296.809330729	296.813997396	22000.000	38000.000	0.4286
15	Spectrogram 1	1	296.809330729	296.813997396	22000.000	38000.000	0.4286
16	Waveform 1	1	297.487997396	297.519330729	22000.000	38000.000	0.2128
16	Spectrogram 1	1	297.487997396	297.519330729	22000.000	38000.000	0.2128
17	Waveform 1	1	298.177330729	298.221330729	22000.000	38000.000	0.1364
17	Spectrogram 1	1	298.177330729	298.221330729	22000.000	38000.000	0.1364
18	Waveform 1	1	298.879330729	298.902664062	22000.000	38000.000	0.3143
18	Spectrogram 1	1	298.879330729	298.902664062	22000.000	38000.000	0.3143
19	Waveform 1	1	299.587330729	299.595997396	22000.000	38000.000	0.4615
19	Spectrogram 1	1	299.587330729	299.595997396	22000.000	38000.000	0.4615
20	Waveform 1	1	300.147997396	300.161997396	22000.000	38000.000	0.0952
20	Spectrogram 1	1	300.147997396	300.161997396	22000.000	38000.000	0.0952
21	Waveform 1	1	302.423997396	302.426664062	22000.000	38000.000	0.5000
21	Spectrogram 1	1	302.423997396	302.426664062	22000.000	38000.000	0.5000
22	Waveform 1	1	304.619330729	304.631997396	22000.000	38000.000	0.1579
22	Spectrogram 1	1	304.619330729	304.631997396	22000.000	38000.000	0.1579
23	Waveform 1	1	305.379330729	305.381330729	22000.000	38000.000	1.0000
23	Spectrogram 1	1	305.379330729	305.381330729	22000.000	38000.000	1.0000
24	Waveform 1	1	306.047330729	306.057330729	22000.000	38000.000	0.4000
24	Spectrogram 1	1	306.047330729	306.057330729	22000.000	38000.000	0.4000
25	Waveform 1	1	306.727330729	306.732664063	22000.000	38000.000	0.2500
25	Spectrogram 1	1	306.727330729	306.732664063	22000.000	38000.000	0.2500
26	Waveform 1	1	452.829997396	452.843330729	22000.000	38000.000	0.1000
26	Spectrogram 1	1	452.829997396	452.843330729	22000.000	38000.000	0.1000
27	Waveform 1	1	453.199997396	453.201997396	22000.000	38000.000	0.6667
27	Spectrogram 1	1	453.199997396	453.201997396	22000.000	38000.000	0.6667
28	Waveform 1	1	453.435330729	453.443997396	22000.000	38000.000	0.3846
28	Spectrogram 1	1	453.435330729	453.443997396	22000.000	38000.000	0.3846
29	Waveform 1	1	453.925997396	453.947997396	22000.000	38000.000	0.4242
29	Spectrogram 1	1	453.925997396	453.947997396	22000.000	38000.000	0.4242
30	Waveform 1	1	454.175330729	454.205330729	22000.000	38000.000	0.1333
30	Spectrogram 1	1	454.175330729	454.205330729	22000.000	38000.000	0.1333
31	Waveform 1	1	454.542664062	454.570664062	22000.000	38000.000	0.2857
31	Spectrogram 1	1	454.542664062	454.570664062	22000.000	38000.000	0.2857
32	Waveform 1	1	454.776664063	454.790664063	22000.000	38000.000	0.2381
32	Spectrogram 1	1	454.776664063	454.790664063	22000.000	38000.000	0.2381
33	Waveform 1	1	455.021330729	455.057997396	22000.000	38000.000	0.2182
33	Spectrogram 1	1	455.021330729	455.057997396	22000.000	38000.000	0.2182
34	Waveform 1	1	455.637330729	455.674664062	22000.000	38000.000	0.1786
34	Spectrogram 1	1	455.637330729	455.674664062	22000.000	38000.000	0.1786
35	Waveform 1	1	455.889997396	455.901330729	22000.000	38000.000	0.2353
35	Spectrogram 1	1	455.889997396	455.901330729	22000.000	38000.000	0.2353
36	Waveform 1	1	456.132664062	456.161330729	22000.000	38000.000	0.3023
36	Spectrogram 1	1	456.132664062	456.161330729	22000.000	38000.000	0.3023
37	Waveform 1	1	456.385997396	456.394664062	22000.000	38000.000	0.2308
37	Spectrogram 1	1	456.385997396	456.394664062	22000.000	38000.000	0.2308
38	Waveform 1	1	456.744664063	456.771997396	22000.000	38000.000	0.1220
38	Spectrogram 1	1	456.744664063	456.771997396	22000.000	38000.000	0.1220
39	Waveform 1	1	457.350664063	457.367330729	22000.000	38000.000	0.2400
39	Spectrogram 1	1	457.350664063	457.367330729	22000.000	38000.000	0.2400
40	Waveform 1	1	457.852664062	457.855997396	22000.000	38000.000	0.6000
40	Spectrogram 1	1	457.852664062	457.855997396	22000.000	38000.000	0.6000
41	Waveform 1	1	458.090664062	458.117330729	22000.000	38000.000	0.1750
41	Spectrogram 1	1	458.090664062	458.117330729	22000.000	38000.000	0.1750
42	Waveform 1	1	459.833330729	459.842664062	22000.000	38000.000	0.2143
42	Spectrogram 1	1	459.833330729	459.842664062	22000.000	38000.000	0.2143
43	Waveform 1	1	481.446664063	481.466664063	22000.000	38000.000	0.2000
43	Spectrogram 1	1	481.446664063	481.466664063	22000.000	38000.000	0.2000
44	Waveform 1	1	483.495330729	483.527330729	22000.000	38000.000	0.2708
44	Spectrogram 1	1	483.495330729	483.527330729	22000.000	38000.000	0.2708
45	Waveform 1	1	483.724664062	483.747330729	22000.000	38000.000	0.1176
45	Spectrogram 1	1	483.724664062	483.747330729	22000.000	38000.000	0.1176
46	Waveform 1	1	483.972664062	483.974664062	22000.000	38000.000	1.0000
46	Spectrogram 1	1	483.972664062	483.974664062	22000.000	38000.000	1.0000
47	Waveform 1	1	484.321997396	484.355997396	22000.000	38000.000	0.1569
47	Spectrogram 1	1	484.321997396	484.355997396	22000.000	38000.000	0.1569
48	Waveform 1	1	484.940664062	484.950664062	22000.000	38000.000	0.4667
48	Spectrogram 1	1	484.940664062	484.950664062	22000.000	38000.000	0.4667
49	Waveform 1	1	485.193330729	485.195997396	22000.000	38000.000	0.5000
49	Spectrogram 1	1	485.193330729	485.195997396	22000.000	38000.000	0.5000
50	Waveform 1	1	485.544664062	485.574664063	22000.000	38000.000	0.2667
50	Spectrogram 1	1	485.544664062	485.574664063	22000.000	38000.000	0.2667
51	Waveform 1	1	486.650664062	486.655997396	22000.000	38000.000	0.3750
51	Spectrogram 1	1	486.650664062	486.655997396	22000.000	38000.000	0.3750
52	Waveform 1	1	487.144664062	487.159997396	22000.000	38000.000	0.1739
52	Spectrogram 1	1	487.144664062	487.159997396	22000.000	38000.000	0.1739
53	Waveform 1	1	488.891997396	488.894664062	22000.000	38000.000	0.7500
53	Spectrogram 1	1	488.891997396	488.894664062	22000.000	38000.000	0.7500
54	Waveform 1	1	499.075997396	499.077330729	22000.000	38000.000	1.0000
54	Spectrogram 1	1	499.075997396	499.077330729	22000.000	38000.000	1.0000
55	Waveform 1	1	500.256664062	500.259997396	22000.000	38000.000	0.4000
55	Spectrogram 1	1	500.256664062	500.259997396	22000.000	38000.000	0.4000
56	Waveform 1	1	501.724664062	501.725997396	22000.000	38000.000	1.0000
56	Spectrogram 1	1	501.724664062	501.725997396	22000.000	38000.000	1.0000
57	Waveform 1	1	503.761997396	503.783997396	22000.000	38000.000	0.1212
57	Spectrogram 1	1	503.761997396	503.783997396	22000.000	38000.000	0.1212
58	Waveform 1	1	504.398664063	504.418664062	22000.000	38000.000	0.1333
58	Spectrogram 1	1	504.398664063	504.418664062	22000.000	38000.000	0.1333
59	Waveform 1	1	504.899997396	504.909997396	22000.000	38000.000	0.2667
59	Spectrogram 1	1	504.899997396	504.909997396	22000.000	38000.000	0.2667
60	Waveform 1	1	505.263330729	505.286664062	22000.000	38000.000	0.2000
60	Spectrogram 1	1	505.263330729	505.286664062	22000.000	38000.000	0.2000
61	Waveform 1	1	505.903330729	505.926664062	22000.000	38000.000	0.1429
61	Spectrogram 1	1	505.903330729	505.926664062	22000.000	38000.000	0.1429
62	Waveform 1	1	507.150664062	507.161997396	22000.000	38000.000	0.2353
62	Spectrogram 1	1	507.150664062	507.161997396	22000.000	38000.000	0.2353
63	Waveform 1	1	544.443997396	544.452664063	22000.000	38000.000	0.2308
63	Spectrogram 1	1	544.443997396	544.452664063	22000.000	38000.000	0.2308
64	Waveform 1	1	545.105330729	545.121997396	22000.000	38000.000	0.3200
64	Spectrogram 1	1	545.105330729	545.121997396	22000.000	38000.000	0.3200
65	Waveform 1	1	548.253997396	548.260664063	22000.000	38000.000	0.2000
65	Spectrogram 1	1	548.253997396	548.260664063	22000.000	38000.000	0.2000
66	Waveform 1	1	548.737330729	548.746664063	22000.000	38000.000	0.2143
66	Spectrogram 1	1	548.737330729	548.746664063	22000.000	38000.000	0.2143
67	Waveform 1	1	550.348664063	550.364664063	22000.000	38000.000	0.2500
67	Spectrogram 1	1	550.348664063	550.364664063	22000.000	38000.000	0.2500
68	Waveform 1	1	550.951330729	550.981997396	22000.000	38000.000	0.1739
68	Spectrogram 1	1	550.951330729	550.981997396	22000.000	38000.000	0.1739
69	Waveform 1	1	551.725997396	551.748664063	22000.000	38000.000	0.1765
69	Spectrogram 1	1	551.725997396	551.748664063	22000.000	38000.000	0.1765
70	Waveform 1	1	551.965997396	551.984664063	22000.000	38000.000	0.1786
70	Spectrogram 1	1	551.965997396	551.984664063	22000.000	38000.000	0.1786
71	Waveform 1	1	552.367997396	552.373997396	22000.000	38000.000	0.2222
71	Spectrogram 1	1	552.367997396	552.373997396	22000.000	38000.000	0.2222
72	Waveform 1	1	552.886664063	552.893997396	22000.000	38000.000	0.1818
72	Spectrogram 1	1	552.886664063	552.893997396	22000.000	38000.000	0.1818
73	Waveform 1	1	554.973997396	554.983330729	22000.000	38000.000	0.3571
73	Spectrogram 1	1	554.973997396	554.983330729	22000.000	38000.000	0.3571
74	Waveform 1	1	555.729330729	555.761330729	22000.000	38000.000	0.1458
74	Spectrogram 1	1	555.729330729	555.761330729	22000.000	38000.000	0.1458
75	Waveform 1	1	556.367997396	556.401997396	22000.000	38000.000	0.2353
75	Spectrogram 1	1	556.367997396	556.401997396	22000.000	38000.000	0.2353
76	Waveform 1	1	556.928664063	556.936664063	22000.000	38000.000	0.5000
76	Spectrogram 1	1	556.928664063	556.936664063	22000.000	38000.000	0.5000
77	Waveform 1	1	557.681330729	557.688664063	22000.000	38000.000	0.2727
77	Spectrogram 1	1	557.681330729	557.688664063	22000.000	38000.000	0.2727
78	Waveform 1	1	558.624664063	558.633997396	22000.000	38000.000	0.1429
78	Spectrogram 1	1	558.624664063	558.633997396	22000.000	38000.000	0.1429
79	Waveform 1	1	559.149997396	559.180664062	22000.000	38000.000	0.1957
79	Spectrogram 1	1	559.149997396	559.180664062	22000.000	38000.000	0.1957
80	Waveform 1	1	559.783330729	559.794664063	22000.000	38000.000	0.1765
80	Spectrogram 1	1	559.783330729	559.794664063	22000.000	38000.000	0.1765
81	Waveform 1	1	560.051330729	560.052664063	22000.000	38000.000	1.0000
81	Spectrogram 1	1	560.051330729	560.052664063	22000.000	38000.000	1.0000
82	Waveform 1	1	561.561997396	561.569330729	22000.000	38000.000	0.3636
82	Spectrogram 1	1	561.561997396	561.569330729	22000.000	38000.000	0.3636
83	Waveform 1	1	561.967997396	562.000664063	22000.000	38000.000	0.1429
83	Spectrogram 1	1	561.967997396	562.000664063	22000.000	38000.000	0.1429
84	Waveform 1	1	562.477997396	562.489330729	22000.000	38000.000	0.2353
84	Spectrogram 1	1	562.477997396	562.489330729	22000.000	38000.000	0.2353
85	Waveform 1	1	563.118664063	563.130664063	22000.000	38000.000	0.2222
85	Spectrogram 1	1	563.118664063	563.130664063	22000.000	38000.000	0.2222
86	Waveform 1	1	563.791997396	563.795997396	22000.000	38000.000	0.3333
86	Spectrogram 1	1	563.791997396	563.795997396	22000.000	38000.000	0.3333
87	Waveform 1	1	564.317997396	564.319330729	22000.000	38000.000	1.0000
87	Spectrogram 1	1	564.317997396	564.319330729	22000.000	38000.000	1.0000
88	Waveform 1	1	564.721330729	564.723997396	22000.000	38000.000	0.7500
88	Spectrogram 1	1	564.721330729	564.723997396	22000.000	38000.000	0.7500
89	Waveform 1	1	587.309997396	587.321330729	22000.000	38000.000	0.1176
89	Spectrogram 1	1	587.309997396	587.321330729	22000.000	38000.000	0.1176
90	Waveform 1	1	587.983330729	587.995330729	22000.000	38000.000	0.1667
90	Spectrogram 1	1	587.983330729	587.995330729	22000.000	38000.000	0.1667
91	Waveform 1	1	588.769997396	588.782664063	22000.000	38000.000	0.1579
91	Spectrogram 1	1	588.769997396	588.782664063	22000.000	38000.000	0.1579
92	Waveform 1	1	604.014664063	604.019330729	22000.000	38000.000	0.4286
92	Spectrogram 1	1	604.014664063	604.019330729	22000.000	38000.000	0.4286
93	Waveform 1	1	605.140664063	605.151330729	22000.000	38000.000	0.1250
93	Spectrogram 1	1	605.140664063	605.151330729	22000.000	38000.000	0.1250
94	Waveform 1	1	605.733330729	605.741330729	22000.000	38000.000	0.2500
94	Spectrogram 1	1	605.733330729	605.741330729	22000.000	38000.000	0.2500
95	Waveform 1	1	605.975330729	605.982664063	22000.000	38000.000	0.2727
95	Spectrogram 1	1	605.975330729	605.982664063	22000.000	38000.000	0.2727
96	Waveform 1	1	606.208664063	606.243330729	22000.000	38000.000	0.1154
96	Spectrogram 1	1	606.208664063	606.243330729	22000.000	38000.000	0.1154
97	Waveform 1	1	606.459997396	606.471330729	22000.000	38000.000	0.1765
97	Spectrogram 1	1	606.459997396	606.471330729	22000.000	38000.000	0.1765
98	Waveform 1	1	606.817330729	606.851330729	22000.000	38000.000	0.2745
98	Spectrogram 1	1	606.817330729	606.851330729	22000.000	38000.000	0.2745
99	Waveform 1	1	607.075997396	607.088664063	22000.000	38000.000	0.2105
99	Spectrogram 1	1	607.075997396	607.088664063	22000.000	38000.000	0.2105
100	Waveform 1	1	607.318664063	607.355330729	22000.000	38000.000	0.3455
100	Spectrogram 1	1	607.318664063	607.355330729	22000.000	38000.000	0.3455
101	Waveform 1	1	607.576664063	607.593997396	22000.000	38000.000	0.1154
101	Spectrogram 1	1	607.576664063	607.593997396	22000.000	38000.000	0.1154
102	Waveform 1	1	607.935330729	607.977330729	22000.000	38000.000	0.1429
102	Spectrogram 1	1	607.935330729	607.977330729	22000.000	38000.000	0.1429
103	Waveform 1	1	608.061330729	608.087330729	22000.000	38000.000	0.2821
103	Spectrogram 1	1	608.061330729	608.087330729	22000.000	38000.000	0.2821
104	Waveform 1	1	608.217330729	608.219997396	22000.000	38000.000	0.5000
104	Spectrogram 1	1	608.217330729	608.219997396	22000.000	38000.000	0.5000
105	Waveform 1	1	608.441330729	608.476664063	22000.000	38000.000	0.3585
105	Spectrogram 1	1	608.441330729	608.476664063	22000.000	38000.000	0.3585
106	Waveform 1	1	608.933997396	608.945997396	22000.000	38000.000	0.5000
106	Spectrogram 1	1	608.933997396	608.945997396	22000.000	38000.000	0.5000
107	Waveform 1	1	609.545997396	609.569330729	22000.000	38000.000	0.2571
107	Spectrogram 1	1	609.545997396	609.569330729	22000.000	38000.000	0.2571
108	Waveform 1	1	610.058664063	610.076664063	22000.000	38000.000	0.2593
108	Spectrogram 1	1	610.058664063	610.076664063	22000.000	38000.000	0.2593
109	Waveform 1	1	612.489330729	612.514664063	22000.000	38000.000	0.1842
109	Spectrogram 1	1	612.489330729	612.514664063	22000.000	38000.000	0.1842
110	Waveform 1	1	613.093997396	613.119330729	22000.000	38000.000	0.2105
110	Spectrogram 1	1	613.093997396	613.119330729	22000.000	38000.000	0.2105
111	Waveform 1	1	613.333330729	613.345330729	22000.000	38000.000	0.1667
111	Spectrogram 1	1	613.333330729	613.345330729	22000.000	38000.000	0.1667
112	Waveform 1	1	614.353997396	614.359997396	22000.000	38000.000	0.3333
112	Spectrogram 1	1	614.353997396	614.359997396	22000.000	38000.000	0.3333
113	Waveform 1	1	620.571997396	620.579997396	22000.000	38000.000	0.3333
113	Spectrogram 1	1	620.571997396	620.579997396	22000.000	38000.000	0.3333
114	Waveform 1	1	621.427997396	621.432664063	22000.000	38000.000	0.5714
114	Spectrogram 1	1	621.427997396	621.432664063	22000.000	38000.000	0.5714
115	Waveform 1	1	623.013330729	623.016664063	22000.000	38000.000	0.4000
115	Spectrogram 1	1	623.013330729	623.016664063	22000.000	38000.000	0.4000
116	Waveform 1	1	623.491997396	623.494664063	22000.000	38000.000	0.5000
116	Spectrogram 1	1	623.491997396	623.494664063	22000.000	38000.000	0.5000
117	Waveform 1	1	623.601997396	623.603997396	22000.000	38000.000	1.0000
117	Spectrogram 1	1	623.601997396	623.603997396	22000.000	38000.000	1.0000
118	Waveform 1	1	624.726664063	624.733997396	22000.000	38000.000	0.7273
118	Spectrogram 1	1	624.726664063	624.733997396	22000.000	38000.000	0.7273
119	Waveform 1	1	625.037330729	625.044664063	22000.000	38000.000	0.4545
119	Spectrogram 1	1	625.037330729	625.044664063	22000.000	38000.000	0.4545
120	Waveform 1	1	625.346664063	625.354664063	22000.000	38000.000	0.1667
120	Spectrogram 1	1	625.346664063	625.354664063	22000.000	38000.000	0.1667
121	Waveform 1	1	625.567997396	625.585330729	22000.000	38000.000	0.3846
121	Spectrogram 1	1	625.567997396	625.585330729	22000.000	38000.000	0.3846
122	Waveform 1	1	625.913997396	625.938664063	22000.000	38000.000	0.3514
122	Spectrogram 1	1	625.913997396	625.938664063	22000.000	38000.000	0.3514
123	Waveform 1	1	626.109330729	626.117330729	22000.000	38000.000	0.5833
123	Spectrogram 1	1	626.109330729	626.117330729	22000.000	38000.000	0.5833
124	Waveform 1	1	626.343330729	626.349997396	22000.000	38000.000	0.2000
124	Spectrogram 1	1	626.343330729	626.349997396	22000.000	38000.000	0.2000
125	Waveform 1	1	626.589330729	626.603997396	22000.000	38000.000	0.4545
125	Spectrogram 1	1	626.589330729	626.603997396	22000.000	38000.000	0.4545
126	Waveform 1	1	626.824664063	626.837330729	22000.000	38000.000	0.2105
126	Spectrogram 1	1	626.824664063	626.837330729	22000.000	38000.000	0.2105
127	Waveform 1	1	627.065997396	627.088664063	22000.000	38000.000	0.5000
127	Spectrogram 1	1	627.065997396	627.088664063	22000.000	38000.000	0.5000
128	Waveform 1	1	627.206664063	627.213997396	22000.000	38000.000	0.7273
128	Spectrogram 1	1	627.206664063	627.213997396	22000.000	38000.000	0.7273
129	Waveform 1	1	627.345997396	627.367997396	22000.000	38000.000	0.3030
129	Spectrogram 1	1	627.345997396	627.367997396	22000.000	38000.000	0.3030
130	Waveform 1	1	627.496664063	627.512664062	22000.000	38000.000	0.2500
130	Spectrogram 1	1	627.496664063	627.512664062	22000.000	38000.000	0.2500
131	Waveform 1	1	627.723330729	627.749997396	22000.000	38000.000	0.5000
131	Spectrogram 1	1	627.723330729	627.749997396	22000.000	38000.000	0.5000
132	Waveform 1	1	627.952664063	627.965330729	22000.000	38000.000	0.4737
132	Spectrogram 1	1	627.952664063	627.965330729	22000.000	38000.000	0.4737
133	Waveform 1	1	628.195330729	628.222664063	22000.000	38000.000	0.2195
133	Spectrogram 1	1	628.195330729	628.222664063	22000.000	38000.000	0.2195
134	Waveform 1	1	628.687330729	628.714664063	22000.000	38000.000	0.2683
134	Spectrogram 1	1	628.687330729	628.714664063	22000.000	38000.000	0.2683
135	Waveform 1	1	628.930664062	628.937997396	22000.000	38000.000	0.3636
135	Spectrogram 1	1	628.930664062	628.937997396	22000.000	38000.000	0.3636
136	Waveform 1	1	629.049330729	629.099997396	22000.000	38000.000	0.0789
136	Spectrogram 1	1	629.049330729	629.099997396	22000.000	38000.000	0.0789
137	Waveform 1	1	629.167330729	629.173330729	22000.000	38000.000	0.3333
137	Spectrogram 1	1	629.167330729	629.173330729	22000.000	38000.000	0.3333
138	Waveform 1	1	629.295330729	629.297997396	22000.000	38000.000	1.0000
138	Spectrogram 1	1	629.295330729	629.297997396	22000.000	38000.000	1.0000
139	Waveform 1	1	629.541997396	629.554664063	22000.000	38000.000	0.3158
139	Spectrogram 1	1	629.541997396	629.554664063	22000.000	38000.000	0.3158
140	Waveform 1	1	629.783997396	629.795330729	22000.000	38000.000	0.7059
140	Spectrogram 1	1	629.783997396	629.795330729	22000.000	38000.000	0.7059
141	Waveform 1	1	630.147997396	630.177997396	22000.000	38000.000	0.4444
141	Spectrogram 1	1	630.147997396	630.177997396	22000.000	38000.000	0.4444
142	Waveform 1	1	630.865997396	630.885997396	22000.000	38000.000	0.2333
142	Spectrogram 1	1	630.865997396	630.885997396	22000.000	38000.000	0.2333
143	Waveform 1	1	631.673997396	631.698664063	22000.000	38000.000	0.1622
143	Spectrogram 1	1	631.673997396	631.698664063	22000.000	38000.000	0.1622
144	Waveform 1	1	632.275997396	632.295997396	22000.000	38000.000	0.1333
144	Spectrogram 1	1	632.275997396	632.295997396	22000.000	38000.000	0.1333
145	Waveform 1	1	632.747997396	632.777997396	22000.000	38000.000	0.1333
145	Spectrogram 1	1	632.747997396	632.777997396	22000.000	38000.000	0.1333
146	Waveform 1	1	636.042664063	636.051330729	22000.000	38000.000	0.1538
146	Spectrogram 1	1	636.042664063	636.051330729	22000.000	38000.000	0.1538
147	Waveform 1	1	638.879330729	638.892664063	22000.000	38000.000	0.5500
147	Spectrogram 1	1	638.879330729	638.892664063	22000.000	38000.000	0.5500
148	Waveform 1	1	641.722664063	641.728664063	22000.000	38000.000	0.3333
148	Spectrogram 1	1	641.722664063	641.728664063	22000.000	38000.000	0.3333
149	Waveform 1	1	643.028664063	643.037330729	22000.000	38000.000	0.3077
149	Spectrogram 1	1	643.028664063	643.037330729	22000.000	38000.000	0.3077
150	Waveform 1	1	643.840664063	643.854664063	22000.000	38000.000	0.2381
150	Spectrogram 1	1	643.840664063	643.854664063	22000.000	38000.000	0.2381
151	Waveform 1	1	644.461997396	644.484664063	22000.000	38000.000	0.2941
151	Spectrogram 1	1	644.461997396	644.484664063	22000.000	38000.000	0.2941
152	Waveform 1	1	644.878664063	644.881997396	22000.000	38000.000	0.4000
152	Spectrogram 1	1	644.878664063	644.881997396	22000.000	38000.000	0.4000
153	Waveform 1	1	645.097997396	645.115997396	22000.000	38000.000	0.5185
153	Spectrogram 1	1	645.097997396	645.115997396	22000.000	38000.000	0.5185
154	Waveform 1	1	645.815997396	645.823997396	22000.000	38000.000	0.3333
154	Spectrogram 1	1	645.815997396	645.823997396	22000.000	38000.000	0.3333
155	Waveform 1	1	646.332664063	646.353330729	22000.000	38000.000	0.1290
155	Spectrogram 1	1	646.332664063	646.353330729	22000.000	38000.000	0.1290
156	Waveform 1	1	646.971330729	646.986664063	22000.000	38000.000	0.1304
156	Spectrogram 1	1	646.971330729	646.986664063	22000.000	38000.000	0.1304
157	Waveform 1	1	647.476664063	647.483330729	22000.000	38000.000	0.5000
157	Spectrogram 1	1	647.476664063	647.483330729	22000.000	38000.000	0.5000
158	Waveform 1	1	650.249997396	650.251997396	22000.000	38000.000	0.6667
158	Spectrogram 1	1	650.249997396	650.251997396	22000.000	38000.000	0.6667
159	Waveform 1	1	653.193997396	653.204664063	22000.000	38000.000	0.2500
159	Spectrogram 1	1	653.193997396	653.204664063	22000.000	38000.000	0.2500
160	Waveform 1	1	655.776664063	655.783330729	22000.000	38000.000	0.4000
160	Spectrogram 1	1	655.776664063	655.783330729	22000.000	38000.000	0.4000
161	Waveform 1	1	663.864664063	663.873997396	22000.000	38000.000	0.3571
161	Spectrogram 1	1	663.864664063	663.873997396	22000.000	38000.000	0.3571
162	Waveform 1	1	664.301330729	664.309330729	22000.000	38000.000	0.2500
162	Spectrogram 1	1	664.301330729	664.309330729	22000.000	38000.000	0.2500
163	Waveform 1	1	664.639997396	664.650664063	22000.000	38000.000	0.5625
163	Spectrogram 1	1	664.639997396	664.650664063	22000.000	38000.000	0.5625
164	Waveform 1	1	665.086664063	665.098664063	22000.000	38000.000	0.3889
164	Spectrogram 1	1	665.086664063	665.098664063	22000.000	38000.000	0.3889
165	Waveform 1	1	665.322664063	665.324664063	22000.000	38000.000	1.0000
165	Spectrogram 1	1	665.322664063	665.324664063	22000.000	38000.000	1.0000
166	Waveform 1	1	665.550664063	665.565330729	22000.000	38000.000	0.2727
166	Spectrogram 1	1	665.550664063	665.565330729	22000.000	38000.000	0.2727
167	Waveform 1	1	665.909997396	665.924664063	22000.000	38000.000	0.3182
167	Spectrogram 1	1	665.909997396	665.924664063	22000.000	38000.000	0.3182
168	Waveform 1	1	666.143997396	666.158664063	22000.000	38000.000	0.0909
168	Spectrogram 1	1	666.143997396	666.158664063	22000.000	38000.000	0.0909
169	Waveform 1	1	666.513330729	666.523997396	22000.000	38000.000	0.3125
169	Spectrogram 1	1	666.513330729	666.523997396	22000.000	38000.000	0.3125
170	Waveform 1	1	666.731330729	666.760664063	22000.000	38000.000	0.3636
170	Spectrogram 1	1	666.731330729	666.760664063	22000.000	38000.000	0.3636
171	Waveform 1	1	668.365330729	668.377330729	22000.000	38000.000	0.7778
171	Spectrogram 1	1	668.365330729	668.377330729	22000.000	38000.000	0.7778
172	Waveform 1	1	669.368664063	669.371330729	22000.000	38000.000	1.0000
172	Spectrogram 1	1	669.368664063	669.371330729	22000.000	38000.000	1.0000
173	Waveform 1	1	672.031997396	672.040664063	22000.000	38000.000	0.3077
173	Spectrogram 1	1	672.031997396	672.040664063	22000.000	38000.000	0.3077
174	Waveform 1	1	673.081997396	673.095997396	22000.000	38000.000	0.2381
174	Spectrogram 1	1	673.081997396	673.095997396	22000.000	38000.000	0.2381
175	Waveform 1	1	673.601997396	673.609997396	22000.000	38000.000	0.4167
175	Spectrogram 1	1	673.601997396	673.609997396	22000.000	38000.000	0.4167
176	Waveform 1	1	674.269997396	674.275997396	22000.000	38000.000	0.4444
176	Spectrogram 1	1	674.269997396	674.275997396	22000.000	38000.000	0.4444
177	Waveform 1	1	674.417997396	674.420664063	22000.000	38000.000	0.5000
177	Spectrogram 1	1	674.417997396	674.420664063	22000.000	38000.000	0.5000
178	Waveform 1	1	682.853997396	682.863997396	22000.000	38000.000	0.1333
178	Spectrogram 1	1	682.853997396	682.863997396	22000.000	38000.000	0.1333
179	Waveform 1	1	760.055330729	760.056664063	22000.000	38000.000	1.0000
179	Spectrogram 1	1	760.055330729	760.056664063	22000.000	38000.000	1.0000
180	Waveform 1	1	765.685997396	765.688664063	22000.000	38000.000	0.5000
180	Spectrogram 1	1	765.685997396	765.688664063	22000.000	38000.000	0.5000
181	Waveform 1	1	805.043997396	805.059997396	22000.000	38000.000	0.3333
181	Spectrogram 1	1	805.043997396	805.059997396	22000.000	38000.000	0.3333
182	Waveform 1	1	814.906664062	814.915330729	22000.000	38000.000	0.5385
182	Spectrogram 1	1	814.906664062	814.915330729	22000.000	38000.000	0.5385
183	Waveform 1	1	815.431997396	815.443330729	22000.000	38000.000	0.5294
183	Spectrogram 1	1	815.431997396	815.443330729	22000.000	38000.000	0.5294
184	Waveform 1	1	816.097330729	816.105330729	22000.000	38000.000	0.5000
184	Spectrogram 1	1	816.097330729	816.105330729	22000.000	38000.000	0.5000
185	Waveform 1	1	816.891330729	816.897330729	22000.000	38000.000	0.4444
185	Spectrogram 1	1	816.891330729	816.897330729	22000.000	38000.000	0.4444
186	Waveform 1	1	817.701997396	817.709330729	22000.000	38000.000	0.5455
186	Spectrogram 1	1	817.701997396	817.709330729	22000.000	38000.000	0.5455
187	Waveform 1	1	818.617997396	818.619330729	22000.000	38000.000	1.0000
187	Spectrogram 1	1	818.617997396	818.619330729	22000.000	38000.000	1.0000
188	Waveform 1	1	820.342664063	820.357997396	22000.000	38000.000	0.3478
188	Spectrogram 1	1	820.342664063	820.357997396	22000.000	38000.000	0.3478
189	Waveform 1	1	821.801330729	821.810664062	22000.000	38000.000	0.5000
189	Spectrogram 1	1	821.801330729	821.810664062	22000.000	38000.000	0.5000
190	Waveform 1	1	821.947330729	821.948664063	22000.000	38000.000	1.0000
190	Spectrogram 1	1	821.947330729	821.948664063	22000.000	38000.000	1.0000
191	Waveform 1	1	822.947997396	822.977330729	22000.000	38000.000	0.1818
191	Spectrogram 1	1	822.947997396	822.977330729	22000.000	38000.000	0.1818
192	Waveform 1	1	823.088664063	823.097997396	22000.000	38000.000	0.2143
192	Spectrogram 1	1	823.088664063	823.097997396	22000.000	38000.000	0.2143
193	Waveform 1	1	823.369330729	823.388664063	22000.000	38000.000	0.2414
193	Spectrogram 1	1	823.369330729	823.388664063	22000.000	38000.000	0.2414
194	Waveform 1	1	825.154664063	825.167997396	22000.000	38000.000	0.5000
194	Spectrogram 1	1	825.154664063	825.167997396	22000.000	38000.000	0.5000
195	Waveform 1	1	825.315330729	825.345997396	22000.000	38000.000	0.1522
195	Spectrogram 1	1	825.315330729	825.345997396	22000.000	38000.000	0.1522
196	Waveform 1	1	825.753997396	825.778664063	22000.000	38000.000	0.3514
196	Spectrogram 1	1	825.753997396	825.778664063	22000.000	38000.000	0.3514
197	Waveform 1	1	825.924664063	825.933997396	22000.000	38000.000	0.2143
197	Spectrogram 1	1	825.924664063	825.933997396	22000.000	38000.000	0.2143
198	Waveform 1	1	826.368664063	826.384664063	22000.000	38000.000	0.2500
198	Spectrogram 1	1	826.368664063	826.384664063	22000.000	38000.000	0.2500
199	Waveform 1	1	827.203997396	827.205330729	22000.000	38000.000	1.0000
199	Spectrogram 1	1	827.203997396	827.205330729	22000.000	38000.000	1.0000
200	Waveform 1	1	827.906664062	827.907997396	22000.000	38000.000	1.0000
200	Spectrogram 1	1	827.906664062	827.907997396	22000.000	38000.000	1.0000
201	Waveform 1	1	829.496664063	829.506664063	22000.000	38000.000	0.2000
201	Spectrogram 1	1	829.496664063	829.506664063	22000.000	38000.000	0.2000
202	Waveform 1	1	829.789330729	829.802664063	22000.000	38000.000	0.4500
202	Spectrogram 1	1	829.789330729	829.802664063	22000.000	38000.000	0.4500
203	Waveform 1	1	830.388664063	830.406664062	22000.000	38000.000	0.5556
203	Spectrogram 1	1	830.388664063	830.406664062	22000.000	38000.000	0.5556
204	Waveform 1	1	832.317330729	832.318664063	22000.000	38000.000	1.0000
204	Spectrogram 1	1	832.317330729	832.318664063	22000.000	38000.000	1.0000
205	Waveform 1	1	833.773330729	833.785330729	22000.000	38000.000	0.2222
205	Spectrogram 1	1	833.773330729	833.785330729	22000.000	38000.000	0.2222
206	Waveform 1	1	852.355330729	852.367997396	22000.000	38000.000	0.2105
206	Spectrogram 1	1	852.355330729	852.367997396	22000.000	38000.000	0.2105
207	Waveform 1	1	853.369997396	853.372664063	22000.000	38000.000	0.5000
207	Spectrogram 1	1	853.369997396	853.372664063	22000.000	38000.000	0.5000
208	Waveform 1	1	854.039330729	854.045330729	22000.000	38000.000	0.3333
208	Spectrogram 1	1	854.039330729	854.045330729	22000.000	38000.000	0.3333
209	Waveform 1	1	874.487330729	874.492664063	22000.000	38000.000	0.2500
209	Spectrogram 1	1	874.487330729	874.492664063	22000.000	38000.000	0.2500
210	Waveform 1	1	890.897330729	890.912664063	22000.000	38000.000	0.1304
210	Spectrogram 1	1	890.897330729	890.912664063	22000.000	38000.000	0.1304
211	Waveform 1	1	891.461330729	891.475997396	22000.000	38000.000	0.4545
211	Spectrogram 1	1	891.461330729	891.475997396	22000.000	38000.000	0.4545
212	Waveform 1	1	892.146664063	892.167330729	22000.000	38000.000	0.1613
212	Spectrogram 1	1	892.146664063	892.167330729	22000.000	38000.000	0.1613
213	Waveform 1	1	892.430664062	892.439330729	22000.000	38000.000	0.3846
213	Spectrogram 1	1	892.430664062	892.439330729	22000.000	38000.000	0.3846
214	Waveform 1	1	892.863997396	892.897330729	22000.000	38000.000	0.3200
214	Spectrogram 1	1	892.863997396	892.897330729	22000.000	38000.000	0.3200
215	Waveform 1	1	893.002664063	893.017997396	22000.000	38000.000	0.3043
215	Spectrogram 1	1	893.002664063	893.017997396	22000.000	38000.000	0.3043
216	Waveform 1	1	893.158664063	893.168664063	22000.000	38000.000	0.6000
216	Spectrogram 1	1	893.158664063	893.168664063	22000.000	38000.000	0.6000
217	Waveform 1	1	893.299997396	893.315330729	22000.000	38000.000	0.3043
217	Spectrogram 1	1	893.299997396	893.315330729	22000.000	38000.000	0.3043
218	Waveform 1	1	893.457330729	893.464664063	22000.000	38000.000	0.5455
218	Spectrogram 1	1	893.457330729	893.464664063	22000.000	38000.000	0.5455
219	Waveform 1	1	893.590664063	893.597330729	22000.000	38000.000	0.5000
219	Spectrogram 1	1	893.590664063	893.597330729	22000.000	38000.000	0.5000
220	Waveform 1	1	893.702664063	893.739997396	22000.000	38000.000	0.1071
220	Spectrogram 1	1	893.702664063	893.739997396	22000.000	38000.000	0.1071
221	Waveform 1	1	893.957997396	893.961330729	22000.000	38000.000	0.8000
221	Spectrogram 1	1	893.957997396	893.961330729	22000.000	38000.000	0.8000
222	Waveform 1	1	894.384664063	894.398664063	22000.000	38000.000	0.1429
222	Spectrogram 1	1	894.384664063	894.398664063	22000.000	38000.000	0.1429
223	Waveform 1	1	894.550664063	894.551997396	22000.000	38000.000	1.0000
223	Spectrogram 1	1	894.550664063	894.551997396	22000.000	38000.000	1.0000
224	Waveform 1	1	894.771330729	894.783330729	22000.000	38000.000	0.3333
224	Spectrogram 1	1	894.771330729	894.783330729	22000.000	38000.000	0.3333
225	Waveform 1	1	894.887330729	894.911997396	22000.000	38000.000	0.1081
225	Spectrogram 1	1	894.887330729	894.911997396	22000.000	38000.000	0.1081
226	Waveform 1	1	895.068664063	895.093330729	22000.000	38000.000	0.5676
226	Spectrogram 1	1	895.068664063	895.093330729	22000.000	38000.000	0.5676
227	Waveform 1	1	895.224664063	895.233997396	22000.000	38000.000	0.1429
227	Spectrogram 1	1	895.224664063	895.233997396	22000.000	38000.000	0.1429
228	Waveform 1	1	895.506664063	895.536664062	22000.000	38000.000	0.1556
228	Spectrogram 1	1	895.506664063	895.536664062	22000.000	38000.000	0.1556
229	Waveform 1	1	895.957997396	895.984664063	22000.000	38000.000	0.3500
229	Spectrogram 1	1	895.957997396	895.984664063	22000.000	38000.000	0.3500
230	Waveform 1	1	896.107330729	896.133997396	22000.000	38000.000	0.1750
230	Spectrogram 1	1	896.107330729	896.133997396	22000.000	38000.000	0.1750
231	Waveform 1	1	896.420664063	896.453997396	22000.000	38000.000	0.2400
231	Spectrogram 1	1	896.420664063	896.453997396	22000.000	38000.000	0.2400
232	Waveform 1	1	897.473997396	897.493997396	22000.000	38000.000	0.2667
232	Spectrogram 1	1	897.473997396	897.493997396	22000.000	38000.000	0.2667
233	Waveform 1	1	898.813330729	898.831997396	22000.000	38000.000	0.5000
233	Spectrogram 1	1	898.813330729	898.831997396	22000.000	38000.000	0.5000
234	Waveform 1	1	899.683330729	899.707997396	22000.000	38000.000	0.2973
234	Spectrogram 1	1	899.683330729	899.707997396	22000.000	38000.000	0.2973
235	Waveform 1	1	899.829330729	899.905997396	22000.000	38000.000	0.1043
235	Spectrogram 1	1	899.829330729	899.905997396	22000.000	38000.000	0.1043
236	Waveform 1	1	899.975330729	900.009330729	22000.000	38000.000	0.2549
236	Spectrogram 1	1	899.975330729	900.009330729	22000.000	38000.000	0.2549
237	Waveform 1	1	900.151997396	900.153330729	22000.000	38000.000	1.0000
237	Spectrogram 1	1	900.151997396	900.153330729	22000.000	38000.000	1.0000
238	Waveform 1	1	900.424664063	900.461330729	22000.000	38000.000	0.2182
238	Spectrogram 1	1	900.424664063	900.461330729	22000.000	38000.000	0.2182
239	Waveform 1	1	900.970664063	900.999997396	22000.000	38000.000	0.2045
239	Spectrogram 1	1	900.970664063	900.999997396	22000.000	38000.000	0.2045
240	Waveform 1	1	901.677330729	901.678664063	22000.000	38000.000	1.0000
240	Spectrogram 1	1	901.677330729	901.678664063	22000.000	38000.000	1.0000
241	Waveform 1	1	901.930664062	901.933997396	22000.000	38000.000	0.8000
241	Spectrogram 1	1	901.930664062	901.933997396	22000.000	38000.000	0.8000
242	Waveform 1	1	902.535997396	902.537330729	22000.000	38000.000	1.0000
242	Spectrogram 1	1	902.535997396	902.537330729	22000.000	38000.000	1.0000
243	Waveform 1	1	920.161997396	920.176664063	22000.000	38000.000	0.1364
243	Spectrogram 1	1	920.161997396	920.176664063	22000.000	38000.000	0.1364
244	Waveform 1	1	932.743330729	932.746664063	22000.000	38000.000	0.4000
244	Spectrogram 1	1	932.743330729	932.746664063	22000.000	38000.000	0.4000
245	Waveform 1	1	936.594664063	936.607330729	22000.000	38000.000	0.2105
245	Spectrogram 1	1	936.594664063	936.607330729	22000.000	38000.000	0.2105
246	Waveform 1	1	937.406664062	937.419330729	22000.000	38000.000	0.1053
246	Spectrogram 1	1	937.406664062	937.419330729	22000.000	38000.000	0.1053
247	Waveform 1	1	937.586664063	937.592664063	22000.000	38000.000	0.3333
247	Spectrogram 1	1	937.586664063	937.592664063	22000.000	38000.000	0.3333
248	Waveform 1	1	938.005330729	938.011997396	22000.000	38000.000	0.2000
248	Spectrogram 1	1	938.005330729	938.011997396	22000.000	38000.000	0.2000
249	Waveform 1	1	938.229330729	938.245997396	22000.000	38000.000	0.6000
249	Spectrogram 1	1	938.229330729	938.245997396	22000.000	38000.000	0.6000
250	Waveform 1	1	938.919330729	938.955997396	22000.000	38000.000	0.2000
250	Spectrogram 1	1	938.919330729	938.955997396	22000.000	38000.000	0.2000
251	Waveform 1	1	939.483997396	939.502664063	22000.000	38000.000	0.2500
251	Spectrogram 1	1	939.483997396	939.502664063	22000.000	38000.000	0.2500
252	Waveform 1	1	940.009330729	940.035330729	22000.000	38000.000	0.3077
252	Spectrogram 1	1	940.009330729	940.035330729	22000.000	38000.000	0.3077
253	Waveform 1	1	940.422664063	940.439330729	22000.000	38000.000	0.3600
253	Spectrogram 1	1	940.422664063	940.439330729	22000.000	38000.000	0.3600
254	Waveform 1	1	940.946664063	940.980664063	22000.000	38000.000	0.2745
254	Spectrogram 1	1	940.946664063	940.980664063	22000.000	38000.000	0.2745
255	Waveform 1	1	941.493997396	941.517330729	22000.000	38000.000	0.3429
255	Spectrogram 1	1	941.493997396	941.517330729	22000.000	38000.000	0.3429
256	Waveform 1	1	942.479997396	942.500664063	22000.000	38000.000	0.1613
256	Spectrogram 1	1	942.479997396	942.500664063	22000.000	38000.000	0.1613
257	Waveform 1	1	949.539997396	949.541330729	22000.000	38000.000	1.0000
257	Spectrogram 1	1	949.539997396	949.541330729	22000.000	38000.000	1.0000
258	Waveform 1	1	949.791330729	949.808664063	22000.000	38000.000	0.4615
258	Spectrogram 1	1	949.791330729	949.808664063	22000.000	38000.000	0.4615
259	Waveform 1	1	950.431330729	950.433330729	22000.000	38000.000	0.6667
259	Spectrogram 1	1	950.431330729	950.433330729	22000.000	38000.000	0.6667
260	Waveform 1	1	950.724664063	950.731997396	22000.000	38000.000	0.4545
260	Spectrogram 1	1	950.724664063	950.731997396	22000.000	38000.000	0.4545
261	Waveform 1	1	951.018664063	951.031997396	22000.000	38000.000	0.5000
261	Spectrogram 1	1	951.018664063	951.031997396	22000.000	38000.000	0.5000
262	Waveform 1	1	951.465997396	951.503330729	22000.000	38000.000	0.2321
262	Spectrogram 1	1	951.465997396	951.503330729	22000.000	38000.000	0.2321
263	Waveform 1	1	951.632664062	951.655997396	22000.000	38000.000	0.3429
263	Spectrogram 1	1	951.632664062	951.655997396	22000.000	38000.000	0.3429
264	Waveform 1	1	951.835997396	951.839330729	22000.000	38000.000	0.6000
264	Spectrogram 1	1	951.835997396	951.839330729	22000.000	38000.000	0.6000
265	Waveform 1	1	952.120664063	952.152664063	22000.000	38000.000	0.1250
265	Spectrogram 1	1	952.120664063	952.152664063	22000.000	38000.000	0.1250
266	Waveform 1	1	952.301997396	952.312664063	22000.000	38000.000	0.4375
266	Spectrogram 1	1	952.301997396	952.312664063	22000.000	38000.000	0.4375
267	Waveform 1	1	953.474664063	953.476664063	22000.000	38000.000	1.0000
267	Spectrogram 1	1	953.474664063	953.476664063	22000.000	38000.000	1.0000
268	Waveform 1	1	953.631330729	953.639330729	22000.000	38000.000	0.3333
268	Spectrogram 1	1	953.631330729	953.639330729	22000.000	38000.000	0.3333
269	Waveform 1	1	954.563997396	954.579997396	22000.000	38000.000	0.2083
269	Spectrogram 1	1	954.563997396	954.579997396	22000.000	38000.000	0.2083
270	Waveform 1	1	954.747997396	954.766664063	22000.000	38000.000	0.3214
270	Spectrogram 1	1	954.747997396	954.766664063	22000.000	38000.000	0.3214
271	Waveform 1	1	955.032664063	955.053997396	22000.000	38000.000	0.1250
271	Spectrogram 1	1	955.032664063	955.053997396	22000.000	38000.000	0.1250
272	Waveform 1	1	955.209997396	955.235330729	22000.000	38000.000	0.2105
272	Spectrogram 1	1	955.209997396	955.235330729	22000.000	38000.000	0.2105
273	Waveform 1	1	955.509330729	955.541997396	22000.000	38000.000	0.2857
273	Spectrogram 1	1	955.509330729	955.541997396	22000.000	38000.000	0.2857
274	Waveform 1	1	955.793997396	955.817330729	22000.000	38000.000	0.2000
274	Spectrogram 1	1	955.793997396	955.817330729	22000.000	38000.000	0.2000
275	Waveform 1	1	956.058664063	956.063330729	22000.000	38000.000	0.2857
275	Spectrogram 1	1	956.058664063	956.063330729	22000.000	38000.000	0.2857
276	Waveform 1	1	956.335997396	956.375997396	22000.000	38000.000	0.4167
276	Spectrogram 1	1	956.335997396	956.375997396	22000.000	38000.000	0.4167
277	Waveform 1	1	956.615330729	956.646664063	22000.000	38000.000	0.1702
277	Spectrogram 1	1	956.615330729	956.646664063	22000.000	38000.000	0.1702
278	Waveform 1	1	958.763997396	958.778664063	22000.000	38000.000	0.2727
278	Spectrogram 1	1	958.763997396	958.778664063	22000.000	38000.000	0.2727
279	Waveform 1	1	958.993997396	959.000664063	22000.000	38000.000	0.3000
279	Spectrogram 1	1	958.993997396	959.000664063	22000.000	38000.000	0.3000
280	Waveform 1	1	959.382664062	959.400664063	22000.000	38000.000	0.1852
280	Spectrogram 1	1	959.382664062	959.400664063	22000.000	38000.000	0.1852
281	Waveform 1	1	959.654664063	959.666664063	22000.000	38000.000	0.2778
281	Spectrogram 1	1	959.654664063	959.666664063	22000.000	38000.000	0.2778
282	Waveform 1	1	959.919330729	959.933997396	22000.000	38000.000	0.2727
282	Spectrogram 1	1	959.919330729	959.933997396	22000.000	38000.000	0.2727
283	Waveform 1	1	960.211330729	960.235330729	22000.000	38000.000	0.2222
283	Spectrogram 1	1	960.211330729	960.235330729	22000.000	38000.000	0.2222
284	Waveform 1	1	962.283330729	962.288664063	22000.000	38000.000	0.2500
284	Spectrogram 1	1	962.283330729	962.288664063	22000.000	38000.000	0.2500
285	Waveform 1	1	968.133330729	968.151997396	22000.000	38000.000	0.0714
285	Spectrogram 1	1	968.133330729	968.151997396	22000.000	38000.000	0.0714
286	Waveform 1	1	975.423997396	975.432664063	22000.000	38000.000	0.3077
286	Spectrogram 1	1	975.423997396	975.432664063	22000.000	38000.000	0.3077
287	Waveform 1	1	976.073997396	976.084664062	22000.000	38000.000	0.2500
287	Spectrogram 1	1	976.073997396	976.084664062	22000.000	38000.000	0.2500
288	Waveform 1	1	1018.948664063	1018.950664063	22000.000	38000.000	1.0000
288	Spectrogram 1	1	1018.948664063	1018.950664063	22000.000	38000.000	1.0000
289	Waveform 1	1	1019.470664063	1019.478664063	22000.000	38000.000	0.3333
289	Spectrogram 1	1	1019.470664063	1019.478664063	22000.000	38000.000	0.3333
290	Waveform 1	1	1020.137330729	1020.151330729	22000.000	38000.000	0.1429
290	Spectrogram 1	1	1020.137330729	1020.151330729	22000.000	38000.000	0.1429
291	Waveform 1	1	1020.801330729	1020.811997396	22000.000	38000.000	0.5000
291	Spectrogram 1	1	1020.801330729	1020.811997396	22000.000	38000.000	0.5000
292	Waveform 1	1	1021.329330729	1021.343997396	22000.000	38000.000	0.3636
292	Spectrogram 1	1	1021.329330729	1021.343997396	22000.000	38000.000	0.3636
293	Waveform 1	1	1022.005330729	1022.006664063	22000.000	38000.000	1.0000
293	Spectrogram 1	1	1022.005330729	1022.006664063	22000.000	38000.000	1.0000
294	Waveform 1	1	1022.233330729	1022.237330729	22000.000	38000.000	0.5000
294	Spectrogram 1	1	1022.233330729	1022.237330729	22000.000	38000.000	0.5000
295	Waveform 1	1	1022.732664063	1022.755997396	22000.000	38000.000	0.4857
295	Spectrogram 1	1	1022.732664063	1022.755997396	22000.000	38000.000	0.4857
296	Waveform 1	1	1024.309997396	1024.329330729	22000.000	38000.000	0.3103
296	Spectrogram 1	1	1024.309997396	1024.329330729	22000.000	38000.000	0.3103
297	Waveform 1	1	1025.002664062	1025.003997396	22000.000	38000.000	1.0000
297	Spectrogram 1	1	1025.002664062	1025.003997396	22000.000	38000.000	1.0000
298	Waveform 1	1	1046.050664062	1046.072664062	22000.000	38000.000	0.0909
298	Spectrogram 1	1	1046.050664062	1046.072664062	22000.000	38000.000	0.0909
299	Waveform 1	1	1048.599330729	1048.600664062	22000.000	38000.000	1.0000
299	Spectrogram 1	1	1048.599330729	1048.600664062	22000.000	38000.000	1.0000
300	Waveform 1	1	1049.096664062	1049.101997396	22000.000	38000.000	0.2500
300	Spectrogram 1	1	1049.096664062	1049.101997396	22000.000	38000.000	0.2500
301	Waveform 1	1	1049.718664063	1049.721997396	22000.000	38000.000	0.4000
301	Spectrogram 1	1	1049.718664063	1049.721997396	22000.000	38000.000	0.4000
302	Waveform 1	1	1049.970664062	1049.981997396	22000.000	38000.000	0.1765
302	Spectrogram 1	1	1049.970664062	1049.981997396	22000.000	38000.000	0.1765
303	Waveform 1	1	1050.993997396	1050.997997396	22000.000	38000.000	0.6667
303	Spectrogram 1	1	1050.993997396	1050.997997396	22000.000	38000.000	0.6667
304	Waveform 1	1	1051.151997396	1051.153330729	22000.000	38000.000	1.0000
304	Spectrogram 1	1	1051.151997396	1051.153330729	22000.000	38000.000	1.0000
305	Waveform 1	1	1054.951330729	1054.959997396	22000.000	38000.000	0.3077
305	Spectrogram 1	1	1054.951330729	1054.959997396	22000.000	38000.000	0.3077
306	Waveform 1	1	1066.609997396	1066.613330729	22000.000	38000.000	0.4000
306	Spectrogram 1	1	1066.609997396	1066.613330729	22000.000	38000.000	0.4000
307	Waveform 1	1	1066.751997396	1066.757330729	22000.000	38000.000	0.2500
307	Spectrogram 1	1	1066.751997396	1066.757330729	22000.000	38000.000	0.2500
308	Waveform 1	1	1068.395997396	1068.397330729	22000.000	38000.000	1.0000
308	Spectrogram 1	1	1068.395997396	1068.397330729	22000.000	38000.000	1.0000
309	Waveform 1	1	1075.799997396	1075.812664062	22000.000	38000.000	0.3158
309	Spectrogram 1	1	1075.799997396	1075.812664062	22000.000	38000.000	0.3158
310	Waveform 1	1	1076.318664062	1076.319997396	22000.000	38000.000	1.0000
310	Spectrogram 1	1	1076.318664062	1076.319997396	22000.000	38000.000	1.0000
311	Waveform 1	1	1076.817997396	1076.820664062	22000.000	38000.000	0.7500
311	Spectrogram 1	1	1076.817997396	1076.820664062	22000.000	38000.000	0.7500
312	Waveform 1	1	1077.709330729	1077.711997396	22000.000	38000.000	0.5000
312	Spectrogram 1	1	1077.709330729	1077.711997396	22000.000	38000.000	0.5000
313	Waveform 1	1	1078.374664062	1078.377997396	22000.000	38000.000	0.6000
313	Spectrogram 1	1	1078.374664062	1078.377997396	22000.000	38000.000	0.6000
314	Waveform 1	1	1080.603997396	1080.610664062	22000.000	38000.000	0.2000
314	Spectrogram 1	1	1080.603997396	1080.610664062	22000.000	38000.000	0.2000
315	Waveform 1	1	1081.339997396	1081.347997396	22000.000	38000.000	0.1667
315	Spectrogram 1	1	1081.339997396	1081.347997396	22000.000	38000.000	0.1667
316	Waveform 1	1	1081.748664062	1081.757330729	22000.000	38000.000	0.3077
316	Spectrogram 1	1	1081.748664062	1081.757330729	22000.000	38000.000	0.3077
317	Waveform 1	1	1082.347330729	1082.352664063	22000.000	38000.000	0.8750
317	Spectrogram 1	1	1082.347330729	1082.352664063	22000.000	38000.000	0.8750
318	Waveform 1	1	1082.587330729	1082.593330729	22000.000	38000.000	0.4444
318	Spectrogram 1	1	1082.587330729	1082.593330729	22000.000	38000.000	0.4444
319	Waveform 1	1	1083.581997396	1083.589997396	22000.000	38000.000	0.6667
319	Spectrogram 1	1	1083.581997396	1083.589997396	22000.000	38000.000	0.6667
320	Waveform 1	1	1084.077997396	1084.087997396	22000.000	38000.000	0.2667
320	Spectrogram 1	1	1084.077997396	1084.087997396	22000.000	38000.000	0.2667
321	Waveform 1	1	1084.457997396	1084.460664062	22000.000	38000.000	0.5000
321	Spectrogram 1	1	1084.457997396	1084.460664062	22000.000	38000.000	0.5000
322	Waveform 1	1	1084.683997396	1084.693330729	22000.000	38000.000	0.5000
322	Spectrogram 1	1	1084.683997396	1084.693330729	22000.000	38000.000	0.5000
323	Waveform 1	1	1084.827997396	1084.845330729	22000.000	38000.000	0.4615
323	Spectrogram 1	1	1084.827997396	1084.845330729	22000.000	38000.000	0.4615
324	Waveform 1	1	1085.221330729	1085.227330729	22000.000	38000.000	0.7778
324	Spectrogram 1	1	1085.221330729	1085.227330729	22000.000	38000.000	0.7778
325	Waveform 1	1	1085.457330729	1085.496664063	22000.000	38000.000	0.2881
325	Spectrogram 1	1	1085.457330729	1085.496664063	22000.000	38000.000	0.2881
326	Waveform 1	1	1086.087997396	1086.093997396	22000.000	38000.000	0.4444
326	Spectrogram 1	1	1086.087997396	1086.093997396	22000.000	38000.000	0.4444
327	Waveform 1	1	1087.477330729	1087.485330729	22000.000	38000.000	0.3333
327	Spectrogram 1	1	1087.477330729	1087.485330729	22000.000	38000.000	0.3333
328	Waveform 1	1	1088.224664062	1088.235997396	22000.000	38000.000	0.2353
328	Spectrogram 1	1	1088.224664062	1088.235997396	22000.000	38000.000	0.2353
329	Waveform 1	1	1098.935997396	1098.944664062	22000.000	38000.000	0.2308
329	Spectrogram 1	1	1098.935997396	1098.944664062	22000.000	38000.000	0.2308
330	Waveform 1	1	1100.160664063	1100.176664062	22000.000	38000.000	0.0833
330	Spectrogram 1	1	1100.160664063	1100.176664062	22000.000	38000.000	0.0833
331	Waveform 1	1	1101.361330729	1101.379330729	22000.000	38000.000	0.2222
331	Spectrogram 1	1	1101.361330729	1101.379330729	22000.000	38000.000	0.2222
332	Waveform 1	1	1101.895330729	1101.917330729	22000.000	38000.000	0.0909
332	Spectrogram 1	1	1101.895330729	1101.917330729	22000.000	38000.000	0.0909
333	Waveform 1	1	1102.407330729	1102.426664062	22000.000	38000.000	0.3448
333	Spectrogram 1	1	1102.407330729	1102.426664062	22000.000	38000.000	0.3448
334	Waveform 1	1	1103.179997396	1103.207997396	22000.000	38000.000	0.2619
334	Spectrogram 1	1	1103.179997396	1103.207997396	22000.000	38000.000	0.2619
335	Waveform 1	1	1103.856664062	1103.875330729	22000.000	38000.000	0.2143
335	Spectrogram 1	1	1103.856664062	1103.875330729	22000.000	38000.000	0.2143
336	Waveform 1	1	1105.183997396	1105.188664063	22000.000	38000.000	0.4286
336	Spectrogram 1	1	1105.183997396	1105.188664063	22000.000	38000.000	0.4286
337	Waveform 1	1	1119.890664063	1119.892664062	22000.000	38000.000	0.6667
337	Spectrogram 1	1	1119.890664063	1119.892664062	22000.000	38000.000	0.6667
338	Waveform 1	1	1123.467997396	1123.481330729	22000.000	38000.000	0.1000
338	Spectrogram 1	1	1123.467997396	1123.481330729	22000.000	38000.000	0.1000
339	Waveform 1	1	1131.319330729	1131.325997396	22000.000	38000.000	0.2000
339	Spectrogram 1	1	1131.319330729	1131.325997396	22000.000	38000.000	0.2000
340	Waveform 1	1	1132.121997396	1132.126664062	22000.000	38000.000	0.4286
340	Spectrogram 1	1	1132.121997396	1132.126664062	22000.000	38000.000	0.4286
341	Waveform 1	1	1132.521330729	1132.535997396	22000.000	38000.000	0.1818
341	Spectrogram 1	1	1132.521330729	1132.535997396	22000.000	38000.000	0.1818
342	Waveform 1	1	1132.947330729	1132.962664062	22000.000	38000.000	0.2174
342	Spectrogram 1	1	1132.947330729	1132.962664062	22000.000	38000.000	0.2174
343	Waveform 1	1	1133.763330729	1133.790664062	22000.000	38000.000	0.3659
343	Spectrogram 1	1	1133.763330729	1133.790664062	22000.000	38000.000	0.3659
344	Waveform 1	1	1134.432664062	1134.453997396	22000.000	38000.000	0.3125
344	Spectrogram 1	1	1134.432664062	1134.453997396	22000.000	38000.000	0.3125
345	Waveform 1	1	1134.957330729	1134.981330729	22000.000	38000.000	0.3889
345	Spectrogram 1	1	1134.957330729	1134.981330729	22000.000	38000.000	0.3889
346	Waveform 1	1	1135.378664062	1135.385330729	22000.000	38000.000	0.4000
346	Spectrogram 1	1	1135.378664062	1135.385330729	22000.000	38000.000	0.4000
347	Waveform 1	1	1135.522664062	1135.524664062	22000.000	38000.000	0.6667
347	Spectrogram 1	1	1135.522664062	1135.524664062	22000.000	38000.000	0.6667
348	Waveform 1	1	1135.809997396	1135.819997396	22000.000	38000.000	0.4667
348	Spectrogram 1	1	1135.809997396	1135.819997396	22000.000	38000.000	0.4667
349	Waveform 1	1	1139.253997396	1139.259997396	22000.000	38000.000	0.5556
349	Spectrogram 1	1	1139.253997396	1139.259997396	22000.000	38000.000	0.5556
350	Waveform 1	1	1139.353997396	1139.357997396	22000.000	38000.000	0.3333
350	Spectrogram 1	1	1139.353997396	1139.357997396	22000.000	38000.000	0.3333
351	Waveform 1	1	1139.451997396	1139.455330729	22000.000	38000.000	0.6000
351	Spectrogram 1	1	1139.451997396	1139.455330729	22000.000	38000.000	0.6000
352	Waveform 1	1	1139.563330729	1139.571997396	22000.000	38000.000	0.3846
352	Spectrogram 1	1	1139.563330729	1139.571997396	22000.000	38000.000	0.3846
353	Waveform 1	1	1140.516664063	1140.523330729	22000.000	38000.000	0.4000
353	Spectrogram 1	1	1140.516664063	1140.523330729	22000.000	38000.000	0.4000
354	Waveform 1	1	1140.913330729	1140.924664062	22000.000	38000.000	0.2941
354	Spectrogram 1	1	1140.913330729	1140.924664062	22000.000	38000.000	0.2941
355	Waveform 1	1	1141.345997396	1141.351997396	22000.000	38000.000	0.3333
355	Spectrogram 1	1	1141.345997396	1141.351997396	22000.000	38000.000	0.3333
356	Waveform 1	1	1146.037330729	1146.061330729	22000.000	38000.000	0.1111
356	Spectrogram 1	1	1146.037330729	1146.061330729	22000.000	38000.000	0.1111
357	Waveform 1	1	1146.570664062	1146.579330729	22000.000	38000.000	0.2308
357	Spectrogram 1	1	1146.570664062	1146.579330729	22000.000	38000.000	0.2308
358	Waveform 1	1	1147.745997396	1147.758664062	22000.000	38000.000	0.1053
358	Spectrogram 1	1	1147.745997396	1147.758664062	22000.000	38000.000	0.1053
359	Waveform 1	1	1149.457997396	1149.463330729	22000.000	38000.000	0.2500
359	Spectrogram 1	1	1149.457997396	1149.463330729	22000.000	38000.000	0.2500
360	Waveform 1	1	1168.932664062	1168.934664062	22000.000	38000.000	1.0000
360	Spectrogram 1	1	1168.932664062	1168.934664062	22000.000	38000.000	1.0000
361	Waveform 1	1	1169.233997396	1169.235997396	22000.000	38000.000	1.0000
361	Spectrogram 1	1	1169.233997396	1169.235997396	22000.000	38000.000	1.0000
362	Waveform 1	1	1169.777330729	1169.790664062	22000.000	38000.000	0.4000
362	Spectrogram 1	1	1169.777330729	1169.790664062	22000.000	38000.000	0.4000
363	Waveform 1	1	1170.430664062	1170.447330729	22000.000	38000.000	0.3600
363	Spectrogram 1	1	1170.430664062	1170.447330729	22000.000	38000.000	0.3600
364	Waveform 1	1	1170.957997396	1170.984664062	22000.000	38000.000	0.2500
364	Spectrogram 1	1	1170.957997396	1170.984664062	22000.000	38000.000	0.2500
365	Waveform 1	1	1171.521330729	1171.526664063	22000.000	38000.000	0.2500
365	Spectrogram 1	1	1171.521330729	1171.526664063	22000.000	38000.000	0.2500
366	Waveform 1	1	1171.664664062	1171.670664063	22000.000	38000.000	0.3333
366	Spectrogram 1	1	1171.664664062	1171.670664063	22000.000	38000.000	0.3333
367	Waveform 1	1	1171.927330729	1171.936664062	22000.000	38000.000	0.5714
367	Spectrogram 1	1	1171.927330729	1171.936664062	22000.000	38000.000	0.5714
368	Waveform 1	1	1172.193997396	1172.221330729	22000.000	38000.000	0.1220
368	Spectrogram 1	1	1172.193997396	1172.221330729	22000.000	38000.000	0.1220
369	Waveform 1	1	1172.460664062	1172.473997396	22000.000	38000.000	0.1000
369	Spectrogram 1	1	1172.460664062	1172.473997396	22000.000	38000.000	0.1000
370	Waveform 1	1	1172.725330729	1172.755330729	22000.000	38000.000	0.2222
370	Spectrogram 1	1	1172.725330729	1172.755330729	22000.000	38000.000	0.2222
371	Waveform 1	1	1173.243330729	1173.271997396	22000.000	38000.000	0.4186
371	Spectrogram 1	1	1173.243330729	1173.271997396	22000.000	38000.000	0.4186
372	Waveform 1	1	1174.007997396	1174.025997396	22000.000	38000.000	0.1852
372	Spectrogram 1	1	1174.007997396	1174.025997396	22000.000	38000.000	0.1852
373	Waveform 1	1	1174.523330729	1174.546664062	22000.000	38000.000	0.2857
373	Spectrogram 1	1	1174.523330729	1174.546664062	22000.000	38000.000	0.2857
374	Waveform 1	1	1175.062664062	1175.063997396	22000.000	38000.000	1.0000
374	Spectrogram 1	1	1175.062664062	1175.063997396	22000.000	38000.000	1.0000
375	Waveform 1	1	1210.553330729	1210.555997396	22000.000	38000.000	0.7500
375	Spectrogram 1	1	1210.553330729	1210.555997396	22000.000	38000.000	0.7500
376	Waveform 1	1	1215.040664062	1215.058664062	22000.000	38000.000	0.1481
376	Spectrogram 1	1	1215.040664062	1215.058664062	22000.000	38000.000	0.1481
377	Waveform 1	1	1216.812664062	1216.825997396	22000.000	38000.000	0.3000
377	Spectrogram 1	1	1216.812664062	1216.825997396	22000.000	38000.000	0.3000
378	Waveform 1	1	1216.971997396	1216.992664062	22000.000	38000.000	0.1613
378	Spectrogram 1	1	1216.971997396	1216.992664062	22000.000	38000.000	0.1613
379	Waveform 1	1	1218.214664062	1218.237997396	22000.000	38000.000	0.1714
379	Spectrogram 1	1	1218.214664062	1218.237997396	22000.000	38000.000	0.1714
380	Waveform 1	1	1218.605997396	1218.639330729	22000.000	38000.000	0.2000
380	Spectrogram 1	1	1218.605997396	1218.639330729	22000.000	38000.000	0.2000
381	Waveform 1	1	1218.754664062	1218.790664062	22000.000	38000.000	0.2593
381	Spectrogram 1	1	1218.754664062	1218.790664062	22000.000	38000.000	0.2593
382	Waveform 1	1	1218.947330729	1218.970664062	22000.000	38000.000	0.2857
382	Spectrogram 1	1	1218.947330729	1218.970664062	22000.000	38000.000	0.2857
383	Waveform 1	1	1219.096664062	1219.137997396	22000.000	38000.000	0.3065
383	Spectrogram 1	1	1219.096664062	1219.137997396	22000.000	38000.000	0.3065
384	Waveform 1	1	1219.265997396	1219.284664063	22000.000	38000.000	0.2857
384	Spectrogram 1	1	1219.265997396	1219.284664063	22000.000	38000.000	0.2857
385	Waveform 1	1	1219.500664062	1219.506664063	22000.000	38000.000	0.3333
385	Spectrogram 1	1	1219.500664062	1219.506664063	22000.000	38000.000	0.3333
386	Waveform 1	1	1219.707330729	1219.739997396	22000.000	38000.000	0.2653
386	Spectrogram 1	1	1219.707330729	1219.739997396	22000.000	38000.000	0.2653
387	Waveform 1	1	1219.839997396	1219.885330729	22000.000	38000.000	0.2059
387	Spectrogram 1	1	1219.839997396	1219.885330729	22000.000	38000.000	0.2059
388	Waveform 1	1	1219.983330729	1219.989997396	22000.000	38000.000	0.3000
388	Spectrogram 1	1	1219.983330729	1219.989997396	22000.000	38000.000	0.3000
389	Waveform 1	1	1220.121997396	1220.140664063	22000.000	38000.000	0.2857
389	Spectrogram 1	1	1220.121997396	1220.140664063	22000.000	38000.000	0.2857
390	Waveform 1	1	1220.263330729	1220.273330729	22000.000	38000.000	0.2667
390	Spectrogram 1	1	1220.263330729	1220.273330729	22000.000	38000.000	0.2667
391	Waveform 1	1	1220.481997396	1220.514664062	22000.000	38000.000	0.2653
391	Spectrogram 1	1	1220.481997396	1220.514664062	22000.000	38000.000	0.2653
392	Waveform 1	1	1220.720664062	1220.728664063	22000.000	38000.000	0.1667
392	Spectrogram 1	1	1220.720664062	1220.728664063	22000.000	38000.000	0.1667
393	Waveform 1	1	1221.068664062	1221.106664062	22000.000	38000.000	0.3509
393	Spectrogram 1	1	1221.068664062	1221.106664062	22000.000	38000.000	0.3509
394	Waveform 1	1	1221.327330729	1221.337997396	22000.000	38000.000	0.2500
394	Spectrogram 1	1	1221.327330729	1221.337997396	22000.000	38000.000	0.2500
395	Waveform 1	1	1221.583997396	1221.593330729	22000.000	38000.000	0.5000
395	Spectrogram 1	1	1221.583997396	1221.593330729	22000.000	38000.000	0.5000
396	Waveform 1	1	1222.167330729	1222.177330729	22000.000	38000.000	0.6667
396	Spectrogram 1	1	1222.167330729	1222.177330729	22000.000	38000.000	0.6667
397	Waveform 1	1	1222.309997396	1222.315997396	22000.000	38000.000	0.2222
397	Spectrogram 1	1	1222.309997396	1222.315997396	22000.000	38000.000	0.2222
398	Waveform 1	1	1222.791997396	1222.807330729	22000.000	38000.000	0.2609
398	Spectrogram 1	1	1222.791997396	1222.807330729	22000.000	38000.000	0.2609
399	Waveform 1	1	1223.273997396	1223.287997396	22000.000	38000.000	0.1905
399	Spectrogram 1	1	1223.273997396	1223.287997396	22000.000	38000.000	0.1905
400	Waveform 1	1	1223.905330729	1223.911997396	22000.000	38000.000	0.6000
400	Spectrogram 1	1	1223.905330729	1223.911997396	22000.000	38000.000	0.6000
401	Waveform 1	1	1286.654664062	1286.662664062	22000.000	38000.000	0.3333
401	Spectrogram 1	1	1286.654664062	1286.662664062	22000.000	38000.000	0.3333
402	Waveform 1	1	1287.241330729	1287.245330729	22000.000	38000.000	0.3333
402	Spectrogram 1	1	1287.241330729	1287.245330729	22000.000	38000.000	0.3333
403	Waveform 1	1	1288.743330729	1288.761330729	22000.000	38000.000	0.1481
403	Spectrogram 1	1	1288.743330729	1288.761330729	22000.000	38000.000	0.1481
404	Waveform 1	1	1316.881997396	1316.883330729	22000.000	38000.000	1.0000
404	Spectrogram 1	1	1316.881997396	1316.883330729	22000.000	38000.000	1.0000
405	Waveform 1	1	1319.053330729	1319.061330729	22000.000	38000.000	0.5000
405	Spectrogram 1	1	1319.053330729	1319.061330729	22000.000	38000.000	0.5000
406	Waveform 1	1	1319.970664062	1319.977330729	22000.000	38000.000	0.2000
406	Spectrogram 1	1	1319.970664062	1319.977330729	22000.000	38000.000	0.2000
407	Waveform 1	1	1320.713330729	1320.737330729	22000.000	38000.000	0.1944
407	Spectrogram 1	1	1320.713330729	1320.737330729	22000.000	38000.000	0.1944
408	Waveform 1	1	1321.340664062	1321.353997396	22000.000	38000.000	0.3000
408	Spectrogram 1	1	1321.340664062	1321.353997396	22000.000	38000.000	0.3000
409	Waveform 1	1	1321.581330729	1321.601330729	22000.000	38000.000	0.2000
409	Spectrogram 1	1	1321.581330729	1321.601330729	22000.000	38000.000	0.2000
410	Waveform 1	1	1321.709997396	1321.718664063	22000.000	38000.000	0.2308
410	Spectrogram 1	1	1321.709997396	1321.718664063	22000.000	38000.000	0.2308
411	Waveform 1	1	1325.527997396	1325.541330729	22000.000	38000.000	0.2500
411	Spectrogram 1	1	1325.527997396	1325.541330729	22000.000	38000.000	0.2500
412	Waveform 1	1	1329.042664062	1329.052664062	22000.000	38000.000	0.2000
412	Spectrogram 1	1	1329.042664062	1329.052664062	22000.000	38000.000	0.2000
413	Waveform 1	1	1367.828664062	1367.830664062	22000.000	38000.000	0.6667
413	Spectrogram 1	1	1367.828664062	1367.830664062	22000.000	38000.000	0.6667
414	Waveform 1	1	1522.601997396	1522.609997396	22000.000	38000.000	0.1667
414	Spectrogram 1	1	1522.601997396	1522.609997396	22000.000	38000.000	0.1667
415	Waveform 1	1	1524.270664062	1524.281330729	22000.000	38000.000	0.2500
415	Spectrogram 1	1	1524.270664062	1524.281330729	22000.000	38000.000	0.2500
416	Waveform 1	1	1524.836664062	1524.843330729	22000.000	38000.000	0.2000
416	Spectrogram 1	1	1524.836664062	1524.843330729	22000.000	38000.000	0.2000
417	Waveform 1	1	1525.383997396	1525.395330729	22000.000	38000.000	0.4118
417	Spectrogram 1	1	1525.383997396	1525.395330729	22000.000	38000.000	0.4118
418	Waveform 1	1	1525.923330729	1525.947330729	22000.000	38000.000	0.2222
418	Spectrogram 1	1	1525.923330729	1525.947330729	22000.000	38000.000	0.2222
419	Waveform 1	1	1526.463997396	1526.487997396	22000.000	38000.000	0.3611
419	Spectrogram 1	1	1526.463997396	1526.487997396	22000.000	38000.000	0.3611
420	Waveform 1	1	1527.044664063	1527.065330729	22000.000	38000.000	0.1935
420	Spectrogram 1	1	1527.044664063	1527.065330729	22000.000	38000.000	0.1935
421	Waveform 1	1	1527.601997396	1527.637997396	22000.000	38000.000	0.3148
421	Spectrogram 1	1	1527.601997396	1527.637997396	22000.000	38000.000	0.3148
422	Waveform 1	1	1528.160664063	1528.187330729	22000.000	38000.000	0.5000
422	Spectrogram 1	1	1528.160664063	1528.187330729	22000.000	38000.000	0.5000
423	Waveform 1	1	1528.734664062	1528.765330729	22000.000	38000.000	0.2826
423	Spectrogram 1	1	1528.734664062	1528.765330729	22000.000	38000.000	0.2826
424	Waveform 1	1	1529.293997396	1529.325330729	22000.000	38000.000	0.3830
424	Spectrogram 1	1	1529.293997396	1529.325330729	22000.000	38000.000	0.3830
425	Waveform 1	1	1529.447330729	1529.477330729	22000.000	38000.000	0.2444
425	Spectrogram 1	1	1529.447330729	1529.477330729	22000.000	38000.000	0.2444
426	Waveform 1	1	1529.590664062	1529.603330729	22000.000	38000.000	0.2632
426	Spectrogram 1	1	1529.590664062	1529.603330729	22000.000	38000.000	0.2632
427	Waveform 1	1	1529.735997396	1529.753330729	22000.000	38000.000	0.1154
427	Spectrogram 1	1	1529.735997396	1529.753330729	22000.000	38000.000	0.1154
428	Waveform 1	1	1531.377997396	1531.379330729	22000.000	38000.000	1.0000
428	Spectrogram 1	1	1531.377997396	1531.379330729	22000.000	38000.000	1.0000
429	Waveform 1	1	1531.851997396	1531.875330729	22000.000	38000.000	0.1429
429	Spectrogram 1	1	1531.851997396	1531.875330729	22000.000	38000.000	0.1429
430	Waveform 1	1	1532.045330729	1532.067330729	22000.000	38000.000	0.1515
430	Spectrogram 1	1	1532.045330729	1532.067330729	22000.000	38000.000	0.1515
431	Waveform 1	1	1532.272664062	1532.273997396	22000.000	38000.000	1.0000
431	Spectrogram 1	1	1532.272664062	1532.273997396	22000.000	38000.000	1.0000
432	Waveform 1	1	1659.703330729	1659.708664063	22000.000	38000.000	0.2500
432	Spectrogram 1	1	1659.703330729	1659.708664063	22000.000	38000.000	0.2500
433	Waveform 1	1	1660.213997396	1660.231330729	22000.000	38000.000	0.3077
433	Spectrogram 1	1	1660.213997396	1660.231330729	22000.000	38000.000	0.3077
434	Waveform 1	1	1660.755997396	1660.759330729	22000.000	38000.000	0.4000
434	Spectrogram 1	1	1660.755997396	1660.759330729	22000.000	38000.000	0.4000
435	Waveform 1	1	1661.002664062	1661.005330729	22000.000	38000.000	1.0000
435	Spectrogram 1	1	1661.002664062	1661.005330729	22000.000	38000.000	1.0000
436	Waveform 1	1	1661.256664063	1661.281330729	22000.000	38000.000	0.1892
436	Spectrogram 1	1	1661.256664063	1661.281330729	22000.000	38000.000	0.1892
437	Waveform 1	1	1661.529330729	1661.534664063	22000.000	38000.000	0.2500
437	Spectrogram 1	1	1661.529330729	1661.534664063	22000.000	38000.000	0.2500
438	Waveform 1	1	1661.775997396	1661.797997396	22000.000	38000.000	0.3636
438	Spectrogram 1	1	1661.775997396	1661.797997396	22000.000	38000.000	0.3636
439	Waveform 1	1	1662.036664062	1662.057997396	22000.000	38000.000	0.4688
439	Spectrogram 1	1	1662.036664062	1662.057997396	22000.000	38000.000	0.4688
440	Waveform 1	1	1662.177997396	1662.204664062	22000.000	38000.000	0.1000
440	Spectrogram 1	1	1662.177997396	1662.204664062	22000.000	38000.000	0.1000
441	Waveform 1	1	1662.439997396	1662.473330729	22000.000	38000.000	0.2800
441	Spectrogram 1	1	1662.439997396	1662.473330729	22000.000	38000.000	0.2800
442	Waveform 1	1	1662.697997396	1662.734664062	22000.000	38000.000	0.3818
442	Spectrogram 1	1	1662.697997396	1662.734664062	22000.000	38000.000	0.3818
443	Waveform 1	1	1662.847330729	1662.855330729	22000.000	38000.000	0.5000
443	Spectrogram 1	1	1662.847330729	1662.855330729	22000.000	38000.000	0.5000
444	Waveform 1	1	1663.103330729	1663.133997396	22000.000	38000.000	0.2609
444	Spectrogram 1	1	1663.103330729	1663.133997396	22000.000	38000.000	0.2609
445	Waveform 1	1	1663.253997396	1663.287330729	22000.000	38000.000	0.2800
445	Spectrogram 1	1	1663.253997396	1663.287330729	22000.000	38000.000	0.2800
446	Waveform 1	1	1663.515997396	1663.540664062	22000.000	38000.000	0.2973
446	Spectrogram 1	1	1663.515997396	1663.540664062	22000.000	38000.000	0.2973
447	Waveform 1	1	1663.774664062	1663.811330729	22000.000	38000.000	0.4364
447	Spectrogram 1	1	1663.774664062	1663.811330729	22000.000	38000.000	0.4364
448	Waveform 1	1	1663.937997396	1663.949997396	22000.000	38000.000	0.3333
448	Spectrogram 1	1	1663.937997396	1663.949997396	22000.000	38000.000	0.3333
449	Waveform 1	1	1664.106664062	1664.119997396	22000.000	38000.000	0.4000
449	Spectrogram 1	1	1664.106664062	1664.119997396	22000.000	38000.000	0.4000
450	Waveform 1	1	1665.264664062	1665.282664062	22000.000	38000.000	0.1852
450	Spectrogram 1	1	1665.264664062	1665.282664062	22000.000	38000.000	0.1852
451	Waveform 1	1	1665.669997396	1665.696664062	22000.000	38000.000	0.4500
451	Spectrogram 1	1	1665.669997396	1665.696664062	22000.000	38000.000	0.4500
452	Waveform 1	1	1667.017997396	1667.019997396	22000.000	38000.000	1.0000
452	Spectrogram 1	1	1667.017997396	1667.019997396	22000.000	38000.000	1.0000
453	Waveform 1	1	1732.269330729	1732.289330729	22000.000	38000.000	0.2333
453	Spectrogram 1	1	1732.269330729	1732.289330729	22000.000	38000.000	0.2333
454	Waveform 1	1	1732.889997396	1732.905997396	22000.000	38000.000	0.5000
454	Spectrogram 1	1	1732.889997396	1732.905997396	22000.000	38000.000	0.5000
455	Waveform 1	1	1733.504664062	1733.517997396	22000.000	38000.000	0.5000
455	Spectrogram 1	1	1733.504664062	1733.517997396	22000.000	38000.000	0.5000
456	Waveform 1	1	1733.949997396	1733.954664062	22000.000	38000.000	0.5714
456	Spectrogram 1	1	1733.949997396	1733.954664062	22000.000	38000.000	0.5714
457	Waveform 1	1	1734.420664063	1734.427330729	22000.000	38000.000	0.3000
457	Spectrogram 1	1	1734.420664063	1734.427330729	22000.000	38000.000	0.3000
458	Waveform 1	1	1734.717330729	1734.745330729	22000.000	38000.000	0.3810
458	Spectrogram 1	1	1734.717330729	1734.745330729	22000.000	38000.000	0.3810
459	Waveform 1	1	1735.329997396	1735.347330729	22000.000	38000.000	0.4231
459	Spectrogram 1	1	1735.329997396	1735.347330729	22000.000	38000.000	0.4231
460	Waveform 1	1	1735.974664062	1735.988664062	22000.000	38000.000	0.2381
460	Spectrogram 1	1	1735.974664062	1735.988664062	22000.000	38000.000	0.2381
461	Waveform 1	1	1736.344664062	1736.388664062	22000.000	38000.000	0.3636
461	Spectrogram 1	1	1736.344664062	1736.388664062	22000.000	38000.000	0.3636
462	Waveform 1	1	1736.661330729	1736.673997396	22000.000	38000.000	0.3684
462	Spectrogram 1	1	1736.661330729	1736.673997396	22000.000	38000.000	0.3684
463	Waveform 1	1	1737.149330729	1737.173330729	22000.000	38000.000	0.4444
463	Spectrogram 1	1	1737.149330729	1737.173330729	22000.000	38000.000	0.4444
464	Waveform 1	1	1737.464664062	1737.491997396	22000.000	38000.000	0.2927
464	Spectrogram 1	1	1737.464664062	1737.491997396	22000.000	38000.000	0.2927
465	Waveform 1	1	1738.251997396	1738.261330729	22000.000	38000.000	0.5714
465	Spectrogram 1	1	1738.251997396	1738.261330729	22000.000	38000.000	0.5714
466	Waveform 1	1	1740.685997396	1740.687330729	22000.000	38000.000	1.0000
466	Spectrogram 1	1	1740.685997396	1740.687330729	22000.000	38000.000	1.0000
