Selection	View	Channel	Begin Time (s)	End Time (s)	Low Freq (Hz)	High Freq (Hz)	Occupancy
1	Waveform 1	1	0.142664062	0.151997396	22000.000	38000.000	0.2857
1	Spectrogram 1	1	0.142664062	0.151997396	22000.000	38000.000	0.2857
2	Waveform 1	1	0.292664062	0.313330729	22000.000	38000.000	0.2903
2	Spectrogram 1	1	0.292664062	0.313330729	22000.000	38000.000	0.2903
3	Waveform 1	1	0.731330729	0.761997396	22000.000	38000.000	0.2391
3	Spectrogram 1	1	0.731330729	0.761997396	22000.000	38000.000	0.2391
4	Waveform 1	1	1.011330729	1.055997396	22000.000	38000.000	0.2687
4	Spectrogram 1	1	1.011330729	1.055997396	22000.000	38000.000	0.2687
5	Waveform 1	1	1.287997396	1.297997396	22000.000	38000.000	0.1333
5	Spectrogram 1	1	1.287997396	1.297997396	22000.000	38000.000	0.1333
6	Waveform 1	1	2.027997396	2.060664062	22000.000	38000.000	0.2449
6	Spectrogram 1	1	2.027997396	2.060664062	22000.000	38000.000	0.2449
7	Waveform 1	1	2.309997396	2.342664062	22000.000	38000.000	0.1633
7	Spectrogram 1	1	2.309997396	2.342664062	22000.000	38000.000	0.1633
8	Waveform 1	1	2.580664062	2.615997396	22000.000	38000.000	0.1887
8	Spectrogram 1	1	2.580664062	2.615997396	22000.000	38000.000	0.1887
9	Waveform 1	1	2.753330729	2.772664062	22000.000	38000.000	0.4138
9	Spectrogram 1	1	2.753330729	2.772664062	22000.000	38000.000	0.4138
10	Waveform 1	1	3.017997396	3.019997396	22000.000	38000.000	0.6667
10	Spectrogram 1	1	3.017997396	3.019997396	22000.000	38000.000	0.6667
11	Waveform 1	1	3.171997396	3.214664062	22000.000	38000.000	0.2656
11	Spectrogram 1	1	3.171997396	3.214664062	22000.000	38000.000	0.2656
12	Waveform 1	1	4.395330729	4.403997396	22000.000	38000.000	0.5385
12	Spectrogram 1	1	4.395330729	4.403997396	22000.000	38000.000	0.5385
13	Waveform 1	1	4.575330729	4.591997396	22000.000	38000.000	0.1200
13	Spectrogram 1	1	4.575330729	4.591997396	22000.000	38000.000	0.1200
14	Waveform 1	1	4.733330729	4.761997396	22000.000	38000.000	0.1860
14	Spectrogram 1	1	4.733330729	4.761997396	22000.000	38000.000	0.1860
15	Waveform 1	1	5.186664063	5.223997396	22000.000	38000.000	0.1786
15	Spectrogram 1	1	5.186664063	5.223997396	22000.000	38000.000	0.1786
16	Waveform 1	1	5.897997396	5.923330729	22000.000	38000.000	0.2895
16	Spectrogram 1	1	5.897997396	5.923330729	22000.000	38000.000	0.2895
17	Waveform 1	1	6.444664063	6.455997396	22000.000	38000.000	0.4118
17	Spectrogram 1	1	6.444664063	6.455997396	22000.000	38000.000	0.4118
18	Waveform 1	1	6.852664063	6.854664063	22000.000	38000.000	0.6667
18	Spectrogram 1	1	6.852664063	6.854664063	22000.000	38000.000	0.6667
19	Waveform 1	1	9.908664062	9.915330729	22000.000	38000.000	0.2000
19	Spectrogram 1	1	9.908664062	9.915330729	22000.000	38000.000	0.2000
20	Waveform 1	1	10.486664063	10.489330729	22000.000	38000.000	1.0000
20	Spectrogram 1	1	10.486664063	10.489330729	22000.000	38000.000	1.0000
21	Waveform 1	1	11.649330729	11.650664063	22000.000	38000.000	1.0000
21	Spectrogram 1	1	11.649330729	11.650664063	22000.000	38000.000	1.0000
22	Waveform 1	1	12.633330729	12.635330729	22000.000	38000.000	0.6667
22	Spectrogram 1	1	12.633330729	12.635330729	22000.000	38000.000	0.6667
23	Waveform 1	1	12.781330729	12.791997396	22000.000	38000.000	0.2500
23	Spectrogram 1	1	12.781330729	12.791997396	22000.000	38000.000	0.2500
24	Waveform 1	1	12.942664063	12.956664062	22000.000	38000.000	0.4286
24	Spectrogram 1	1	12.942664063	12.956664062	22000.000	38000.000	0.4286
25	Waveform 1	1	13.856664063	13.868664063	22000.000	38000.000	0.3889
25	Spectrogram 1	1	13.856664063	13.868664063	22000.000	38000.000	0.3889
26	Waveform 1	1	14.263330729	14.285997396	22000.000	38000.000	0.2353
26	Spectrogram 1	1	14.263330729	14.285997396	22000.000	38000.000	0.2353
27	Waveform 1	1	14.562664062	14.567330729	22000.000	38000.000	0.4286
27	Spectrogram 1	1	14.562664062	14.567330729	22000.000	38000.000	0.4286
28	Waveform 1	1	14.860664062	14.879330729	22000.000	38000.000	0.2500
28	Spectrogram 1	1	14.860664062	14.879330729	22000.000	38000.000	0.2500
29	Waveform 1	1	15.277330729	15.279997396	22000.000	38000.000	0.7500
29	Spectrogram 1	1	15.277330729	15.279997396	22000.000	38000.000	0.7500
30	Waveform 1	1	15.544664063	15.563330729	22000.000	38000.000	0.2500
30	Spectrogram 1	1	15.544664063	15.563330729	22000.000	38000.000	0.2500
31	Waveform 1	1	16.107997396	16.118664062	22000.000	38000.000	0.2500
31	Spectrogram 1	1	16.107997396	16.118664062	22000.000	38000.000	0.2500
32	Waveform 1	1	16.523997396	16.552664062	22000.000	38000.000	0.1163
32	Spectrogram 1	1	16.523997396	16.552664062	22000.000	38000.000	0.1163
33	Waveform 1	1	17.096664063	17.112664062	22000.000	38000.000	0.3333
33	Spectrogram 1	1	17.096664063	17.112664062	22000.000	38000.000	0.3333
34	Waveform 1	1	17.278664062	17.284664062	22000.000	38000.000	0.5556
34	Spectrogram 1	1	17.278664062	17.284664062	22000.000	38000.000	0.5556
35	Waveform 1	1	28.423997396	28.429330729	22000.000	38000.000	0.2500
35	Spectrogram 1	1	28.423997396	28.429330729	22000.000	38000.000	0.2500
36	Waveform 1	1	28.696664063	28.701997396	22000.000	38000.000	0.2500
36	Spectrogram 1	1	28.696664063	28.701997396	22000.000	38000.000	0.2500
37	Waveform 1	1	30.334664062	30.337330729	22000.000	38000.000	1.0000
37	Spectrogram 1	1	30.334664062	30.337330729	22000.000	38000.000	1.0000
38	Waveform 1	1	342.499997396	342.520664062	22000.000	38000.000	0.2258
38	Spectrogram 1	1	342.499997396	342.520664062	22000.000	38000.000	0.2258
39	Waveform 1	1	343.713330729	343.719997396	22000.000	38000.000	0.5000
39	Spectrogram 1	1	343.713330729	343.719997396	22000.000	38000.000	0.5000
40	Waveform 1	1	344.355997396	344.372664063	22000.000	38000.000	0.3600
40	Spectrogram 1	1	344.355997396	344.372664063	22000.000	38000.000	0.3600
41	Waveform 1	1	344.994664063	345.031997396	22000.000	38000.000	0.2857
41	Spectrogram 1	1	344.994664063	345.031997396	22000.000	38000.000	0.2857
42	Waveform 1	1	345.543330729	345.559330729	22000.000	38000.000	0.1250
42	Spectrogram 1	1	345.543330729	345.559330729	22000.000	38000.000	0.1250
43	Waveform 1	1	346.367330729	346.403330729	22000.000	38000.000	0.2593
43	Spectrogram 1	1	346.367330729	346.403330729	22000.000	38000.000	0.2593
44	Waveform 1	1	346.877997396	346.891997396	22000.000	38000.000	0.4286
44	Spectrogram 1	1	346.877997396	346.891997396	22000.000	38000.000	0.4286
45	Waveform 1	1	347.400664062	347.407330729	22000.000	38000.000	0.4000
45	Spectrogram 1	1	347.400664062	347.407330729	22000.000	38000.000	0.4000
46	Waveform 1	1	348.073330729	348.095330729	22000.000	38000.000	0.1818
46	Spectrogram 1	1	348.073330729	348.095330729	22000.000	38000.000	0.1818
47	Waveform 1	1	348.857997396	348.871997396	22000.000	38000.000	0.3333
47	Spectrogram 1	1	348.857997396	348.871997396	22000.000	38000.000	0.3333
48	Waveform 1	1	349.626664062	349.637997396	22000.000	38000.000	0.1176
48	Spectrogram 1	1	349.626664062	349.637997396	22000.000	38000.000	0.1176
49	Waveform 1	1	350.259330729	350.277997396	22000.000	38000.000	0.2500
49	Spectrogram 1	1	350.259330729	350.277997396	22000.000	38000.000	0.2500
50	Waveform 1	1	350.905330729	350.915330729	22000.000	38000.000	0.2000
50	Spectrogram 1	1	350.905330729	350.915330729	22000.000	38000.000	0.2000
51	Waveform 1	1	351.687330729	351.701997396	22000.000	38000.000	0.0909
51	Spectrogram 1	1	351.687330729	351.701997396	22000.000	38000.000	0.0909
52	Waveform 1	1	353.029330729	353.031330729	22000.000	38000.000	1.0000
52	Spectrogram 1	1	353.029330729	353.031330729	22000.000	38000.000	1.0000
53	Waveform 1	1	354.226664062	354.239330729	22000.000	38000.000	0.1579
53	Spectrogram 1	1	354.226664062	354.239330729	22000.000	38000.000	0.1579
54	Waveform 1	1	354.736664062	354.741330729	22000.000	38000.000	0.5714
54	Spectrogram 1	1	354.736664062	354.741330729	22000.000	38000.000	0.5714
55	Waveform 1	1	360.187330729	360.190664062	22000.000	38000.000	0.4000
55	Spectrogram 1	1	360.187330729	360.190664062	22000.000	38000.000	0.4000
56	Waveform 1	1	360.718664063	360.724664062	22000.000	38000.000	0.3333
56	Spectrogram 1	1	360.718664063	360.724664062	22000.000	38000.000	0.3333
57	Waveform 1	1	424.156664062	424.161330729	22000.000	38000.000	0.2857
57	Spectrogram 1	1	424.156664062	424.161330729	22000.000	38000.000	0.2857
58	Waveform 1	1	427.016664063	427.049330729	22000.000	38000.000	0.2041
58	Spectrogram 1	1	427.016664063	427.049330729	22000.000	38000.000	0.2041
59	Waveform 1	1	427.657330729	427.693330729	22000.000	38000.000	0.1481
59	Spectrogram 1	1	427.657330729	427.693330729	22000.000	38000.000	0.1481
60	Waveform 1	1	428.458664063	428.483330729	22000.000	38000.000	0.4324
60	Spectrogram 1	1	428.458664063	428.483330729	22000.000	38000.000	0.4324
61	Waveform 1	1	429.269330729	429.293330729	22000.000	38000.000	0.0833
61	Spectrogram 1	1	429.269330729	429.293330729	22000.000	38000.000	0.0833
62	Waveform 1	1	429.814664063	429.838664063	22000.000	38000.000	0.2500
62	Spectrogram 1	1	429.814664063	429.838664063	22000.000	38000.000	0.2500
63	Waveform 1	1	430.063997396	430.087997396	22000.000	38000.000	0.1667
63	Spectrogram 1	1	430.063997396	430.087997396	22000.000	38000.000	0.1667
64	Waveform 1	1	430.739330729	430.745330729	22000.000	38000.000	0.2222
64	Spectrogram 1	1	430.739330729	430.745330729	22000.000	38000.000	0.2222
65	Waveform 1	1	430.963997396	430.971330729	22000.000	38000.000	0.2727
65	Spectrogram 1	1	430.963997396	430.971330729	22000.000	38000.000	0.2727
66	Waveform 1	1	431.393330729	431.396664063	22000.000	38000.000	0.6000
66	Spectrogram 1	1	431.393330729	431.396664063	22000.000	38000.000	0.6000
67	Waveform 1	1	431.757330729	431.759997396	22000.000	38000.000	0.7500
67	Spectrogram 1	1	431.757330729	431.759997396	22000.000	38000.000	0.7500
68	Waveform 1	1	432.816664062	432.836664063	22000.000	38000.000	0.1667
68	Spectrogram 1	1	432.816664062	432.836664063	22000.000	38000.000	0.1667
69	Waveform 1	1	444.299997396	444.319997396	22000.000	38000.000	0.3000
69	Spectrogram 1	1	444.299997396	444.319997396	22000.000	38000.000	0.3000
70	Waveform 1	1	444.973997396	445.002664063	22000.000	38000.000	0.1163
70	Spectrogram 1	1	444.973997396	445.002664063	22000.000	38000.000	0.1163
71	Waveform 1	1	445.787997396	445.793330729	22000.000	38000.000	0.3750
71	Spectrogram 1	1	445.787997396	445.793330729	22000.000	38000.000	0.3750
72	Waveform 1	1	469.911997396	469.919330729	22000.000	38000.000	0.2727
72	Spectrogram 1	1	469.911997396	469.919330729	22000.000	38000.000	0.2727
73	Waveform 1	1	471.016664063	471.029330729	22000.000	38000.000	0.4737
73	Spectrogram 1	1	471.016664063	471.029330729	22000.000	38000.000	0.4737
74	Waveform 1	1	471.713330729	471.725997396	22000.000	38000.000	0.2632
74	Spectrogram 1	1	471.713330729	471.725997396	22000.000	38000.000	0.2632
75	Waveform 1	1	472.397997396	472.420664063	22000.000	38000.000	0.1176
75	Spectrogram 1	1	472.397997396	472.420664063	22000.000	38000.000	0.1176
76	Waveform 1	1	473.291997396	473.300664063	22000.000	38000.000	0.3846
76	Spectrogram 1	1	473.291997396	473.300664063	22000.000	38000.000	0.3846
77	Waveform 1	1	473.962664062	473.972664062	22000.000	38000.000	0.3333
77	Spectrogram 1	1	473.962664062	473.972664062	22000.000	38000.000	0.3333
78	Waveform 1	1	474.509997396	474.518664062	22000.000	38000.000	0.5385
78	Spectrogram 1	1	474.509997396	474.518664062	22000.000	38000.000	0.5385
79	Waveform 1	1	720.993330729	720.995330729	22000.000	38000.000	0.6667
79	Spectrogram 1	1	720.993330729	720.995330729	22000.000	38000.000	0.6667
80	Waveform 1	1	721.407330729	721.411330729	22000.000	38000.000	0.3333
80	Spectrogram 1	1	721.407330729	721.411330729	22000.000	38000.000	0.3333
81	Waveform 1	1	721.986664063	721.987997396	22000.000	38000.000	1.0000
81	Spectrogram 1	1	721.986664063	721.987997396	22000.000	38000.000	1.0000
82	Waveform 1	1	722.795330729	722.809330729	22000.000	38000.000	0.1429
82	Spectrogram 1	1	722.795330729	722.809330729	22000.000	38000.000	0.1429
83	Waveform 1	1	723.542664063	723.561997396	22000.000	38000.000	0.2759
83	Spectrogram 1	1	723.542664063	723.561997396	22000.000	38000.000	0.2759
84	Waveform 1	1	724.276664063	724.293997396	22000.000	38000.000	0.1154
84	Spectrogram 1	1	724.276664063	724.293997396	22000.000	38000.000	0.1154
85	Waveform 1	1	724.854664063	724.881997396	22000.000	38000.000	0.1463
85	Spectrogram 1	1	724.854664063	724.881997396	22000.000	38000.000	0.1463
86	Waveform 1	1	725.582664063	725.586664063	22000.000	38000.000	0.5000
86	Spectrogram 1	1	725.582664063	725.586664063	22000.000	38000.000	0.5000
87	Waveform 1	1	726.307330729	726.323997396	22000.000	38000.000	0.2800
87	Spectrogram 1	1	726.307330729	726.323997396	22000.000	38000.000	0.2800
88	Waveform 1	1	727.051330729	727.065330729	22000.000	38000.000	0.1905
88	Spectrogram 1	1	727.051330729	727.065330729	22000.000	38000.000	0.1905
89	Waveform 1	1	858.817997396	858.819330729	22000.000	38000.000	1.0000
89	Spectrogram 1	1	858.817997396	858.819330729	22000.000	38000.000	1.0000
90	Waveform 1	1	859.343997396	859.355997396	22000.000	38000.000	0.1111
90	Spectrogram 1	1	859.343997396	859.355997396	22000.000	38000.000	0.1111
91	Waveform 1	1	889.755330729	889.756664063	22000.000	38000.000	1.0000
91	Spectrogram 1	1	889.755330729	889.756664063	22000.000	38000.000	1.0000
92	Waveform 1	1	890.491997396	890.507330729	22000.000	38000.000	0.1304
92	Spectrogram 1	1	890.491997396	890.507330729	22000.000	38000.000	0.1304
93	Waveform 1	1	891.135997396	891.162664063	22000.000	38000.000	0.5500
93	Spectrogram 1	1	891.135997396	891.162664063	22000.000	38000.000	0.5500
94	Waveform 1	1	893.571330729	893.573330729	22000.000	38000.000	0.6667
94	Spectrogram 1	1	893.571330729	893.573330729	22000.000	38000.000	0.6667
95	Waveform 1	1	894.087997396	894.092664063	22000.000	38000.000	0.2857
95	Spectrogram 1	1	894.087997396	894.092664063	22000.000	38000.000	0.2857
96	Waveform 1	1	894.567330729	894.569330729	22000.000	38000.000	0.6667
96	Spectrogram 1	1	894.567330729	894.569330729	22000.000	38000.000	0.6667
97	Waveform 1	1	899.885330729	899.888664063	22000.000	38000.000	0.4000
97	Spectrogram 1	1	899.885330729	899.888664063	22000.000	38000.000	0.4000
98	Waveform 1	1	915.639997396	915.641330729	22000.000	38000.000	1.0000
98	Spectrogram 1	1	915.639997396	915.641330729	22000.000	38000.000	1.0000
99	Waveform 1	1	916.215330729	916.217997396	22000.000	38000.000	0.5000
99	Spectrogram 1	1	916.215330729	916.217997396	22000.000	38000.000	0.5000
100	Waveform 1	1	916.793997396	916.803330729	22000.000	38000.000	0.1429
100	Spectrogram 1	1	916.793997396	916.803330729	22000.000	38000.000	0.1429
101	Waveform 1	1	917.365997396	917.395330729	22000.000	38000.000	0.1136
101	Spectrogram 1	1	917.365997396	917.395330729	22000.000	38000.000	0.1136
102	Waveform 1	1	917.537330729	917.541330729	22000.000	38000.000	0.3333
102	Spectrogram 1	1	917.537330729	917.541330729	22000.000	38000.000	0.3333
103	Waveform 1	1	917.991330729	918.003997396	22000.000	38000.000	0.1053
103	Spectrogram 1	1	917.991330729	918.003997396	22000.000	38000.000	0.1053
104	Waveform 1	1	937.361330729	937.366664063	22000.000	38000.000	0.5000
104	Spectrogram 1	1	937.361330729	937.366664063	22000.000	38000.000	0.5000
105	Waveform 1	1	939.037997396	939.043330729	22000.000	38000.000	0.2500
105	Spectrogram 1	1	939.037997396	939.043330729	22000.000	38000.000	0.2500
106	Waveform 1	1	1131.332664063	1131.339330729	22000.000	38000.000	0.2000
106	Spectrogram 1	1	1131.332664063	1131.339330729	22000.000	38000.000	0.2000
107	Waveform 1	1	1137.439997396	1137.441997396	22000.000	38000.000	1.0000
107	Spectrogram 1	1	1137.439997396	1137.441997396	22000.000	38000.000	1.0000
108	Waveform 1	1	1161.315997396	1161.322664062	22000.000	38000.000	0.2000
108	Spectrogram 1	1	1161.315997396	1161.322664062	22000.000	38000.000	0.2000
109	Waveform 1	1	1164.366664062	1164.368664062	22000.000	38000.000	0.6667
109	Spectrogram 1	1	1164.366664062	1164.368664062	22000.000	38000.000	0.6667
110	Waveform 1	1	1210.023330729	1210.026664063	22000.000	38000.000	0.4000
110	Spectrogram 1	1	1210.023330729	1210.026664063	22000.000	38000.000	0.4000
111	Waveform 1	1	1211.717997396	1211.731997396	22000.000	38000.000	0.2857
111	Spectrogram 1	1	1211.717997396	1211.731997396	22000.000	38000.000	0.2857
112	Waveform 1	1	1212.137997396	1212.149330729	22000.000	38000.000	0.3529
112	Spectrogram 1	1	1212.137997396	1212.149330729	22000.000	38000.000	0.3529
113	Waveform 1	1	1212.824664063	1212.837997396	22000.000	38000.000	0.4000
113	Spectrogram 1	1	1212.824664063	1212.837997396	22000.000	38000.000	0.4000
114	Waveform 1	1	1212.985997396	1213.007330729	22000.000	38000.000	0.1875
114	Spectrogram 1	1	1212.985997396	1213.007330729	22000.000	38000.000	0.1875
115	Waveform 1	1	1214.041330729	1214.062664062	22000.000	38000.000	0.2188
115	Spectrogram 1	1	1214.041330729	1214.062664062	22000.000	38000.000	0.2188
116	Waveform 1	1	1214.585330729	1214.601997396	22000.000	38000.000	0.1200
116	Spectrogram 1	1	1214.585330729	1214.601997396	22000.000	38000.000	0.1200
117	Waveform 1	1	1215.360664062	1215.389997396	22000.000	38000.000	0.1818
117	Spectrogram 1	1	1215.360664062	1215.389997396	22000.000	38000.000	0.1818
118	Waveform 1	1	1215.761997396	1215.763997396	22000.000	38000.000	0.6667
118	Spectrogram 1	1	1215.761997396	1215.763997396	22000.000	38000.000	0.6667
119	Waveform 1	1	1216.147997396	1216.163997396	22000.000	38000.000	0.4167
119	Spectrogram 1	1	1216.147997396	1216.163997396	22000.000	38000.000	0.4167
120	Waveform 1	1	1216.421997396	1216.426664062	22000.000	38000.000	0.7143
120	Spectrogram 1	1	1216.421997396	1216.426664062	22000.000	38000.000	0.7143
121	Waveform 1	1	1294.125330729	1294.135997396	22000.000	38000.000	0.1875
121	Spectrogram 1	1	1294.125330729	1294.135997396	22000.000	38000.000	0.1875
122	Waveform 1	1	1295.213330729	1295.225330729	22000.000	38000.000	0.2222
122	Spectrogram 1	1	1295.213330729	1295.225330729	22000.000	38000.000	0.2222
123	Waveform 1	1	1296.067997396	1296.125997396	22000.000	38000.000	0.1034
123	Spectrogram 1	1	1296.067997396	1296.125997396	22000.000	38000.000	0.1034
124	Waveform 1	1	1296.817330729	1296.825997396	22000.000	38000.000	0.3077
124	Spectrogram 1	1	1296.817330729	1296.825997396	22000.000	38000.000	0.3077
125	Waveform 1	1	1297.036664062	1297.053997396	22000.000	38000.000	0.2308
125	Spectrogram 1	1	1297.036664062	1297.053997396	22000.000	38000.000	0.2308
126	Waveform 1	1	1297.655997396	1297.667997396	22000.000	38000.000	0.1111
126	Spectrogram 1	1	1297.655997396	1297.667997396	22000.000	38000.000	0.1111
127	Waveform 1	1	1300.603997396	1300.606664062	22000.000	38000.000	0.7500
127	Spectrogram 1	1	1300.603997396	1300.606664062	22000.000	38000.000	0.7500
128	Waveform 1	1	1301.276664063	1301.279330729	22000.000	38000.000	0.5000
128	Spectrogram 1	1	1301.276664063	1301.279330729	22000.000	38000.000	0.5000
129	Waveform 1	1	1301.565330729	1301.571330729	22000.000	38000.000	0.3333
129	Spectrogram 1	1	1301.565330729	1301.571330729	22000.000	38000.000	0.3333
130	Waveform 1	1	1303.647330729	1303.652664062	22000.000	38000.000	0.6250
130	Spectrogram 1	1	1303.647330729	1303.652664062	22000.000	38000.000	0.6250
131	Waveform 1	1	1304.007997396	1304.009997396	22000.000	38000.000	1.0000
131	Spectrogram 1	1	1304.007997396	1304.009997396	22000.000	38000.000	1.0000
132	Waveform 1	1	1304.256664063	1304.277997396	22000.000	38000.000	0.2188
132	Spectrogram 1	1	1304.256664063	1304.277997396	22000.000	38000.000	0.2188
133	Waveform 1	1	1304.664664062	1304.677330729	22000.000	38000.000	0.2105
133	Spectrogram 1	1	1304.664664062	1304.677330729	22000.000	38000.000	0.2105
134	Waveform 1	1	1304.939997396	1304.958664063	22000.000	38000.000	0.2143
134	Spectrogram 1	1	1304.939997396	1304.958664063	22000.000	38000.000	0.2143
135	Waveform 1	1	1305.065330729	1305.073997396	22000.000	38000.000	0.3077
135	Spectrogram 1	1	1305.065330729	1305.073997396	22000.000	38000.000	0.3077
136	Waveform 1	1	1305.218664063	1305.221330729	22000.000	38000.000	0.5000
136	Spectrogram 1	1	1305.218664063	1305.221330729	22000.000	38000.000	0.5000
137	Waveform 1	1	1305.483330729	1305.501330729	22000.000	38000.000	0.2593
137	Spectrogram 1	1	1305.483330729	1305.501330729	22000.000	38000.000	0.2593
138	Waveform 1	1	1305.765330729	1305.785997396	22000.000	38000.000	0.3226
138	Spectrogram 1	1	1305.765330729	1305.785997396	22000.000	38000.000	0.3226
139	Waveform 1	1	1306.128664062	1306.129997396	22000.000	38000.000	1.0000
139	Spectrogram 1	1	1306.128664062	1306.129997396	22000.000	38000.000	1.0000
140	Waveform 1	1	1306.263997396	1306.267330729	22000.000	38000.000	0.4000
140	Spectrogram 1	1	1306.263997396	1306.267330729	22000.000	38000.000	0.4000
141	Waveform 1	1	1307.437997396	1307.442664062	22000.000	38000.000	0.5714
141	Spectrogram 1	1	1307.437997396	1307.442664062	22000.000	38000.000	0.5714
142	Waveform 1	1	1307.841330729	1307.849330729	22000.000	38000.000	0.6667
142	Spectrogram 1	1	1307.841330729	1307.849330729	22000.000	38000.000	0.6667
143	Waveform 1	1	1308.675330729	1308.676664062	22000.000	38000.000	1.0000
143	Spectrogram 1	1	1308.675330729	1308.676664062	22000.000	38000.000	1.0000
144	Waveform 1	1	1308.951997396	1308.957997396	22000.000	38000.000	0.2222
144	Spectrogram 1	1	1308.951997396	1308.957997396	22000.000	38000.000	0.2222
145	Waveform 1	1	1310.037997396	1310.051330729	22000.000	38000.000	0.2000
145	Spectrogram 1	1	1310.037997396	1310.051330729	22000.000	38000.000	0.2000
146	Waveform 1	1	1310.299997396	1310.318664062	22000.000	38000.000	0.2143
146	Spectrogram 1	1	1310.299997396	1310.318664062	22000.000	38000.000	0.2143
147	Waveform 1	1	1310.570664062	1310.583330729	22000.000	38000.000	0.1053
147	Spectrogram 1	1	1310.570664062	1310.583330729	22000.000	38000.000	0.1053
148	Waveform 1	1	1311.085997396	1311.116664062	22000.000	38000.000	0.3261
148	Spectrogram 1	1	1311.085997396	1311.116664062	22000.000	38000.000	0.3261
149	Waveform 1	1	1311.337997396	1311.365997396	22000.000	38000.000	0.2619
149	Spectrogram 1	1	1311.337997396	1311.365997396	22000.000	38000.000	0.2619
150	Waveform 1	1	1311.609997396	1311.632664062	22000.000	38000.000	0.1765
150	Spectrogram 1	1	1311.609997396	1311.632664062	22000.000	38000.000	0.1765
151	Waveform 1	1	1311.877997396	1311.907997396	22000.000	38000.000	0.2000
151	Spectrogram 1	1	1311.877997396	1311.907997396	22000.000	38000.000	0.2000
152	Waveform 1	1	1312.134664062	1312.157330729	22000.000	38000.000	0.1765
152	Spectrogram 1	1	1312.134664062	1312.157330729	22000.000	38000.000	0.1765
153	Waveform 1	1	1312.535330729	1312.579330729	22000.000	38000.000	0.1818
153	Spectrogram 1	1	1312.535330729	1312.579330729	22000.000	38000.000	0.1818
154	Waveform 1	1	1312.816664062	1312.833330729	22000.000	38000.000	0.5600
154	Spectrogram 1	1	1312.816664062	1312.833330729	22000.000	38000.000	0.5600
155	Waveform 1	1	1312.945330729	1312.951330729	22000.000	38000.000	0.4444
155	Spectrogram 1	1	1312.945330729	1312.951330729	22000.000	38000.000	0.4444
156	Waveform 1	1	1313.057997396	1313.076664062	22000.000	38000.000	0.1429
156	Spectrogram 1	1	1313.057997396	1313.076664062	22000.000	38000.000	0.1429
157	Waveform 1	1	1313.148664062	1313.153330729	22000.000	38000.000	0.5714
157	Spectrogram 1	1	1313.148664062	1313.153330729	22000.000	38000.000	0.5714
158	Waveform 1	1	1313.900664063	1313.923997396	22000.000	38000.000	0.2571
158	Spectrogram 1	1	1313.900664063	1313.923997396	22000.000	38000.000	0.2571
159	Waveform 1	1	1314.113330729	1314.124664062	22000.000	38000.000	0.4118
159	Spectrogram 1	1	1314.113330729	1314.124664062	22000.000	38000.000	0.4118
160	Waveform 1	1	1314.377997396	1314.423997396	22000.000	38000.000	0.1449
160	Spectrogram 1	1	1314.377997396	1314.423997396	22000.000	38000.000	0.1449
161	Waveform 1	1	1314.671330729	1314.686664062	22000.000	38000.000	0.2609
161	Spectrogram 1	1	1314.671330729	1314.686664062	22000.000	38000.000	0.2609
162	Waveform 1	1	1316.002664062	1316.012664062	22000.000	38000.000	0.1333
162	Spectrogram 1	1	1316.002664062	1316.012664062	22000.000	38000.000	0.1333
163	Waveform 1	1	1316.161330729	1316.178664063	22000.000	38000.000	0.2692
163	Spectrogram 1	1	1316.161330729	1316.178664063	22000.000	38000.000	0.2692
164	Waveform 1	1	1316.408664062	1316.421997396	22000.000	38000.000	0.1000
164	Spectrogram 1	1	1316.408664062	1316.421997396	22000.000	38000.000	0.1000
165	Waveform 1	1	1316.773997396	1316.805997396	22000.000	38000.000	0.2500
165	Spectrogram 1	1	1316.773997396	1316.805997396	22000.000	38000.000	0.2500
166	Waveform 1	1	1317.573330729	1317.604664062	22000.000	38000.000	0.1915
166	Spectrogram 1	1	1317.573330729	1317.604664062	22000.000	38000.000	0.1915
167	Waveform 1	1	1317.845330729	1317.862664063	22000.000	38000.000	0.1923
167	Spectrogram 1	1	1317.845330729	1317.862664063	22000.000	38000.000	0.1923
168	Waveform 1	1	1318.244664062	1318.277997396	22000.000	38000.000	0.3200
168	Spectrogram 1	1	1318.244664062	1318.277997396	22000.000	38000.000	0.3200
169	Waveform 1	1	1318.512664062	1318.555997396	22000.000	38000.000	0.3692
169	Spectrogram 1	1	1318.512664062	1318.555997396	22000.000	38000.000	0.3692
170	Waveform 1	1	1318.795330729	1318.812664062	22000.000	38000.000	0.4615
170	Spectrogram 1	1	1318.795330729	1318.812664062	22000.000	38000.000	0.4615
171	Waveform 1	1	1319.215330729	1319.239997396	22000.000	38000.000	0.4054
171	Spectrogram 1	1	1319.215330729	1319.239997396	22000.000	38000.000	0.4054
172	Waveform 1	1	1319.479997396	1319.513330729	22000.000	38000.000	0.3000
172	Spectrogram 1	1	1319.479997396	1319.513330729	22000.000	38000.000	0.3000
173	Waveform 1	1	1319.753330729	1319.800664062	22000.000	38000.000	0.4648
173	Spectrogram 1	1	1319.753330729	1319.800664062	22000.000	38000.000	0.4648
174	Waveform 1	1	1320.034664063	1320.060664062	22000.000	38000.000	0.2308
174	Spectrogram 1	1	1320.034664063	1320.060664062	22000.000	38000.000	0.2308
175	Waveform 1	1	1320.318664062	1320.356664062	22000.000	38000.000	0.3333
175	Spectrogram 1	1	1320.318664062	1320.356664062	22000.000	38000.000	0.3333
176	Waveform 1	1	1320.602664063	1320.628664062	22000.000	38000.000	0.1795
176	Spectrogram 1	1	1320.602664063	1320.628664062	22000.000	38000.000	0.1795
177	Waveform 1	1	1321.091997396	1321.143330729	22000.000	38000.000	0.3377
177	Spectrogram 1	1	1321.091997396	1321.143330729	22000.000	38000.000	0.3377
178	Waveform 1	1	1321.368664062	1321.427997396	22000.000	38000.000	0.2135
178	Spectrogram 1	1	1321.368664062	1321.427997396	22000.000	38000.000	0.2135
179	Waveform 1	1	1321.648664062	1321.675330729	22000.000	38000.000	0.1500
179	Spectrogram 1	1	1321.648664062	1321.675330729	22000.000	38000.000	0.1500
180	Waveform 1	1	1321.789330729	1321.825330729	22000.000	38000.000	0.1296
180	Spectrogram 1	1	1321.789330729	1321.825330729	22000.000	38000.000	0.1296
181	Waveform 1	1	1322.045997396	1322.079997396	22000.000	38000.000	0.2745
181	Spectrogram 1	1	1322.045997396	1322.079997396	22000.000	38000.000	0.2745
182	Waveform 1	1	1322.225997396	1322.271997396	22000.000	38000.000	0.2029
182	Spectrogram 1	1	1322.225997396	1322.271997396	22000.000	38000.000	0.2029
183	Waveform 1	1	1322.499997396	1322.507997396	22000.000	38000.000	0.4167
183	Spectrogram 1	1	1322.499997396	1322.507997396	22000.000	38000.000	0.4167
184	Waveform 1	1	1322.837997396	1322.839997396	22000.000	38000.000	1.0000
184	Spectrogram 1	1	1322.837997396	1322.839997396	22000.000	38000.000	1.0000
185	Waveform 1	1	1324.022664062	1324.036664062	22000.000	38000.000	0.1905
185	Spectrogram 1	1	1324.022664062	1324.036664062	22000.000	38000.000	0.1905
186	Waveform 1	1	1324.510664062	1324.516664063	22000.000	38000.000	0.4444
186	Spectrogram 1	1	1324.510664062	1324.516664063	22000.000	38000.000	0.4444
187	Waveform 1	1	1325.024664062	1325.063330729	22000.000	38000.000	0.1034
187	Spectrogram 1	1	1325.024664062	1325.063330729	22000.000	38000.000	0.1034
188	Waveform 1	1	1325.191997396	1325.199330729	22000.000	38000.000	0.4545
188	Spectrogram 1	1	1325.191997396	1325.199330729	22000.000	38000.000	0.4545
189	Waveform 1	1	1325.711330729	1325.735997396	22000.000	38000.000	0.4054
189	Spectrogram 1	1	1325.711330729	1325.735997396	22000.000	38000.000	0.4054
190	Waveform 1	1	1326.367997396	1326.375330729	22000.000	38000.000	0.4545
190	Spectrogram 1	1	1326.367997396	1326.375330729	22000.000	38000.000	0.4545
191	Waveform 1	1	1343.434664062	1343.439330729	22000.000	38000.000	0.2857
191	Spectrogram 1	1	1343.434664062	1343.439330729	22000.000	38000.000	0.2857
192	Waveform 1	1	1344.095997396	1344.097997396	22000.000	38000.000	0.6667
192	Spectrogram 1	1	1344.095997396	1344.097997396	22000.000	38000.000	0.6667
193	Waveform 1	1	1344.760664062	1344.773997396	22000.000	38000.000	0.5500
193	Spectrogram 1	1	1344.760664062	1344.773997396	22000.000	38000.000	0.5500
194	Waveform 1	1	1345.429330729	1345.431997396	22000.000	38000.000	0.7500
194	Spectrogram 1	1	1345.429330729	1345.431997396	22000.000	38000.000	0.7500
195	Waveform 1	1	1345.629330729	1345.651330729	22000.000	38000.000	0.1515
195	Spectrogram 1	1	1345.629330729	1345.651330729	22000.000	38000.000	0.1515
196	Waveform 1	1	1346.158664062	1346.166664062	22000.000	38000.000	0.1667
196	Spectrogram 1	1	1346.158664062	1346.166664062	22000.000	38000.000	0.1667
197	Waveform 1	1	1346.432664062	1346.449997396	22000.000	38000.000	0.3077
197	Spectrogram 1	1	1346.432664062	1346.449997396	22000.000	38000.000	0.3077
198	Waveform 1	1	1347.099997396	1347.101997396	22000.000	38000.000	1.0000
198	Spectrogram 1	1	1347.099997396	1347.101997396	22000.000	38000.000	1.0000
199	Waveform 1	1	1347.277997396	1347.291330729	22000.000	38000.000	0.1500
199	Spectrogram 1	1	1347.277997396	1347.291330729	22000.000	38000.000	0.1500
200	Waveform 1	1	1352.231997396	1352.241330729	22000.000	38000.000	0.2857
200	Spectrogram 1	1	1352.231997396	1352.241330729	22000.000	38000.000	0.2857
201	Waveform 1	1	1354.860664062	1354.883997396	22000.000	38000.000	0.1429
201	Spectrogram 1	1	1354.860664062	1354.883997396	22000.000	38000.000	0.1429
202	Waveform 1	1	1355.605997396	1355.621997396	22000.000	38000.000	0.2917
202	Spectrogram 1	1	1355.605997396	1355.621997396	22000.000	38000.000	0.2917
203	Waveform 1	1	1383.766664063	1383.777330729	22000.000	38000.000	0.1250
203	Spectrogram 1	1	1383.766664063	1383.777330729	22000.000	38000.000	0.1250
204	Waveform 1	1	1512.022664062	1512.031997396	22000.000	38000.000	0.2143
204	Spectrogram 1	1	1512.022664062	1512.031997396	22000.000	38000.000	0.2143
