Selection	View	Channel	Begin Time (s)	End Time (s)	Low Freq (Hz)	High Freq (Hz)	Occupancy
1	Waveform 1	1	116.569330729	116.573997396	22000.000	38000.000	0.2857
1	Spectrogram 1	1	116.569330729	116.573997396	22000.000	38000.000	0.2857
2	Waveform 1	1	116.828664062	116.840664062	22000.000	38000.000	0.1111
2	Spectrogram 1	1	116.828664062	116.840664062	22000.000	38000.000	0.1111
3	Waveform 1	1	118.942664062	118.973997396	22000.000	38000.000	0.0851
3	Spectrogram 1	1	118.942664062	118.973997396	22000.000	38000.000	0.0851
4	Waveform 1	1	119.748664062	119.771330729	22000.000	38000.000	0.2059
4	Spectrogram 1	1	119.748664062	119.771330729	22000.000	38000.000	0.2059
5	Waveform 1	1	120.520664062	120.545997396	22000.000	38000.000	0.0789
5	Spectrogram 1	1	120.520664062	120.545997396	22000.000	38000.000	0.0789
6	Waveform 1	1	121.179330729	121.213997396	22000.000	38000.000	0.0769
6	Spectrogram 1	1	121.179330729	121.213997396	22000.000	38000.000	0.0769
7	Waveform 1	1	121.967997396	121.983330729	22000.000	38000.000	0.2174
7	Spectrogram 1	1	121.967997396	121.983330729	22000.000	38000.000	0.2174
8	Waveform 1	1	124.488664062	124.510664062	22000.000	38000.000	0.1212
8	Spectrogram 1	1	124.488664062	124.510664062	22000.000	38000.000	0.1212
9	Waveform 1	1	124.975997396	124.998664062	22000.000	38000.000	0.2941
9	Spectrogram 1	1	124.975997396	124.998664062	22000.000	38000.000	0.2941
10	Waveform 1	1	125.705997396	125.744664062	22000.000	38000.000	0.1724
10	Spectrogram 1	1	125.705997396	125.744664062	22000.000	38000.000	0.1724
11	Waveform 1	1	126.142664062	126.167330729	22000.000	38000.000	0.1622
11	Spectrogram 1	1	126.142664062	126.167330729	22000.000	38000.000	0.1622
12	Waveform 1	1	126.342664062	126.371997396	22000.000	38000.000	0.2955
12	Spectrogram 1	1	126.342664062	126.371997396	22000.000	38000.000	0.2955
13	Waveform 1	1	127.101330729	127.103997396	22000.000	38000.000	0.5000
13	Spectrogram 1	1	127.101330729	127.103997396	22000.000	38000.000	0.5000
14	Waveform 1	1	127.756664062	127.763997396	22000.000	38000.000	0.2727
14	Spectrogram 1	1	127.756664062	127.763997396	22000.000	38000.000	0.2727
15	Waveform 1	1	127.915997396	127.921330729	22000.000	38000.000	0.5000
15	Spectrogram 1	1	127.915997396	127.921330729	22000.000	38000.000	0.5000
16	Waveform 1	1	128.357330729	128.358664062	22000.000	38000.000	1.0000
16	Spectrogram 1	1	128.357330729	128.358664062	22000.000	38000.000	1.0000
17	Waveform 1	1	131.112664062	131.120664062	22000.000	38000.000	0.3333
17	Spectrogram 1	1	131.112664062	131.120664062	22000.000	38000.000	0.3333
18	Waveform 1	1	131.793330729	131.797997396	22000.000	38000.000	0.4286
18	Spectrogram 1	1	131.793330729	131.797997396	22000.000	38000.000	0.4286
19	Waveform 1	1	809.550664063	809.551997396	22000.000	38000.000	1.0000
19	Spectrogram 1	1	809.550664063	809.551997396	22000.000	38000.000	1.0000
20	Waveform 1	1	809.938664063	809.947997396	22000.000	38000.000	0.2857
20	Spectrogram 1	1	809.938664063	809.947997396	22000.000	38000.000	0.2857
21	Waveform 1	1	811.653330729	811.674664063	22000.000	38000.000	0.1875
21	Spectrogram 1	1	811.653330729	811.674664063	22000.000	38000.000	0.1875
22	Waveform 1	1	812.211997396	812.230664063	22000.000	38000.000	0.1786
22	Spectrogram 1	1	812.211997396	812.230664063	22000.000	38000.000	0.1786
23	Waveform 1	1	880.966664063	880.974664063	22000.000	38000.000	0.2500
23	Spectrogram 1	1	880.966664063	880.974664063	22000.000	38000.000	0.2500
24	Waveform 1	1	1306.637330729	1306.653330729	22000.000	38000.000	0.0833
24	Spectrogram 1	1	1306.637330729	1306.653330729	22000.000	38000.000	0.0833
25	Waveform 1	1	1308.042664062	1308.063330729	22000.000	38000.000	0.1290
25	Spectrogram 1	1	1308.042664062	1308.063330729	22000.000	38000.000	0.1290
26	Waveform 1	1	1308.867997396	1308.895330729	22000.000	38000.000	0.3415
26	Spectrogram 1	1	1308.867997396	1308.895330729	22000.000	38000.000	0.3415
27	Waveform 1	1	1309.577330729	1309.587997396	22000.000	38000.000	0.2500
27	Spectrogram 1	1	1309.577330729	1309.587997396	22000.000	38000.000	0.2500
28	Waveform 1	1	1310.271330729	1310.290664062	22000.000	38000.000	0.1724
28	Spectrogram 1	1	1310.271330729	1310.290664062	22000.000	38000.000	0.1724
29	Waveform 1	1	1310.548664062	1310.595330729	22000.000	38000.000	0.2714
29	Spectrogram 1	1	1310.548664062	1310.595330729	22000.000	38000.000	0.2714
30	Waveform 1	1	1311.255997396	1311.265997396	22000.000	38000.000	0.2667
30	Spectrogram 1	1	1311.255997396	1311.265997396	22000.000	38000.000	0.2667
31	Waveform 1	1	1312.915997396	1312.933997396	22000.000	38000.000	0.2963
31	Spectrogram 1	1	1312.915997396	1312.933997396	22000.000	38000.000	0.2963
32	Waveform 1	1	1315.019330729	1315.021330729	22000.000	38000.000	0.6667
32	Spectrogram 1	1	1315.019330729	1315.021330729	22000.000	38000.000	0.6667
33	Waveform 1	1	1316.589330729	1316.595330729	22000.000	38000.000	0.3333
33	Spectrogram 1	1	1316.589330729	1316.595330729	22000.000	38000.000	0.3333
34	Waveform 1	1	1394.762664062	1394.771997396	22000.000	38000.000	0.1429
34	Spectrogram 1	1	1394.762664062	1394.771997396	22000.000	38000.000	0.1429
35	Waveform 1	1	1397.465997396	1397.475997396	22000.000	38000.000	0.1333
35	Spectrogram 1	1	1397.465997396	1397.475997396	22000.000	38000.000	0.1333
36	Waveform 1	1	1398.124664062	1398.134664062	22000.000	38000.000	0.1333
36	Spectrogram 1	1	1398.124664062	1398.134664062	22000.000	38000.000	0.1333
37	Waveform 1	1	1537.937997396	1537.960664062	22000.000	38000.000	0.2647
37	Spectrogram 1	1	1537.937997396	1537.960664062	22000.000	38000.000	0.2647
38	Waveform 1	1	1539.103330729	1539.138664062	22000.000	38000.000	0.2264
38	Spectrogram 1	1	1539.103330729	1539.138664062	22000.000	38000.000	0.2264
39	Waveform 1	1	1539.487997396	1539.509330729	22000.000	38000.000	0.1562
39	Spectrogram 1	1	1539.487997396	1539.509330729	22000.000	38000.000	0.1562
40	Waveform 1	1	1539.865997396	1539.911997396	22000.000	38000.000	0.1449
40	Spectrogram 1	1	1539.865997396	1539.911997396	22000.000	38000.000	0.1449
41	Waveform 1	1	1540.508664062	1540.523330729	22000.000	38000.000	0.2273
41	Spectrogram 1	1	1540.508664062	1540.523330729	22000.000	38000.000	0.2273
42	Waveform 1	1	1582.947330729	1582.965330729	22000.000	38000.000	0.0741
42	Spectrogram 1	1	1582.947330729	1582.965330729	22000.000	38000.000	0.0741
43	Waveform 1	1	1584.250664062	1584.255997396	22000.000	38000.000	0.2500
43	Spectrogram 1	1	1584.250664062	1584.255997396	22000.000	38000.000	0.2500
44	Waveform 1	1	1584.753330729	1584.774664062	22000.000	38000.000	0.2188
44	Spectrogram 1	1	1584.753330729	1584.774664062	22000.000	38000.000	0.2188
45	Waveform 1	1	1585.769330729	1585.782664062	22000.000	38000.000	0.2500
45	Spectrogram 1	1	1585.769330729	1585.782664062	22000.000	38000.000	0.2500
46	Waveform 1	1	1586.651997396	1586.691997396	22000.000	38000.000	0.1167
46	Spectrogram 1	1	1586.651997396	1586.691997396	22000.000	38000.000	0.1167
47	Waveform 1	1	1586.858664062	1586.897330729	22000.000	38000.000	0.2586
47	Spectrogram 1	1	1586.858664062	1586.897330729	22000.000	38000.000	0.2586
48	Waveform 1	1	1587.126664062	1587.157997396	22000.000	38000.000	0.4255
48	Spectrogram 1	1	1587.126664062	1587.157997396	22000.000	38000.000	0.4255
49	Waveform 1	1	1587.373330729	1587.386664062	22000.000	38000.000	0.2000
49	Spectrogram 1	1	1587.373330729	1587.386664062	22000.000	38000.000	0.2000
50	Waveform 1	1	1587.886664062	1587.891330729	22000.000	38000.000	0.2857
50	Spectrogram 1	1	1587.886664062	1587.891330729	22000.000	38000.000	0.2857
51	Waveform 1	1	1589.759330729	1589.762664062	22000.000	38000.000	0.6000
51	Spectrogram 1	1	1589.759330729	1589.762664062	22000.000	38000.000	0.6000
