Selection	View	Channel	Begin Time (s)	End Time (s)	Low Freq (Hz)	High Freq (Hz)	Occupancy
1	Waveform 1	1	533.251997396	533.257330729	38000.000	81000.000	0.2500
1	Spectrogram 1	1	533.251997396	533.257330729	38000.000	81000.000	0.2500
2	Waveform 1	1	534.001330729	534.002664063	38000.000	81000.000	1.0000
2	Spectrogram 1	1	534.001330729	534.002664063	38000.000	81000.000	1.0000
3	Waveform 1	1	534.097997396	534.099330729	38000.000	81000.000	1.0000
3	Spectrogram 1	1	534.097997396	534.099330729	38000.000	81000.000	1.0000
4	Waveform 1	1	534.291997396	534.293330729	38000.000	81000.000	1.0000
4	Spectrogram 1	1	534.291997396	534.293330729	38000.000	81000.000	1.0000
5	Waveform 1	1	534.387330729	534.388664063	38000.000	81000.000	1.0000
5	Spectrogram 1	1	534.387330729	534.388664063	38000.000	81000.000	1.0000
6	Waveform 1	1	534.487330729	534.495330729	38000.000	81000.000	0.5000
6	Spectrogram 1	1	534.487330729	534.495330729	38000.000	81000.000	0.5000
7	Waveform 1	1	534.587997396	534.594664063	38000.000	81000.000	0.2000
7	Spectrogram 1	1	534.587997396	534.594664063	38000.000	81000.000	0.2000
8	Waveform 1	1	534.686664063	534.693330729	38000.000	81000.000	0.4000
8	Spectrogram 1	1	534.686664063	534.693330729	38000.000	81000.000	0.4000
9	Waveform 1	1	534.889997396	534.891330729	38000.000	81000.000	1.0000
9	Spectrogram 1	1	534.889997396	534.891330729	38000.000	81000.000	1.0000
10	Waveform 1	1	535.095997396	535.103997396	38000.000	81000.000	0.3333
10	Spectrogram 1	1	535.095997396	535.103997396	38000.000	81000.000	0.3333
11	Waveform 1	1	535.287997396	535.289330729	38000.000	81000.000	1.0000
11	Spectrogram 1	1	535.287997396	535.289330729	38000.000	81000.000	1.0000
12	Waveform 1	1	535.581997396	535.584664062	38000.000	81000.000	0.7500
12	Spectrogram 1	1	535.581997396	535.584664062	38000.000	81000.000	0.7500
13	Waveform 1	1	535.853330729	535.861330729	38000.000	81000.000	0.2500
13	Spectrogram 1	1	535.853330729	535.861330729	38000.000	81000.000	0.2500
14	Waveform 1	1	535.913330729	535.914664063	38000.000	81000.000	1.0000
14	Spectrogram 1	1	535.913330729	535.914664063	38000.000	81000.000	1.0000
15	Waveform 1	1	536.241997396	536.249330729	38000.000	81000.000	0.2727
15	Spectrogram 1	1	536.241997396	536.249330729	38000.000	81000.000	0.2727
16	Waveform 1	1	536.511997396	536.518664063	38000.000	81000.000	0.2000
16	Spectrogram 1	1	536.511997396	536.518664063	38000.000	81000.000	0.2000
17	Waveform 1	1	536.625997396	536.633330729	38000.000	81000.000	0.2727
17	Spectrogram 1	1	536.625997396	536.633330729	38000.000	81000.000	0.2727
18	Waveform 1	1	536.675997396	536.683330729	38000.000	81000.000	0.2727
18	Spectrogram 1	1	536.675997396	536.683330729	38000.000	81000.000	0.2727
19	Waveform 1	1	536.727997396	536.735330729	38000.000	81000.000	0.2727
19	Spectrogram 1	1	536.727997396	536.735330729	38000.000	81000.000	0.2727
20	Waveform 1	1	536.785330729	536.792664063	38000.000	81000.000	0.2727
20	Spectrogram 1	1	536.785330729	536.792664063	38000.000	81000.000	0.2727
21	Waveform 1	1	536.838664063	536.845997396	38000.000	81000.000	0.3636
21	Spectrogram 1	1	536.838664063	536.845997396	38000.000	81000.000	0.3636
22	Waveform 1	1	537.179997396	537.188664063	38000.000	81000.000	0.3077
22	Spectrogram 1	1	537.179997396	537.188664063	38000.000	81000.000	0.3077
23	Waveform 1	1	537.243997396	537.245997396	38000.000	81000.000	1.0000
23	Spectrogram 1	1	537.243997396	537.245997396	38000.000	81000.000	1.0000
24	Waveform 1	1	537.321330729	537.329997396	38000.000	81000.000	0.3846
24	Spectrogram 1	1	537.321330729	537.329997396	38000.000	81000.000	0.3846
25	Waveform 1	1	537.405997396	537.407330729	38000.000	81000.000	1.0000
25	Spectrogram 1	1	537.405997396	537.407330729	38000.000	81000.000	1.0000
26	Waveform 1	1	537.571330729	537.573330729	38000.000	81000.000	1.0000
26	Spectrogram 1	1	537.571330729	537.573330729	38000.000	81000.000	1.0000
27	Waveform 1	1	537.665330729	537.667330729	38000.000	81000.000	1.0000
27	Spectrogram 1	1	537.665330729	537.667330729	38000.000	81000.000	1.0000
28	Waveform 1	1	537.757330729	537.766664063	38000.000	81000.000	0.2143
28	Spectrogram 1	1	537.757330729	537.766664063	38000.000	81000.000	0.2143
29	Waveform 1	1	537.941997396	537.943330729	38000.000	81000.000	1.0000
29	Spectrogram 1	1	537.941997396	537.943330729	38000.000	81000.000	1.0000
30	Waveform 1	1	538.042664063	538.044664063	38000.000	81000.000	1.0000
30	Spectrogram 1	1	538.042664063	538.044664063	38000.000	81000.000	1.0000
31	Waveform 1	1	538.143997396	538.153330729	38000.000	81000.000	0.3571
31	Spectrogram 1	1	538.143997396	538.153330729	38000.000	81000.000	0.3571
32	Waveform 1	1	538.243330729	538.244664063	38000.000	81000.000	1.0000
32	Spectrogram 1	1	538.243330729	538.244664063	38000.000	81000.000	1.0000
33	Waveform 1	1	538.437330729	538.439330729	38000.000	81000.000	1.0000
33	Spectrogram 1	1	538.437330729	538.439330729	38000.000	81000.000	1.0000
34	Waveform 1	1	539.009330729	539.011330729	38000.000	81000.000	1.0000
34	Spectrogram 1	1	539.009330729	539.011330729	38000.000	81000.000	1.0000
35	Waveform 1	1	539.299330729	539.301997396	38000.000	81000.000	1.0000
35	Spectrogram 1	1	539.299330729	539.301997396	38000.000	81000.000	1.0000
36	Waveform 1	1	539.621330729	539.623330729	38000.000	81000.000	1.0000
36	Spectrogram 1	1	539.621330729	539.623330729	38000.000	81000.000	1.0000
37	Waveform 1	1	539.709997396	539.717330729	38000.000	81000.000	0.3636
37	Spectrogram 1	1	539.709997396	539.717330729	38000.000	81000.000	0.3636
38	Waveform 1	1	539.941997396	539.943997396	38000.000	81000.000	1.0000
38	Spectrogram 1	1	539.941997396	539.943997396	38000.000	81000.000	1.0000
39	Waveform 1	1	540.151997396	540.153330729	38000.000	81000.000	1.0000
39	Spectrogram 1	1	540.151997396	540.153330729	38000.000	81000.000	1.0000
40	Waveform 1	1	540.363997396	540.365330729	38000.000	81000.000	1.0000
40	Spectrogram 1	1	540.363997396	540.365330729	38000.000	81000.000	1.0000
41	Waveform 1	1	540.462664063	540.463997396	38000.000	81000.000	1.0000
41	Spectrogram 1	1	540.462664063	540.463997396	38000.000	81000.000	1.0000
