Selection	View	Channel	Begin Time (s)	End Time (s)	Low Freq (Hz)	High Freq (Hz)	Occupancy
1	Waveform 1	1	85.873330729	85.875997396	38000.000	81000.000	0.5000
1	Spectrogram 1	1	85.873330729	85.875997396	38000.000	81000.000	0.5000
2	Waveform 1	1	149.920664062	149.923997396	38000.000	81000.000	0.8000
2	Spectrogram 1	1	149.920664062	149.923997396	38000.000	81000.000	0.8000
3	Waveform 1	1	150.663997396	150.665997396	38000.000	81000.000	0.6667
3	Spectrogram 1	1	150.663997396	150.665997396	38000.000	81000.000	0.6667
4	Waveform 1	1	150.893330729	150.897330729	38000.000	81000.000	0.3333
4	Spectrogram 1	1	150.893330729	150.897330729	38000.000	81000.000	0.3333
5	Waveform 1	1	166.337330729	166.338664062	38000.000	81000.000	1.0000
5	Spectrogram 1	1	166.337330729	166.338664062	38000.000	81000.000	1.0000
6	Waveform 1	1	166.854664063	166.859330729	38000.000	81000.000	0.4286
6	Spectrogram 1	1	166.854664063	166.859330729	38000.000	81000.000	0.4286
7	Waveform 1	1	167.021330729	167.023330729	38000.000	81000.000	0.6667
7	Spectrogram 1	1	167.021330729	167.023330729	38000.000	81000.000	0.6667
8	Waveform 1	1	167.122664063	167.128664062	38000.000	81000.000	0.4444
8	Spectrogram 1	1	167.122664063	167.128664062	38000.000	81000.000	0.4444
9	Waveform 1	1	167.217997396	167.224664062	38000.000	81000.000	0.7000
9	Spectrogram 1	1	167.217997396	167.224664062	38000.000	81000.000	0.7000
10	Waveform 1	1	167.319997396	167.326664062	38000.000	81000.000	0.7000
10	Spectrogram 1	1	167.319997396	167.326664062	38000.000	81000.000	0.7000
11	Waveform 1	1	167.425330729	167.431997396	38000.000	81000.000	0.7000
11	Spectrogram 1	1	167.425330729	167.431997396	38000.000	81000.000	0.7000
12	Waveform 1	1	167.526664063	167.534664062	38000.000	81000.000	0.5833
12	Spectrogram 1	1	167.526664063	167.534664062	38000.000	81000.000	0.5833
13	Waveform 1	1	167.632664062	167.639997396	38000.000	81000.000	0.6364
13	Spectrogram 1	1	167.632664062	167.639997396	38000.000	81000.000	0.6364
14	Waveform 1	1	167.727997396	167.745330729	38000.000	81000.000	0.5385
14	Spectrogram 1	1	167.727997396	167.745330729	38000.000	81000.000	0.5385
15	Waveform 1	1	167.831997396	167.839997396	38000.000	81000.000	0.5833
15	Spectrogram 1	1	167.831997396	167.839997396	38000.000	81000.000	0.5833
16	Waveform 1	1	167.924664062	167.938664062	38000.000	81000.000	0.4762
16	Spectrogram 1	1	167.924664062	167.938664062	38000.000	81000.000	0.4762
17	Waveform 1	1	168.026664063	168.034664062	38000.000	81000.000	0.3333
17	Spectrogram 1	1	168.026664063	168.034664062	38000.000	81000.000	0.3333
18	Waveform 1	1	168.118664062	168.129997396	38000.000	81000.000	0.7059
18	Spectrogram 1	1	168.118664062	168.129997396	38000.000	81000.000	0.7059
19	Waveform 1	1	168.215330729	168.223997396	38000.000	81000.000	0.3846
19	Spectrogram 1	1	168.215330729	168.223997396	38000.000	81000.000	0.3846
20	Waveform 1	1	168.303330729	168.315997396	38000.000	81000.000	0.7895
20	Spectrogram 1	1	168.303330729	168.315997396	38000.000	81000.000	0.7895
21	Waveform 1	1	168.395997396	168.397997396	38000.000	81000.000	0.6667
21	Spectrogram 1	1	168.395997396	168.397997396	38000.000	81000.000	0.6667
22	Waveform 1	1	168.480664062	168.490664063	38000.000	81000.000	0.5333
22	Spectrogram 1	1	168.480664062	168.490664063	38000.000	81000.000	0.5333
23	Waveform 1	1	168.660664062	168.669330729	38000.000	81000.000	0.3077
23	Spectrogram 1	1	168.660664062	168.669330729	38000.000	81000.000	0.3077
24	Waveform 1	1	323.569330729	323.571330729	38000.000	81000.000	1.0000
24	Spectrogram 1	1	323.569330729	323.571330729	38000.000	81000.000	1.0000
25	Waveform 1	1	323.894664062	323.896664063	38000.000	81000.000	1.0000
25	Spectrogram 1	1	323.894664062	323.896664063	38000.000	81000.000	1.0000
26	Waveform 1	1	324.118664062	324.120664062	38000.000	81000.000	1.0000
26	Spectrogram 1	1	324.118664062	324.120664062	38000.000	81000.000	1.0000
27	Waveform 1	1	324.670664063	324.671997396	38000.000	81000.000	1.0000
27	Spectrogram 1	1	324.670664063	324.671997396	38000.000	81000.000	1.0000
28	Waveform 1	1	324.768664062	324.769997396	38000.000	81000.000	1.0000
28	Spectrogram 1	1	324.768664062	324.769997396	38000.000	81000.000	1.0000
29	Waveform 1	1	324.867997396	324.869997396	38000.000	81000.000	1.0000
29	Spectrogram 1	1	324.867997396	324.869997396	38000.000	81000.000	1.0000
30	Waveform 1	1	325.181330729	325.182664063	38000.000	81000.000	1.0000
30	Spectrogram 1	1	325.181330729	325.182664063	38000.000	81000.000	1.0000
31	Waveform 1	1	325.285330729	325.286664062	38000.000	81000.000	1.0000
31	Spectrogram 1	1	325.285330729	325.286664062	38000.000	81000.000	1.0000
32	Waveform 1	1	325.579997396	325.581330729	38000.000	81000.000	1.0000
32	Spectrogram 1	1	325.579997396	325.581330729	38000.000	81000.000	1.0000
33	Waveform 1	1	325.777330729	325.778664063	38000.000	81000.000	1.0000
33	Spectrogram 1	1	325.777330729	325.778664063	38000.000	81000.000	1.0000
34	Waveform 1	1	326.077997396	326.079330729	38000.000	81000.000	1.0000
34	Spectrogram 1	1	326.077997396	326.079330729	38000.000	81000.000	1.0000
35	Waveform 1	1	326.204664063	326.205997396	38000.000	81000.000	1.0000
35	Spectrogram 1	1	326.204664063	326.205997396	38000.000	81000.000	1.0000
36	Waveform 1	1	326.324664063	326.325997396	38000.000	81000.000	1.0000
36	Spectrogram 1	1	326.324664063	326.325997396	38000.000	81000.000	1.0000
37	Waveform 1	1	326.579330729	326.580664062	38000.000	81000.000	1.0000
37	Spectrogram 1	1	326.579330729	326.580664062	38000.000	81000.000	1.0000
38	Waveform 1	1	327.020664062	327.021997396	38000.000	81000.000	1.0000
38	Spectrogram 1	1	327.020664062	327.021997396	38000.000	81000.000	1.0000
39	Waveform 1	1	372.501997396	372.503997396	38000.000	81000.000	0.6667
39	Spectrogram 1	1	372.501997396	372.503997396	38000.000	81000.000	0.6667
40	Waveform 1	1	372.570664062	372.571997396	38000.000	81000.000	1.0000
40	Spectrogram 1	1	372.570664062	372.571997396	38000.000	81000.000	1.0000
41	Waveform 1	1	373.087997396	373.089997396	38000.000	81000.000	0.6667
41	Spectrogram 1	1	373.087997396	373.089997396	38000.000	81000.000	0.6667
42	Waveform 1	1	700.582664063	700.583997396	38000.000	81000.000	1.0000
42	Spectrogram 1	1	700.582664063	700.583997396	38000.000	81000.000	1.0000
43	Waveform 1	1	700.677330729	700.678664063	38000.000	81000.000	1.0000
43	Spectrogram 1	1	700.677330729	700.678664063	38000.000	81000.000	1.0000
44	Waveform 1	1	700.887997396	700.889330729	38000.000	81000.000	1.0000
44	Spectrogram 1	1	700.887997396	700.889330729	38000.000	81000.000	1.0000
45	Waveform 1	1	701.441330729	701.442664063	38000.000	81000.000	1.0000
45	Spectrogram 1	1	701.441330729	701.442664063	38000.000	81000.000	1.0000
46	Waveform 1	1	975.751330729	975.752664063	38000.000	81000.000	1.0000
46	Spectrogram 1	1	975.751330729	975.752664063	38000.000	81000.000	1.0000
47	Waveform 1	1	984.306664063	984.308664063	38000.000	81000.000	0.6667
47	Spectrogram 1	1	984.306664063	984.308664063	38000.000	81000.000	0.6667
48	Waveform 1	1	984.373330729	984.375330729	38000.000	81000.000	0.6667
48	Spectrogram 1	1	984.373330729	984.375330729	38000.000	81000.000	0.6667
49	Waveform 1	1	984.427997396	984.429330729	38000.000	81000.000	1.0000
49	Spectrogram 1	1	984.427997396	984.429330729	38000.000	81000.000	1.0000
50	Waveform 1	1	985.120664063	985.128664063	38000.000	81000.000	0.3333
50	Spectrogram 1	1	985.120664063	985.128664063	38000.000	81000.000	0.3333
51	Waveform 1	1	985.185997396	985.187997396	38000.000	81000.000	1.0000
51	Spectrogram 1	1	985.185997396	985.187997396	38000.000	81000.000	1.0000
52	Waveform 1	1	985.249997396	985.251997396	38000.000	81000.000	1.0000
52	Spectrogram 1	1	985.249997396	985.251997396	38000.000	81000.000	1.0000
53	Waveform 1	1	985.300664063	985.304664063	38000.000	81000.000	0.5000
53	Spectrogram 1	1	985.300664063	985.304664063	38000.000	81000.000	0.5000
54	Waveform 1	1	985.345997396	985.347997396	38000.000	81000.000	0.6667
54	Spectrogram 1	1	985.345997396	985.347997396	38000.000	81000.000	0.6667
55	Waveform 1	1	985.417330729	985.418664063	38000.000	81000.000	1.0000
55	Spectrogram 1	1	985.417330729	985.418664063	38000.000	81000.000	1.0000
56	Waveform 1	1	991.835997396	991.837997396	38000.000	81000.000	1.0000
56	Spectrogram 1	1	991.835997396	991.837997396	38000.000	81000.000	1.0000
57	Waveform 1	1	991.954664063	991.957997396	38000.000	81000.000	1.0000
57	Spectrogram 1	1	991.954664063	991.957997396	38000.000	81000.000	1.0000
58	Waveform 1	1	992.023330729	992.026664063	38000.000	81000.000	0.8000
58	Spectrogram 1	1	992.023330729	992.026664063	38000.000	81000.000	0.8000
59	Waveform 1	1	992.193997396	992.198664063	38000.000	81000.000	1.0000
59	Spectrogram 1	1	992.193997396	992.198664063	38000.000	81000.000	1.0000
60	Waveform 1	1	992.277330729	992.279997396	38000.000	81000.000	0.7500
60	Spectrogram 1	1	992.277330729	992.279997396	38000.000	81000.000	0.7500
61	Waveform 1	1	992.367330729	992.368664063	38000.000	81000.000	1.0000
61	Spectrogram 1	1	992.367330729	992.368664063	38000.000	81000.000	1.0000
62	Waveform 1	1	992.418664063	992.419997396	38000.000	81000.000	1.0000
62	Spectrogram 1	1	992.418664063	992.419997396	38000.000	81000.000	1.0000
63	Waveform 1	1	992.474664063	992.476664063	38000.000	81000.000	1.0000
63	Spectrogram 1	1	992.474664063	992.476664063	38000.000	81000.000	1.0000
64	Waveform 1	1	992.517997396	992.527330729	38000.000	81000.000	0.6429
64	Spectrogram 1	1	992.517997396	992.527330729	38000.000	81000.000	0.6429
65	Waveform 1	1	992.573330729	992.575997396	38000.000	81000.000	1.0000
65	Spectrogram 1	1	992.573330729	992.575997396	38000.000	81000.000	1.0000
66	Waveform 1	1	992.657330729	992.661997396	38000.000	81000.000	0.8571
66	Spectrogram 1	1	992.657330729	992.661997396	38000.000	81000.000	0.8571
67	Waveform 1	1	992.715330729	992.719330729	38000.000	81000.000	0.8333
67	Spectrogram 1	1	992.715330729	992.719330729	38000.000	81000.000	0.8333
68	Waveform 1	1	992.779330729	992.781330729	38000.000	81000.000	1.0000
68	Spectrogram 1	1	992.779330729	992.781330729	38000.000	81000.000	1.0000
69	Waveform 1	1	992.851330729	992.852664063	38000.000	81000.000	1.0000
69	Spectrogram 1	1	992.851330729	992.852664063	38000.000	81000.000	1.0000
70	Waveform 1	1	992.898664063	992.899997396	38000.000	81000.000	1.0000
70	Spectrogram 1	1	992.898664063	992.899997396	38000.000	81000.000	1.0000
71	Waveform 1	1	992.961997396	992.967330729	38000.000	81000.000	1.0000
71	Spectrogram 1	1	992.961997396	992.967330729	38000.000	81000.000	1.0000
72	Waveform 1	1	993.035330729	993.037330729	38000.000	81000.000	1.0000
72	Spectrogram 1	1	993.035330729	993.037330729	38000.000	81000.000	1.0000
73	Waveform 1	1	993.143330729	993.146664063	38000.000	81000.000	0.8000
73	Spectrogram 1	1	993.143330729	993.146664063	38000.000	81000.000	0.8000
74	Waveform 1	1	993.216664063	993.224664063	38000.000	81000.000	0.4167
74	Spectrogram 1	1	993.216664063	993.224664063	38000.000	81000.000	0.4167
75	Waveform 1	1	993.303997396	993.305997396	38000.000	81000.000	1.0000
75	Spectrogram 1	1	993.303997396	993.305997396	38000.000	81000.000	1.0000
76	Waveform 1	1	993.361330729	993.362664063	38000.000	81000.000	1.0000
76	Spectrogram 1	1	993.361330729	993.362664063	38000.000	81000.000	1.0000
77	Waveform 1	1	993.411997396	993.413330729	38000.000	81000.000	1.0000
77	Spectrogram 1	1	993.411997396	993.413330729	38000.000	81000.000	1.0000
78	Waveform 1	1	993.646664063	993.650664063	38000.000	81000.000	0.5000
78	Spectrogram 1	1	993.646664063	993.650664063	38000.000	81000.000	0.5000
79	Waveform 1	1	993.806664063	993.807997396	38000.000	81000.000	1.0000
79	Spectrogram 1	1	993.806664063	993.807997396	38000.000	81000.000	1.0000
80	Waveform 1	1	994.977330729	994.979330729	38000.000	81000.000	0.6667
80	Spectrogram 1	1	994.977330729	994.979330729	38000.000	81000.000	0.6667
81	Waveform 1	1	995.174664063	995.177997396	38000.000	81000.000	0.8000
81	Spectrogram 1	1	995.174664063	995.177997396	38000.000	81000.000	0.8000
82	Waveform 1	1	995.529330729	995.530664063	38000.000	81000.000	1.0000
82	Spectrogram 1	1	995.529330729	995.530664063	38000.000	81000.000	1.0000
83	Waveform 1	1	995.708664063	995.709997396	38000.000	81000.000	1.0000
83	Spectrogram 1	1	995.708664063	995.709997396	38000.000	81000.000	1.0000
84	Waveform 1	1	996.780664063	996.783330729	38000.000	81000.000	0.7500
84	Spectrogram 1	1	996.780664063	996.783330729	38000.000	81000.000	0.7500
85	Waveform 1	1	996.979997396	996.981997396	38000.000	81000.000	1.0000
85	Spectrogram 1	1	996.979997396	996.981997396	38000.000	81000.000	1.0000
86	Waveform 1	1	1031.916664062	1031.919997396	38000.000	81000.000	0.6000
86	Spectrogram 1	1	1031.916664062	1031.919997396	38000.000	81000.000	0.6000
87	Waveform 1	1	1031.972664062	1031.974664062	38000.000	81000.000	1.0000
87	Spectrogram 1	1	1031.972664062	1031.974664062	38000.000	81000.000	1.0000
88	Waveform 1	1	1032.022664062	1032.025997396	38000.000	81000.000	1.0000
88	Spectrogram 1	1	1032.022664062	1032.025997396	38000.000	81000.000	1.0000
89	Waveform 1	1	1032.075330729	1032.079997396	38000.000	81000.000	1.0000
89	Spectrogram 1	1	1032.075330729	1032.079997396	38000.000	81000.000	1.0000
90	Waveform 1	1	1032.149330729	1032.152664062	38000.000	81000.000	1.0000
90	Spectrogram 1	1	1032.149330729	1032.152664062	38000.000	81000.000	1.0000
91	Waveform 1	1	1032.216664062	1032.218664063	38000.000	81000.000	1.0000
91	Spectrogram 1	1	1032.216664062	1032.218664063	38000.000	81000.000	1.0000
92	Waveform 1	1	1153.804664063	1153.805997396	38000.000	81000.000	1.0000
92	Spectrogram 1	1	1153.804664063	1153.805997396	38000.000	81000.000	1.0000
93	Waveform 1	1	1197.437997396	1197.439330729	38000.000	81000.000	1.0000
93	Spectrogram 1	1	1197.437997396	1197.439330729	38000.000	81000.000	1.0000
94	Waveform 1	1	1197.654664062	1197.659330729	38000.000	81000.000	0.4286
94	Spectrogram 1	1	1197.654664062	1197.659330729	38000.000	81000.000	0.4286
95	Waveform 1	1	1197.749330729	1197.750664062	38000.000	81000.000	1.0000
95	Spectrogram 1	1	1197.749330729	1197.750664062	38000.000	81000.000	1.0000
96	Waveform 1	1	1197.841330729	1197.845997396	38000.000	81000.000	0.5714
96	Spectrogram 1	1	1197.841330729	1197.845997396	38000.000	81000.000	0.5714
97	Waveform 1	1	1197.931330729	1197.934664062	38000.000	81000.000	0.4000
97	Spectrogram 1	1	1197.931330729	1197.934664062	38000.000	81000.000	0.4000
98	Waveform 1	1	1215.056664062	1215.060664062	38000.000	81000.000	0.6667
98	Spectrogram 1	1	1215.056664062	1215.060664062	38000.000	81000.000	0.6667
99	Waveform 1	1	1215.282664062	1215.285330729	38000.000	81000.000	1.0000
99	Spectrogram 1	1	1215.282664062	1215.285330729	38000.000	81000.000	1.0000
100	Waveform 1	1	1215.429997396	1215.436664062	38000.000	81000.000	0.5000
100	Spectrogram 1	1	1215.429997396	1215.436664062	38000.000	81000.000	0.5000
101	Waveform 1	1	1215.517330729	1215.524664062	38000.000	81000.000	0.3636
101	Spectrogram 1	1	1215.517330729	1215.524664062	38000.000	81000.000	0.3636
102	Waveform 1	1	1215.607330729	1215.623330729	38000.000	81000.000	0.4167
102	Spectrogram 1	1	1215.607330729	1215.623330729	38000.000	81000.000	0.4167
103	Waveform 1	1	1215.695997396	1215.727330729	38000.000	81000.000	0.2766
103	Spectrogram 1	1	1215.695997396	1215.727330729	38000.000	81000.000	0.2766
104	Waveform 1	1	1215.780664062	1215.795330729	38000.000	81000.000	0.5000
104	Spectrogram 1	1	1215.780664062	1215.795330729	38000.000	81000.000	0.5000
105	Waveform 1	1	1215.970664062	1215.986664063	38000.000	81000.000	0.2500
105	Spectrogram 1	1	1215.970664062	1215.986664063	38000.000	81000.000	0.2500
106	Waveform 1	1	1216.058664062	1216.078664062	38000.000	81000.000	0.5000
106	Spectrogram 1	1	1216.058664062	1216.078664062	38000.000	81000.000	0.5000
107	Waveform 1	1	1216.149330729	1216.165330729	38000.000	81000.000	0.4167
107	Spectrogram 1	1	1216.149330729	1216.165330729	38000.000	81000.000	0.4167
108	Waveform 1	1	1216.345997396	1216.364664062	38000.000	81000.000	0.2143
108	Spectrogram 1	1	1216.345997396	1216.364664062	38000.000	81000.000	0.2143
109	Waveform 1	1	1216.531997396	1216.551330729	38000.000	81000.000	0.2069
109	Spectrogram 1	1	1216.531997396	1216.551330729	38000.000	81000.000	0.2069
110	Waveform 1	1	1216.629330729	1216.653997396	38000.000	81000.000	0.2162
110	Spectrogram 1	1	1216.629330729	1216.653997396	38000.000	81000.000	0.2162
111	Waveform 1	1	1216.761997396	1216.777330729	38000.000	81000.000	0.3913
111	Spectrogram 1	1	1216.761997396	1216.777330729	38000.000	81000.000	0.3913
112	Waveform 1	1	1216.837330729	1216.859330729	38000.000	81000.000	0.5455
112	Spectrogram 1	1	1216.837330729	1216.859330729	38000.000	81000.000	0.5455
113	Waveform 1	1	1216.918664062	1216.928664063	38000.000	81000.000	0.6000
113	Spectrogram 1	1	1216.918664062	1216.928664063	38000.000	81000.000	0.6000
114	Waveform 1	1	1217.020664062	1217.045997396	38000.000	81000.000	0.3684
114	Spectrogram 1	1	1217.020664062	1217.045997396	38000.000	81000.000	0.3684
115	Waveform 1	1	1217.257330729	1217.277330729	38000.000	81000.000	0.2000
115	Spectrogram 1	1	1217.257330729	1217.277330729	38000.000	81000.000	0.2000
116	Waveform 1	1	1217.382664062	1217.392664062	38000.000	81000.000	0.4000
116	Spectrogram 1	1	1217.382664062	1217.392664062	38000.000	81000.000	0.4000
117	Waveform 1	1	1217.470664062	1217.491997396	38000.000	81000.000	0.4375
117	Spectrogram 1	1	1217.470664062	1217.491997396	38000.000	81000.000	0.4375
118	Waveform 1	1	1217.621997396	1217.633330729	38000.000	81000.000	0.5294
118	Spectrogram 1	1	1217.621997396	1217.633330729	38000.000	81000.000	0.5294
119	Waveform 1	1	1217.953330729	1217.965330729	38000.000	81000.000	0.2222
119	Spectrogram 1	1	1217.953330729	1217.965330729	38000.000	81000.000	0.2222
120	Waveform 1	1	1218.231997396	1218.238664062	38000.000	81000.000	0.6000
120	Spectrogram 1	1	1218.231997396	1218.238664062	38000.000	81000.000	0.6000
121	Waveform 1	1	1218.319330729	1218.325330729	38000.000	81000.000	0.3333
121	Spectrogram 1	1	1218.319330729	1218.325330729	38000.000	81000.000	0.3333
122	Waveform 1	1	1218.571330729	1218.575330729	38000.000	81000.000	0.5000
122	Spectrogram 1	1	1218.571330729	1218.575330729	38000.000	81000.000	0.5000
123	Waveform 1	1	1218.659330729	1218.669997396	38000.000	81000.000	0.5000
123	Spectrogram 1	1	1218.659330729	1218.669997396	38000.000	81000.000	0.5000
124	Waveform 1	1	1218.755330729	1218.764664062	38000.000	81000.000	0.5714
124	Spectrogram 1	1	1218.755330729	1218.764664062	38000.000	81000.000	0.5714
125	Waveform 1	1	1218.853330729	1218.861997396	38000.000	81000.000	0.5385
125	Spectrogram 1	1	1218.853330729	1218.861997396	38000.000	81000.000	0.5385
126	Waveform 1	1	1219.132664062	1219.141997396	38000.000	81000.000	0.7857
126	Spectrogram 1	1	1219.132664062	1219.141997396	38000.000	81000.000	0.7857
127	Waveform 1	1	1219.475997396	1219.477330729	38000.000	81000.000	1.0000
127	Spectrogram 1	1	1219.475997396	1219.477330729	38000.000	81000.000	1.0000
128	Waveform 1	1	1219.585997396	1219.599330729	38000.000	81000.000	0.5000
128	Spectrogram 1	1	1219.585997396	1219.599330729	38000.000	81000.000	0.5000
129	Waveform 1	1	1219.663330729	1219.664664062	38000.000	81000.000	1.0000
129	Spectrogram 1	1	1219.663330729	1219.664664062	38000.000	81000.000	1.0000
130	Waveform 1	1	1219.742664062	1219.751997396	38000.000	81000.000	0.4286
130	Spectrogram 1	1	1219.742664062	1219.751997396	38000.000	81000.000	0.4286
131	Waveform 1	1	1219.846664062	1219.849330729	38000.000	81000.000	0.7500
131	Spectrogram 1	1	1219.846664062	1219.849330729	38000.000	81000.000	0.7500
132	Waveform 1	1	1219.938664063	1219.957330729	38000.000	81000.000	0.6786
132	Spectrogram 1	1	1219.938664063	1219.957330729	38000.000	81000.000	0.6786
133	Waveform 1	1	1220.055997396	1220.068664062	38000.000	81000.000	0.3684
133	Spectrogram 1	1	1220.055997396	1220.068664062	38000.000	81000.000	0.3684
134	Waveform 1	1	1220.150664063	1220.156664062	38000.000	81000.000	0.7778
134	Spectrogram 1	1	1220.150664063	1220.156664062	38000.000	81000.000	0.7778
135	Waveform 1	1	1220.255330729	1220.274664062	38000.000	81000.000	0.3448
135	Spectrogram 1	1	1220.255330729	1220.274664062	38000.000	81000.000	0.3448
136	Waveform 1	1	1220.366664062	1220.383330729	38000.000	81000.000	0.2000
136	Spectrogram 1	1	1220.366664062	1220.383330729	38000.000	81000.000	0.2000
137	Waveform 1	1	1220.475997396	1220.498664062	38000.000	81000.000	0.6765
137	Spectrogram 1	1	1220.475997396	1220.498664062	38000.000	81000.000	0.6765
138	Waveform 1	1	1220.590664062	1220.597997396	38000.000	81000.000	0.3636
138	Spectrogram 1	1	1220.590664062	1220.597997396	38000.000	81000.000	0.3636
139	Waveform 1	1	1220.703997396	1220.724664062	38000.000	81000.000	0.4839
139	Spectrogram 1	1	1220.703997396	1220.724664062	38000.000	81000.000	0.4839
140	Waveform 1	1	1220.905330729	1220.907997396	38000.000	81000.000	0.7500
140	Spectrogram 1	1	1220.905330729	1220.907997396	38000.000	81000.000	0.7500
141	Waveform 1	1	1221.351997396	1221.356664062	38000.000	81000.000	0.5714
141	Spectrogram 1	1	1221.351997396	1221.356664062	38000.000	81000.000	0.5714
142	Waveform 1	1	1221.773997396	1221.790664062	38000.000	81000.000	0.7200
142	Spectrogram 1	1	1221.773997396	1221.790664062	38000.000	81000.000	0.7200
143	Waveform 1	1	1221.845997396	1221.850664062	38000.000	81000.000	0.4286
143	Spectrogram 1	1	1221.845997396	1221.850664062	38000.000	81000.000	0.4286
144	Waveform 1	1	1221.932664062	1221.949330729	38000.000	81000.000	0.2400
144	Spectrogram 1	1	1221.932664062	1221.949330729	38000.000	81000.000	0.2400
145	Waveform 1	1	1222.031997396	1222.041330729	38000.000	81000.000	0.2857
145	Spectrogram 1	1	1222.031997396	1222.041330729	38000.000	81000.000	0.2857
146	Waveform 1	1	1222.134664062	1222.147330729	38000.000	81000.000	0.5263
146	Spectrogram 1	1	1222.134664062	1222.147330729	38000.000	81000.000	0.5263
147	Waveform 1	1	1222.459997396	1222.475997396	38000.000	81000.000	0.3333
147	Spectrogram 1	1	1222.459997396	1222.475997396	38000.000	81000.000	0.3333
148	Waveform 1	1	1222.571997396	1222.573330729	38000.000	81000.000	1.0000
148	Spectrogram 1	1	1222.571997396	1222.573330729	38000.000	81000.000	1.0000
149	Waveform 1	1	1222.679330729	1222.687330729	38000.000	81000.000	0.5833
149	Spectrogram 1	1	1222.679330729	1222.687330729	38000.000	81000.000	0.5833
150	Waveform 1	1	1223.124664062	1223.127997396	38000.000	81000.000	0.8000
150	Spectrogram 1	1	1223.124664062	1223.127997396	38000.000	81000.000	0.8000
151	Waveform 1	1	1312.759997396	1312.761330729	38000.000	81000.000	1.0000
151	Spectrogram 1	1	1312.759997396	1312.761330729	38000.000	81000.000	1.0000
152	Waveform 1	1	1312.834664062	1312.840664062	38000.000	81000.000	0.6667
152	Spectrogram 1	1	1312.834664062	1312.840664062	38000.000	81000.000	0.6667
153	Waveform 1	1	1312.917997396	1312.922664062	38000.000	81000.000	0.7143
153	Spectrogram 1	1	1312.917997396	1312.922664062	38000.000	81000.000	0.7143
154	Waveform 1	1	1313.190664062	1313.191997396	38000.000	81000.000	1.0000
154	Spectrogram 1	1	1313.190664062	1313.191997396	38000.000	81000.000	1.0000
155	Waveform 1	1	1313.264664062	1313.271330729	38000.000	81000.000	0.2000
155	Spectrogram 1	1	1313.264664062	1313.271330729	38000.000	81000.000	0.2000
156	Waveform 1	1	1313.630664063	1313.631997396	38000.000	81000.000	1.0000
156	Spectrogram 1	1	1313.630664063	1313.631997396	38000.000	81000.000	1.0000
157	Waveform 1	1	1313.711330729	1313.716664062	38000.000	81000.000	0.5000
157	Spectrogram 1	1	1313.711330729	1313.716664062	38000.000	81000.000	0.5000
158	Waveform 1	1	1313.793330729	1313.794664063	38000.000	81000.000	1.0000
158	Spectrogram 1	1	1313.793330729	1313.794664063	38000.000	81000.000	1.0000
159	Waveform 1	1	1314.312664062	1314.319330729	38000.000	81000.000	0.4000
159	Spectrogram 1	1	1314.312664062	1314.319330729	38000.000	81000.000	0.4000
160	Waveform 1	1	1314.384664062	1314.391330729	38000.000	81000.000	0.2000
160	Spectrogram 1	1	1314.384664062	1314.391330729	38000.000	81000.000	0.2000
161	Waveform 1	1	1314.470664062	1314.471997396	38000.000	81000.000	1.0000
161	Spectrogram 1	1	1314.470664062	1314.471997396	38000.000	81000.000	1.0000
162	Waveform 1	1	1314.764664062	1314.773330729	38000.000	81000.000	0.2308
162	Spectrogram 1	1	1314.764664062	1314.773330729	38000.000	81000.000	0.2308
163	Waveform 1	1	1314.832664063	1314.843997396	38000.000	81000.000	0.3529
163	Spectrogram 1	1	1314.832664063	1314.843997396	38000.000	81000.000	0.3529
164	Waveform 1	1	1314.945330729	1314.963997396	38000.000	81000.000	0.2500
164	Spectrogram 1	1	1314.945330729	1314.963997396	38000.000	81000.000	0.2500
165	Waveform 1	1	1315.023997396	1315.039330729	38000.000	81000.000	0.3043
165	Spectrogram 1	1	1315.023997396	1315.039330729	38000.000	81000.000	0.3043
166	Waveform 1	1	1315.115330729	1315.129997396	38000.000	81000.000	0.5455
166	Spectrogram 1	1	1315.115330729	1315.129997396	38000.000	81000.000	0.5455
167	Waveform 1	1	1315.203997396	1315.217330729	38000.000	81000.000	0.2500
167	Spectrogram 1	1	1315.203997396	1315.217330729	38000.000	81000.000	0.2500
168	Waveform 1	1	1315.327997396	1315.331330729	38000.000	81000.000	0.6000
168	Spectrogram 1	1	1315.327997396	1315.331330729	38000.000	81000.000	0.6000
169	Waveform 1	1	1315.363997396	1315.373997396	38000.000	81000.000	0.3333
169	Spectrogram 1	1	1315.363997396	1315.373997396	38000.000	81000.000	0.3333
170	Waveform 1	1	1315.420664063	1315.433330729	38000.000	81000.000	0.4211
170	Spectrogram 1	1	1315.420664063	1315.433330729	38000.000	81000.000	0.4211
171	Waveform 1	1	1315.538664062	1315.550664062	38000.000	81000.000	0.3889
171	Spectrogram 1	1	1315.538664062	1315.550664062	38000.000	81000.000	0.3889
172	Waveform 1	1	1315.643997396	1315.659330729	38000.000	81000.000	0.3043
172	Spectrogram 1	1	1315.643997396	1315.659330729	38000.000	81000.000	0.3043
173	Waveform 1	1	1315.721997396	1315.732664062	38000.000	81000.000	0.3750
173	Spectrogram 1	1	1315.721997396	1315.732664062	38000.000	81000.000	0.3750
174	Waveform 1	1	1316.421330729	1316.423997396	38000.000	81000.000	0.7500
174	Spectrogram 1	1	1316.421330729	1316.423997396	38000.000	81000.000	0.7500
175	Waveform 1	1	1316.557997396	1316.559330729	38000.000	81000.000	1.0000
175	Spectrogram 1	1	1316.557997396	1316.559330729	38000.000	81000.000	1.0000
176	Waveform 1	1	1316.797330729	1316.798664062	38000.000	81000.000	1.0000
176	Spectrogram 1	1	1316.797330729	1316.798664062	38000.000	81000.000	1.0000
177	Waveform 1	1	1317.074664063	1317.075997396	38000.000	81000.000	1.0000
177	Spectrogram 1	1	1317.074664063	1317.075997396	38000.000	81000.000	1.0000
178	Waveform 1	1	1379.544664063	1379.549330729	38000.000	81000.000	0.4286
178	Spectrogram 1	1	1379.544664063	1379.549330729	38000.000	81000.000	0.4286
179	Waveform 1	1	1379.803997396	1379.805330729	38000.000	81000.000	1.0000
179	Spectrogram 1	1	1379.803997396	1379.805330729	38000.000	81000.000	1.0000
180	Waveform 1	1	1380.011330729	1380.012664062	38000.000	81000.000	1.0000
180	Spectrogram 1	1	1380.011330729	1380.012664062	38000.000	81000.000	1.0000
181	Waveform 1	1	1380.314664063	1380.315997396	38000.000	81000.000	1.0000
181	Spectrogram 1	1	1380.314664063	1380.315997396	38000.000	81000.000	1.0000
182	Waveform 1	1	1380.630664063	1380.631997396	38000.000	81000.000	1.0000
182	Spectrogram 1	1	1380.630664063	1380.631997396	38000.000	81000.000	1.0000
183	Waveform 1	1	1380.709330729	1380.714664062	38000.000	81000.000	0.3750
183	Spectrogram 1	1	1380.709330729	1380.714664062	38000.000	81000.000	0.3750
184	Waveform 1	1	1380.899330729	1380.900664063	38000.000	81000.000	1.0000
184	Spectrogram 1	1	1380.899330729	1380.900664063	38000.000	81000.000	1.0000
185	Waveform 1	1	1381.001997396	1381.003997396	38000.000	81000.000	0.6667
185	Spectrogram 1	1	1381.001997396	1381.003997396	38000.000	81000.000	0.6667
186	Waveform 1	1	1381.301330729	1381.302664062	38000.000	81000.000	1.0000
186	Spectrogram 1	1	1381.301330729	1381.302664062	38000.000	81000.000	1.0000
187	Waveform 1	1	1381.408664062	1381.409997396	38000.000	81000.000	1.0000
187	Spectrogram 1	1	1381.408664062	1381.409997396	38000.000	81000.000	1.0000
188	Waveform 1	1	1381.523330729	1381.525330729	38000.000	81000.000	1.0000
188	Spectrogram 1	1	1381.523330729	1381.525330729	38000.000	81000.000	1.0000
189	Waveform 1	1	1381.629330729	1381.630664063	38000.000	81000.000	1.0000
189	Spectrogram 1	1	1381.629330729	1381.630664063	38000.000	81000.000	1.0000
190	Waveform 1	1	1381.732664062	1381.734664062	38000.000	81000.000	1.0000
190	Spectrogram 1	1	1381.732664062	1381.734664062	38000.000	81000.000	1.0000
191	Waveform 1	1	1381.825997396	1381.827330729	38000.000	81000.000	1.0000
191	Spectrogram 1	1	1381.825997396	1381.827330729	38000.000	81000.000	1.0000
192	Waveform 1	1	1381.908664062	1381.909997396	38000.000	81000.000	1.0000
192	Spectrogram 1	1	1381.908664062	1381.909997396	38000.000	81000.000	1.0000
193	Waveform 1	1	1381.987330729	1381.988664062	38000.000	81000.000	1.0000
193	Spectrogram 1	1	1381.987330729	1381.988664062	38000.000	81000.000	1.0000
194	Waveform 1	1	1382.061997396	1382.066664062	38000.000	81000.000	0.2857
194	Spectrogram 1	1	1382.061997396	1382.066664062	38000.000	81000.000	0.2857
195	Waveform 1	1	1383.043330729	1383.044664063	38000.000	81000.000	1.0000
195	Spectrogram 1	1	1383.043330729	1383.044664063	38000.000	81000.000	1.0000
196	Waveform 1	1	1384.187330729	1384.188664063	38000.000	81000.000	1.0000
196	Spectrogram 1	1	1384.187330729	1384.188664063	38000.000	81000.000	1.0000
197	Waveform 1	1	1384.366664062	1384.376664062	38000.000	81000.000	0.2667
197	Spectrogram 1	1	1384.366664062	1384.376664062	38000.000	81000.000	0.2667
198	Waveform 1	1	1384.548664062	1384.550664062	38000.000	81000.000	0.6667
198	Spectrogram 1	1	1384.548664062	1384.550664062	38000.000	81000.000	0.6667
199	Waveform 1	1	1384.635997396	1384.639330729	38000.000	81000.000	0.6000
199	Spectrogram 1	1	1384.635997396	1384.639330729	38000.000	81000.000	0.6000
200	Waveform 1	1	1384.827330729	1384.828664062	38000.000	81000.000	1.0000
200	Spectrogram 1	1	1384.827330729	1384.828664062	38000.000	81000.000	1.0000
201	Waveform 1	1	1385.099997396	1385.101997396	38000.000	81000.000	1.0000
201	Spectrogram 1	1	1385.099997396	1385.101997396	38000.000	81000.000	1.0000
202	Waveform 1	1	1385.162664062	1385.170664063	38000.000	81000.000	0.2500
202	Spectrogram 1	1	1385.162664062	1385.170664063	38000.000	81000.000	0.2500
203	Waveform 1	1	1385.265330729	1385.267997396	38000.000	81000.000	0.5000
203	Spectrogram 1	1	1385.265330729	1385.267997396	38000.000	81000.000	0.5000
204	Waveform 1	1	1385.633997396	1385.641997396	38000.000	81000.000	0.2500
204	Spectrogram 1	1	1385.633997396	1385.641997396	38000.000	81000.000	0.2500
205	Waveform 1	1	1386.171330729	1386.181997396	38000.000	81000.000	0.2500
205	Spectrogram 1	1	1386.171330729	1386.181997396	38000.000	81000.000	0.2500
206	Waveform 1	1	1386.220664062	1386.226664063	38000.000	81000.000	0.3333
206	Spectrogram 1	1	1386.220664062	1386.226664063	38000.000	81000.000	0.3333
207	Waveform 1	1	1386.275330729	1386.281997396	38000.000	81000.000	0.6000
207	Spectrogram 1	1	1386.275330729	1386.281997396	38000.000	81000.000	0.6000
208	Waveform 1	1	1386.331330729	1386.333997396	38000.000	81000.000	0.5000
208	Spectrogram 1	1	1386.331330729	1386.333997396	38000.000	81000.000	0.5000
209	Waveform 1	1	1386.378664062	1386.383997396	38000.000	81000.000	0.2500
209	Spectrogram 1	1	1386.378664062	1386.383997396	38000.000	81000.000	0.2500
210	Waveform 1	1	1386.463997396	1386.465330729	38000.000	81000.000	1.0000
210	Spectrogram 1	1	1386.463997396	1386.465330729	38000.000	81000.000	1.0000
211	Waveform 1	1	1387.112664063	1387.117997396	38000.000	81000.000	0.6250
211	Spectrogram 1	1	1387.112664063	1387.117997396	38000.000	81000.000	0.6250
212	Waveform 1	1	1387.267997396	1387.284664063	38000.000	81000.000	0.6000
212	Spectrogram 1	1	1387.267997396	1387.284664063	38000.000	81000.000	0.6000
213	Waveform 1	1	1387.424664062	1387.445997396	38000.000	81000.000	0.3125
213	Spectrogram 1	1	1387.424664062	1387.445997396	38000.000	81000.000	0.3125
214	Waveform 1	1	1387.509330729	1387.531330729	38000.000	81000.000	0.2121
214	Spectrogram 1	1	1387.509330729	1387.531330729	38000.000	81000.000	0.2121
215	Waveform 1	1	1387.674664062	1387.691997396	38000.000	81000.000	0.3462
215	Spectrogram 1	1	1387.674664062	1387.691997396	38000.000	81000.000	0.3462
216	Waveform 1	1	1387.835997396	1387.846664062	38000.000	81000.000	0.6250
216	Spectrogram 1	1	1387.835997396	1387.846664062	38000.000	81000.000	0.6250
217	Waveform 1	1	1387.920664063	1387.925997396	38000.000	81000.000	0.3750
217	Spectrogram 1	1	1387.920664063	1387.925997396	38000.000	81000.000	0.3750
218	Waveform 1	1	1388.251330729	1388.255330729	38000.000	81000.000	0.6667
218	Spectrogram 1	1	1388.251330729	1388.255330729	38000.000	81000.000	0.6667
219	Waveform 1	1	1388.611997396	1388.615997396	38000.000	81000.000	0.3333
219	Spectrogram 1	1	1388.611997396	1388.615997396	38000.000	81000.000	0.3333
220	Waveform 1	1	1388.880664063	1388.881997396	38000.000	81000.000	1.0000
220	Spectrogram 1	1	1388.880664063	1388.881997396	38000.000	81000.000	1.0000
221	Waveform 1	1	1388.978664063	1388.982664062	38000.000	81000.000	0.3333
221	Spectrogram 1	1	1388.978664063	1388.982664062	38000.000	81000.000	0.3333
222	Waveform 1	1	1389.335330729	1389.338664062	38000.000	81000.000	0.4000
222	Spectrogram 1	1	1389.335330729	1389.338664062	38000.000	81000.000	0.4000
223	Waveform 1	1	1397.326664062	1397.328664062	38000.000	81000.000	0.6667
223	Spectrogram 1	1	1397.326664062	1397.328664062	38000.000	81000.000	0.6667
224	Waveform 1	1	1397.641997396	1397.643330729	38000.000	81000.000	1.0000
224	Spectrogram 1	1	1397.641997396	1397.643330729	38000.000	81000.000	1.0000
225	Waveform 1	1	1397.850664062	1397.852664063	38000.000	81000.000	0.6667
225	Spectrogram 1	1	1397.850664062	1397.852664063	38000.000	81000.000	0.6667
226	Waveform 1	1	1397.961997396	1397.963330729	38000.000	81000.000	1.0000
226	Spectrogram 1	1	1397.961997396	1397.963330729	38000.000	81000.000	1.0000
227	Waveform 1	1	1398.268664062	1398.269997396	38000.000	81000.000	1.0000
227	Spectrogram 1	1	1398.268664062	1398.269997396	38000.000	81000.000	1.0000
228	Waveform 1	1	1398.474664062	1398.475997396	38000.000	81000.000	1.0000
228	Spectrogram 1	1	1398.474664062	1398.475997396	38000.000	81000.000	1.0000
229	Waveform 1	1	1398.592664063	1398.594664062	38000.000	81000.000	1.0000
229	Spectrogram 1	1	1398.592664063	1398.594664062	38000.000	81000.000	1.0000
230	Waveform 1	1	1398.690664062	1398.693330729	38000.000	81000.000	1.0000
230	Spectrogram 1	1	1398.690664062	1398.693330729	38000.000	81000.000	1.0000
231	Waveform 1	1	1398.901330729	1398.903997396	38000.000	81000.000	1.0000
231	Spectrogram 1	1	1398.901330729	1398.903997396	38000.000	81000.000	1.0000
232	Waveform 1	1	1399.013997396	1399.015330729	38000.000	81000.000	1.0000
232	Spectrogram 1	1	1399.013997396	1399.015330729	38000.000	81000.000	1.0000
233	Waveform 1	1	1399.184664062	1399.187330729	38000.000	81000.000	0.7500
233	Spectrogram 1	1	1399.184664062	1399.187330729	38000.000	81000.000	0.7500
234	Waveform 1	1	1399.649330729	1399.651330729	38000.000	81000.000	1.0000
234	Spectrogram 1	1	1399.649330729	1399.651330729	38000.000	81000.000	1.0000
235	Waveform 1	1	1399.795997396	1399.797330729	38000.000	81000.000	1.0000
235	Spectrogram 1	1	1399.795997396	1399.797330729	38000.000	81000.000	1.0000
236	Waveform 1	1	1399.887997396	1399.889997396	38000.000	81000.000	1.0000
236	Spectrogram 1	1	1399.887997396	1399.889997396	38000.000	81000.000	1.0000
237	Waveform 1	1	1399.985330729	1399.987330729	38000.000	81000.000	0.6667
237	Spectrogram 1	1	1399.985330729	1399.987330729	38000.000	81000.000	0.6667
238	Waveform 1	1	1400.084664062	1400.087330729	38000.000	81000.000	1.0000
238	Spectrogram 1	1	1400.084664062	1400.087330729	38000.000	81000.000	1.0000
239	Waveform 1	1	1400.409997396	1400.411330729	38000.000	81000.000	1.0000
239	Spectrogram 1	1	1400.409997396	1400.411330729	38000.000	81000.000	1.0000
240	Waveform 1	1	1400.513330729	1400.515330729	38000.000	81000.000	1.0000
240	Spectrogram 1	1	1400.513330729	1400.515330729	38000.000	81000.000	1.0000
241	Waveform 1	1	1400.731997396	1400.734664062	38000.000	81000.000	0.7500
241	Spectrogram 1	1	1400.731997396	1400.734664062	38000.000	81000.000	0.7500
242	Waveform 1	1	1401.616664062	1401.617997396	38000.000	81000.000	1.0000
242	Spectrogram 1	1	1401.616664062	1401.617997396	38000.000	81000.000	1.0000
243	Waveform 1	1	1403.270664062	1403.271997396	38000.000	81000.000	1.0000
243	Spectrogram 1	1	1403.270664062	1403.271997396	38000.000	81000.000	1.0000
244	Waveform 1	1	1500.216664062	1500.217997396	38000.000	81000.000	1.0000
244	Spectrogram 1	1	1500.216664062	1500.217997396	38000.000	81000.000	1.0000
245	Waveform 1	1	1500.413997396	1500.418664062	38000.000	81000.000	0.4286
245	Spectrogram 1	1	1500.413997396	1500.418664062	38000.000	81000.000	0.4286
246	Waveform 1	1	1500.495330729	1500.496664063	38000.000	81000.000	1.0000
246	Spectrogram 1	1	1500.495330729	1500.496664063	38000.000	81000.000	1.0000
247	Waveform 1	1	1500.594664062	1500.595997396	38000.000	81000.000	1.0000
247	Spectrogram 1	1	1500.594664062	1500.595997396	38000.000	81000.000	1.0000
248	Waveform 1	1	1500.683330729	1500.687330729	38000.000	81000.000	0.5000
248	Spectrogram 1	1	1500.683330729	1500.687330729	38000.000	81000.000	0.5000
249	Waveform 1	1	1500.836664062	1500.838664062	38000.000	81000.000	1.0000
249	Spectrogram 1	1	1500.836664062	1500.838664062	38000.000	81000.000	1.0000
250	Waveform 1	1	1501.021997396	1501.025997396	38000.000	81000.000	0.6667
250	Spectrogram 1	1	1501.021997396	1501.025997396	38000.000	81000.000	0.6667
251	Waveform 1	1	1501.109330729	1501.110664062	38000.000	81000.000	1.0000
251	Spectrogram 1	1	1501.109330729	1501.110664062	38000.000	81000.000	1.0000
252	Waveform 1	1	1501.207330729	1501.211330729	38000.000	81000.000	0.5000
252	Spectrogram 1	1	1501.207330729	1501.211330729	38000.000	81000.000	0.5000
253	Waveform 1	1	1501.287330729	1501.293997396	38000.000	81000.000	0.4000
253	Spectrogram 1	1	1501.287330729	1501.293997396	38000.000	81000.000	0.4000
254	Waveform 1	1	1501.407330729	1501.415330729	38000.000	81000.000	0.4167
254	Spectrogram 1	1	1501.407330729	1501.415330729	38000.000	81000.000	0.4167
255	Waveform 1	1	1501.667997396	1501.669330729	38000.000	81000.000	1.0000
255	Spectrogram 1	1	1501.667997396	1501.669330729	38000.000	81000.000	1.0000
256	Waveform 1	1	1539.553997396	1539.555330729	38000.000	81000.000	1.0000
256	Spectrogram 1	1	1539.553997396	1539.555330729	38000.000	81000.000	1.0000
257	Waveform 1	1	1539.644664062	1539.645997396	38000.000	81000.000	1.0000
257	Spectrogram 1	1	1539.644664062	1539.645997396	38000.000	81000.000	1.0000
258	Waveform 1	1	1539.839997396	1539.841997396	38000.000	81000.000	1.0000
258	Spectrogram 1	1	1539.839997396	1539.841997396	38000.000	81000.000	1.0000
259	Waveform 1	1	1540.023997396	1540.026664063	38000.000	81000.000	0.7500
259	Spectrogram 1	1	1540.023997396	1540.026664063	38000.000	81000.000	0.7500
260	Waveform 1	1	1540.212664062	1540.217330729	38000.000	81000.000	0.4286
260	Spectrogram 1	1	1540.212664062	1540.217330729	38000.000	81000.000	0.4286
261	Waveform 1	1	1540.275997396	1540.279330729	38000.000	81000.000	0.6000
261	Spectrogram 1	1	1540.275997396	1540.279330729	38000.000	81000.000	0.6000
262	Waveform 1	1	1540.383997396	1540.392664062	38000.000	81000.000	0.3846
262	Spectrogram 1	1	1540.383997396	1540.392664062	38000.000	81000.000	0.3846
263	Waveform 1	1	1540.481997396	1540.492664062	38000.000	81000.000	0.3750
263	Spectrogram 1	1	1540.481997396	1540.492664062	38000.000	81000.000	0.3750
264	Waveform 1	1	1540.673997396	1540.677997396	38000.000	81000.000	0.8333
264	Spectrogram 1	1	1540.673997396	1540.677997396	38000.000	81000.000	0.8333
265	Waveform 1	1	1540.770664062	1540.771997396	38000.000	81000.000	1.0000
265	Spectrogram 1	1	1540.770664062	1540.771997396	38000.000	81000.000	1.0000
266	Waveform 1	1	1540.853997396	1540.874664062	38000.000	81000.000	0.2258
266	Spectrogram 1	1	1540.853997396	1540.874664062	38000.000	81000.000	0.2258
267	Waveform 1	1	1540.916664062	1540.931330729	38000.000	81000.000	0.3182
267	Spectrogram 1	1	1540.916664062	1540.931330729	38000.000	81000.000	0.3182
268	Waveform 1	1	1540.970664062	1540.984664062	38000.000	81000.000	0.5238
268	Spectrogram 1	1	1540.970664062	1540.984664062	38000.000	81000.000	0.5238
269	Waveform 1	1	1541.034664063	1541.036664062	38000.000	81000.000	1.0000
269	Spectrogram 1	1	1541.034664063	1541.036664062	38000.000	81000.000	1.0000
270	Waveform 1	1	1541.121330729	1541.130664063	38000.000	81000.000	0.2857
270	Spectrogram 1	1	1541.121330729	1541.130664063	38000.000	81000.000	0.2857
271	Waveform 1	1	1541.223997396	1541.227997396	38000.000	81000.000	0.5000
271	Spectrogram 1	1	1541.223997396	1541.227997396	38000.000	81000.000	0.5000
272	Waveform 1	1	1541.812664062	1541.816664062	38000.000	81000.000	0.6667
272	Spectrogram 1	1	1541.812664062	1541.816664062	38000.000	81000.000	0.6667
273	Waveform 1	1	1542.005330729	1542.007330729	38000.000	81000.000	1.0000
273	Spectrogram 1	1	1542.005330729	1542.007330729	38000.000	81000.000	1.0000
274	Waveform 1	1	1542.181997396	1542.185330729	38000.000	81000.000	1.0000
274	Spectrogram 1	1	1542.181997396	1542.185330729	38000.000	81000.000	1.0000
275	Waveform 1	1	1542.269330729	1542.277997396	38000.000	81000.000	0.2308
275	Spectrogram 1	1	1542.269330729	1542.277997396	38000.000	81000.000	0.2308
276	Waveform 1	1	1542.443997396	1542.455330729	38000.000	81000.000	0.3529
276	Spectrogram 1	1	1542.443997396	1542.455330729	38000.000	81000.000	0.3529
277	Waveform 1	1	1542.535997396	1542.550664062	38000.000	81000.000	0.4091
277	Spectrogram 1	1	1542.535997396	1542.550664062	38000.000	81000.000	0.4091
278	Waveform 1	1	1542.623330729	1542.632664062	38000.000	81000.000	0.6429
278	Spectrogram 1	1	1542.623330729	1542.632664062	38000.000	81000.000	0.6429
279	Waveform 1	1	1542.703330729	1542.705997396	38000.000	81000.000	1.0000
279	Spectrogram 1	1	1542.703330729	1542.705997396	38000.000	81000.000	1.0000
280	Waveform 1	1	1542.805330729	1542.816664062	38000.000	81000.000	0.6471
280	Spectrogram 1	1	1542.805330729	1542.816664062	38000.000	81000.000	0.6471
281	Waveform 1	1	1542.882664062	1542.885997396	38000.000	81000.000	0.8000
281	Spectrogram 1	1	1542.882664062	1542.885997396	38000.000	81000.000	0.8000
282	Waveform 1	1	1542.969330729	1542.989330729	38000.000	81000.000	0.2667
282	Spectrogram 1	1	1542.969330729	1542.989330729	38000.000	81000.000	0.2667
283	Waveform 1	1	1543.049330729	1543.073997396	38000.000	81000.000	0.2703
283	Spectrogram 1	1	1543.049330729	1543.073997396	38000.000	81000.000	0.2703
284	Waveform 1	1	1543.395997396	1543.410664063	38000.000	81000.000	0.3636
284	Spectrogram 1	1	1543.395997396	1543.410664063	38000.000	81000.000	0.3636
285	Waveform 1	1	1543.451997396	1543.460664062	38000.000	81000.000	0.2308
285	Spectrogram 1	1	1543.451997396	1543.460664062	38000.000	81000.000	0.2308
286	Waveform 1	1	1543.503330729	1543.507330729	38000.000	81000.000	0.6667
286	Spectrogram 1	1	1543.503330729	1543.507330729	38000.000	81000.000	0.6667
287	Waveform 1	1	1543.785997396	1543.803330729	38000.000	81000.000	0.5385
287	Spectrogram 1	1	1543.785997396	1543.803330729	38000.000	81000.000	0.5385
288	Waveform 1	1	1543.922664062	1543.932664062	38000.000	81000.000	0.3333
288	Spectrogram 1	1	1543.922664062	1543.932664062	38000.000	81000.000	0.3333
289	Waveform 1	1	1544.099330729	1544.113997396	38000.000	81000.000	0.3182
289	Spectrogram 1	1	1544.099330729	1544.113997396	38000.000	81000.000	0.3182
290	Waveform 1	1	1544.269330729	1544.281330729	38000.000	81000.000	0.3333
290	Spectrogram 1	1	1544.269330729	1544.281330729	38000.000	81000.000	0.3333
291	Waveform 1	1	1544.535330729	1544.536664062	38000.000	81000.000	1.0000
291	Spectrogram 1	1	1544.535330729	1544.536664062	38000.000	81000.000	1.0000
292	Waveform 1	1	1544.724664062	1544.725997396	38000.000	81000.000	1.0000
292	Spectrogram 1	1	1544.724664062	1544.725997396	38000.000	81000.000	1.0000
293	Waveform 1	1	1545.303997396	1545.305997396	38000.000	81000.000	1.0000
293	Spectrogram 1	1	1545.303997396	1545.305997396	38000.000	81000.000	1.0000
294	Waveform 1	1	1545.397997396	1545.402664062	38000.000	81000.000	0.4286
294	Spectrogram 1	1	1545.397997396	1545.402664062	38000.000	81000.000	0.4286
295	Waveform 1	1	1548.661330729	1548.662664062	38000.000	81000.000	1.0000
295	Spectrogram 1	1	1548.661330729	1548.662664062	38000.000	81000.000	1.0000
296	Waveform 1	1	1548.994664062	1548.996664063	38000.000	81000.000	1.0000
296	Spectrogram 1	1	1548.994664062	1548.996664063	38000.000	81000.000	1.0000
297	Waveform 1	1	1549.083330729	1549.085330729	38000.000	81000.000	1.0000
297	Spectrogram 1	1	1549.083330729	1549.085330729	38000.000	81000.000	1.0000
298	Waveform 1	1	1549.178664063	1549.181330729	38000.000	81000.000	1.0000
298	Spectrogram 1	1	1549.178664063	1549.181330729	38000.000	81000.000	1.0000
299	Waveform 1	1	1549.279330729	1549.281997396	38000.000	81000.000	0.7500
299	Spectrogram 1	1	1549.279330729	1549.281997396	38000.000	81000.000	0.7500
300	Waveform 1	1	1549.367997396	1549.370664062	38000.000	81000.000	1.0000
300	Spectrogram 1	1	1549.367997396	1549.370664062	38000.000	81000.000	1.0000
301	Waveform 1	1	1549.459997396	1549.461997396	38000.000	81000.000	1.0000
301	Spectrogram 1	1	1549.459997396	1549.461997396	38000.000	81000.000	1.0000
302	Waveform 1	1	1549.549997396	1549.551330729	38000.000	81000.000	1.0000
302	Spectrogram 1	1	1549.549997396	1549.551330729	38000.000	81000.000	1.0000
303	Waveform 1	1	1549.725330729	1549.727997396	38000.000	81000.000	1.0000
303	Spectrogram 1	1	1549.725330729	1549.727997396	38000.000	81000.000	1.0000
304	Waveform 1	1	1549.894664062	1549.899330729	38000.000	81000.000	0.4286
304	Spectrogram 1	1	1549.894664062	1549.899330729	38000.000	81000.000	0.4286
305	Waveform 1	1	1549.976664063	1549.978664063	38000.000	81000.000	0.6667
305	Spectrogram 1	1	1549.976664063	1549.978664063	38000.000	81000.000	0.6667
306	Waveform 1	1	1550.145997396	1550.157330729	38000.000	81000.000	0.2353
306	Spectrogram 1	1	1550.145997396	1550.157330729	38000.000	81000.000	0.2353
307	Waveform 1	1	1560.704664062	1560.705997396	38000.000	81000.000	1.0000
307	Spectrogram 1	1	1560.704664062	1560.705997396	38000.000	81000.000	1.0000
308	Waveform 1	1	1560.905997396	1560.907997396	38000.000	81000.000	1.0000
308	Spectrogram 1	1	1560.905997396	1560.907997396	38000.000	81000.000	1.0000
309	Waveform 1	1	1561.207997396	1561.209997396	38000.000	81000.000	0.6667
309	Spectrogram 1	1	1561.207997396	1561.209997396	38000.000	81000.000	0.6667
310	Waveform 1	1	1561.412664062	1561.413997396	38000.000	81000.000	1.0000
310	Spectrogram 1	1	1561.412664062	1561.413997396	38000.000	81000.000	1.0000
311	Waveform 1	1	1561.513330729	1561.514664062	38000.000	81000.000	1.0000
311	Spectrogram 1	1	1561.513330729	1561.514664062	38000.000	81000.000	1.0000
312	Waveform 1	1	1561.606664062	1561.609330729	38000.000	81000.000	1.0000
312	Spectrogram 1	1	1561.606664062	1561.609330729	38000.000	81000.000	1.0000
313	Waveform 1	1	1561.798664062	1561.799997396	38000.000	81000.000	1.0000
313	Spectrogram 1	1	1561.798664062	1561.799997396	38000.000	81000.000	1.0000
314	Waveform 1	1	1562.001330729	1562.003330729	38000.000	81000.000	1.0000
314	Spectrogram 1	1	1562.001330729	1562.003330729	38000.000	81000.000	1.0000
315	Waveform 1	1	1562.303330729	1562.304664063	38000.000	81000.000	1.0000
315	Spectrogram 1	1	1562.303330729	1562.304664063	38000.000	81000.000	1.0000
316	Waveform 1	1	1562.601997396	1562.603330729	38000.000	81000.000	1.0000
316	Spectrogram 1	1	1562.601997396	1562.603330729	38000.000	81000.000	1.0000
317	Waveform 1	1	1563.092664063	1563.093997396	38000.000	81000.000	1.0000
317	Spectrogram 1	1	1563.092664063	1563.093997396	38000.000	81000.000	1.0000
318	Waveform 1	1	1563.186664062	1563.187997396	38000.000	81000.000	1.0000
318	Spectrogram 1	1	1563.186664062	1563.187997396	38000.000	81000.000	1.0000
319	Waveform 1	1	1570.915997396	1570.918664062	38000.000	81000.000	0.7500
319	Spectrogram 1	1	1570.915997396	1570.918664062	38000.000	81000.000	0.7500
320	Waveform 1	1	1570.975997396	1570.977330729	38000.000	81000.000	1.0000
320	Spectrogram 1	1	1570.975997396	1570.977330729	38000.000	81000.000	1.0000
321	Waveform 1	1	1571.337330729	1571.338664062	38000.000	81000.000	1.0000
321	Spectrogram 1	1	1571.337330729	1571.338664062	38000.000	81000.000	1.0000
322	Waveform 1	1	1571.527330729	1571.529330729	38000.000	81000.000	1.0000
322	Spectrogram 1	1	1571.527330729	1571.529330729	38000.000	81000.000	1.0000
323	Waveform 1	1	1571.707330729	1571.709330729	38000.000	81000.000	1.0000
323	Spectrogram 1	1	1571.707330729	1571.709330729	38000.000	81000.000	1.0000
324	Waveform 1	1	1571.791997396	1571.807997396	38000.000	81000.000	0.2083
324	Spectrogram 1	1	1571.791997396	1571.807997396	38000.000	81000.000	0.2083
325	Waveform 1	1	1571.886664062	1571.887997396	38000.000	81000.000	1.0000
325	Spectrogram 1	1	1571.886664062	1571.887997396	38000.000	81000.000	1.0000
326	Waveform 1	1	1572.069330729	1572.079330729	38000.000	81000.000	0.2000
326	Spectrogram 1	1	1572.069330729	1572.079330729	38000.000	81000.000	0.2000
327	Waveform 1	1	1572.155997396	1572.165330729	38000.000	81000.000	0.3571
327	Spectrogram 1	1	1572.155997396	1572.165330729	38000.000	81000.000	0.3571
328	Waveform 1	1	1572.249997396	1572.259997396	38000.000	81000.000	0.6000
328	Spectrogram 1	1	1572.249997396	1572.259997396	38000.000	81000.000	0.6000
329	Waveform 1	1	1572.333997396	1572.348664062	38000.000	81000.000	0.4091
329	Spectrogram 1	1	1572.333997396	1572.348664062	38000.000	81000.000	0.4091
330	Waveform 1	1	1572.383997396	1572.388664062	38000.000	81000.000	0.7143
330	Spectrogram 1	1	1572.383997396	1572.388664062	38000.000	81000.000	0.7143
331	Waveform 1	1	1572.437330729	1572.441997396	38000.000	81000.000	0.7143
331	Spectrogram 1	1	1572.437330729	1572.441997396	38000.000	81000.000	0.7143
332	Waveform 1	1	1572.608664062	1572.609997396	38000.000	81000.000	1.0000
332	Spectrogram 1	1	1572.608664062	1572.609997396	38000.000	81000.000	1.0000
333	Waveform 1	1	1572.665997396	1572.677997396	38000.000	81000.000	0.5556
333	Spectrogram 1	1	1572.665997396	1572.677997396	38000.000	81000.000	0.5556
334	Waveform 1	1	1572.697997396	1572.699330729	38000.000	81000.000	1.0000
334	Spectrogram 1	1	1572.697997396	1572.699330729	38000.000	81000.000	1.0000
335	Waveform 1	1	1572.719330729	1572.726664063	38000.000	81000.000	0.8182
335	Spectrogram 1	1	1572.719330729	1572.726664063	38000.000	81000.000	0.8182
336	Waveform 1	1	1572.905997396	1572.915330729	38000.000	81000.000	0.7143
336	Spectrogram 1	1	1572.905997396	1572.915330729	38000.000	81000.000	0.7143
337	Waveform 1	1	1572.959330729	1572.978664063	38000.000	81000.000	0.4138
337	Spectrogram 1	1	1572.959330729	1572.978664063	38000.000	81000.000	0.4138
338	Waveform 1	1	1573.047997396	1573.054664063	38000.000	81000.000	0.4000
338	Spectrogram 1	1	1573.047997396	1573.054664063	38000.000	81000.000	0.4000
339	Waveform 1	1	1573.097997396	1573.116664062	38000.000	81000.000	0.4643
339	Spectrogram 1	1	1573.097997396	1573.116664062	38000.000	81000.000	0.4643
340	Waveform 1	1	1573.191330729	1573.200664062	38000.000	81000.000	0.4286
340	Spectrogram 1	1	1573.191330729	1573.200664062	38000.000	81000.000	0.4286
341	Waveform 1	1	1573.286664062	1573.306664062	38000.000	81000.000	0.3000
341	Spectrogram 1	1	1573.286664062	1573.306664062	38000.000	81000.000	0.3000
342	Waveform 1	1	1573.375997396	1573.392664062	38000.000	81000.000	0.3200
342	Spectrogram 1	1	1573.375997396	1573.392664062	38000.000	81000.000	0.3200
343	Waveform 1	1	1573.647997396	1573.650664063	38000.000	81000.000	0.7500
343	Spectrogram 1	1	1573.647997396	1573.650664063	38000.000	81000.000	0.7500
344	Waveform 1	1	1573.732664062	1573.733997396	38000.000	81000.000	1.0000
344	Spectrogram 1	1	1573.732664062	1573.733997396	38000.000	81000.000	1.0000
345	Waveform 1	1	1573.922664062	1573.927330729	38000.000	81000.000	0.2857
345	Spectrogram 1	1	1573.922664062	1573.927330729	38000.000	81000.000	0.2857
346	Waveform 1	1	1574.108664062	1574.112664063	38000.000	81000.000	0.3333
346	Spectrogram 1	1	1574.108664062	1574.112664063	38000.000	81000.000	0.3333
347	Waveform 1	1	1575.283997396	1575.287997396	38000.000	81000.000	0.3333
347	Spectrogram 1	1	1575.283997396	1575.287997396	38000.000	81000.000	0.3333
348	Waveform 1	1	1598.683330729	1598.684664062	38000.000	81000.000	1.0000
348	Spectrogram 1	1	1598.683330729	1598.684664062	38000.000	81000.000	1.0000
349	Waveform 1	1	1599.392664062	1599.397997396	38000.000	81000.000	0.6250
349	Spectrogram 1	1	1599.392664062	1599.397997396	38000.000	81000.000	0.6250
350	Waveform 1	1	1599.513330729	1599.515997396	38000.000	81000.000	0.5000
350	Spectrogram 1	1	1599.513330729	1599.515997396	38000.000	81000.000	0.5000
351	Waveform 1	1	1599.691997396	1599.711997396	38000.000	81000.000	0.2000
351	Spectrogram 1	1	1599.691997396	1599.711997396	38000.000	81000.000	0.2000
352	Waveform 1	1	1599.774664062	1599.788664062	38000.000	81000.000	0.4286
352	Spectrogram 1	1	1599.774664062	1599.788664062	38000.000	81000.000	0.4286
353	Waveform 1	1	1599.859330729	1599.872664063	38000.000	81000.000	0.4000
353	Spectrogram 1	1	1599.859330729	1599.872664063	38000.000	81000.000	0.4000
354	Waveform 1	1	1599.943997396	1599.963997396	38000.000	81000.000	0.3333
354	Spectrogram 1	1	1599.943997396	1599.963997396	38000.000	81000.000	0.3333
355	Waveform 1	1	1600.065330729	1600.083997396	38000.000	81000.000	0.4643
355	Spectrogram 1	1	1600.065330729	1600.083997396	38000.000	81000.000	0.4643
356	Waveform 1	1	1600.156664062	1600.177997396	38000.000	81000.000	0.2812
356	Spectrogram 1	1	1600.156664062	1600.177997396	38000.000	81000.000	0.2812
357	Waveform 1	1	1600.247997396	1600.268664062	38000.000	81000.000	0.3548
357	Spectrogram 1	1	1600.247997396	1600.268664062	38000.000	81000.000	0.3548
358	Waveform 1	1	1600.332664063	1600.351997396	38000.000	81000.000	0.3793
358	Spectrogram 1	1	1600.332664063	1600.351997396	38000.000	81000.000	0.3793
359	Waveform 1	1	1600.551997396	1600.571330729	38000.000	81000.000	0.6207
359	Spectrogram 1	1	1600.551997396	1600.571330729	38000.000	81000.000	0.6207
360	Waveform 1	1	1600.653997396	1600.667997396	38000.000	81000.000	0.2857
360	Spectrogram 1	1	1600.653997396	1600.667997396	38000.000	81000.000	0.2857
361	Waveform 1	1	1600.739997396	1600.757997396	38000.000	81000.000	0.3333
361	Spectrogram 1	1	1600.739997396	1600.757997396	38000.000	81000.000	0.3333
362	Waveform 1	1	1600.857997396	1600.867330729	38000.000	81000.000	0.2857
362	Spectrogram 1	1	1600.857997396	1600.867330729	38000.000	81000.000	0.2857
363	Waveform 1	1	1600.931997396	1600.951330729	38000.000	81000.000	0.3793
363	Spectrogram 1	1	1600.931997396	1600.951330729	38000.000	81000.000	0.3793
364	Waveform 1	1	1602.723997396	1602.729997396	38000.000	81000.000	0.5556
364	Spectrogram 1	1	1602.723997396	1602.729997396	38000.000	81000.000	0.5556
365	Waveform 1	1	1602.805330729	1602.807330729	38000.000	81000.000	1.0000
365	Spectrogram 1	1	1602.805330729	1602.807330729	38000.000	81000.000	1.0000
366	Waveform 1	1	1602.885997396	1602.888664062	38000.000	81000.000	0.7500
366	Spectrogram 1	1	1602.885997396	1602.888664062	38000.000	81000.000	0.7500
367	Waveform 1	1	1603.161330729	1603.162664062	38000.000	81000.000	1.0000
367	Spectrogram 1	1	1603.161330729	1603.162664062	38000.000	81000.000	1.0000
368	Waveform 1	1	1603.256664063	1603.257997396	38000.000	81000.000	1.0000
368	Spectrogram 1	1	1603.256664063	1603.257997396	38000.000	81000.000	1.0000
369	Waveform 1	1	1603.349330729	1603.351330729	38000.000	81000.000	1.0000
369	Spectrogram 1	1	1603.349330729	1603.351330729	38000.000	81000.000	1.0000
370	Waveform 1	1	1603.547330729	1603.549330729	38000.000	81000.000	1.0000
370	Spectrogram 1	1	1603.547330729	1603.549330729	38000.000	81000.000	1.0000
371	Waveform 1	1	1603.764664062	1603.765997396	38000.000	81000.000	1.0000
371	Spectrogram 1	1	1603.764664062	1603.765997396	38000.000	81000.000	1.0000
372	Waveform 1	1	1603.862664063	1603.868664062	38000.000	81000.000	0.3333
372	Spectrogram 1	1	1603.862664063	1603.868664062	38000.000	81000.000	0.3333
373	Waveform 1	1	1604.067997396	1604.075330729	38000.000	81000.000	0.4545
373	Spectrogram 1	1	1604.067997396	1604.075330729	38000.000	81000.000	0.4545
374	Waveform 1	1	1604.283330729	1604.285330729	38000.000	81000.000	1.0000
374	Spectrogram 1	1	1604.283330729	1604.285330729	38000.000	81000.000	1.0000
375	Waveform 1	1	1604.382664062	1604.383997396	38000.000	81000.000	1.0000
375	Spectrogram 1	1	1604.382664062	1604.383997396	38000.000	81000.000	1.0000
376	Waveform 1	1	1604.507997396	1604.513997396	38000.000	81000.000	0.3333
376	Spectrogram 1	1	1604.507997396	1604.513997396	38000.000	81000.000	0.3333
377	Waveform 1	1	1605.699330729	1605.701330729	38000.000	81000.000	1.0000
377	Spectrogram 1	1	1605.699330729	1605.701330729	38000.000	81000.000	1.0000
378	Waveform 1	1	1676.432664062	1676.433997396	38000.000	81000.000	1.0000
378	Spectrogram 1	1	1676.432664062	1676.433997396	38000.000	81000.000	1.0000
379	Waveform 1	1	1710.640664063	1710.641997396	38000.000	81000.000	1.0000
379	Spectrogram 1	1	1710.640664063	1710.641997396	38000.000	81000.000	1.0000
380	Waveform 1	1	1710.725997396	1710.727330729	38000.000	81000.000	1.0000
380	Spectrogram 1	1	1710.725997396	1710.727330729	38000.000	81000.000	1.0000
381	Waveform 1	1	1710.977330729	1710.978664063	38000.000	81000.000	1.0000
381	Spectrogram 1	1	1710.977330729	1710.978664063	38000.000	81000.000	1.0000
382	Waveform 1	1	1711.077997396	1711.081330729	38000.000	81000.000	0.6000
382	Spectrogram 1	1	1711.077997396	1711.081330729	38000.000	81000.000	0.6000
383	Waveform 1	1	1711.174664062	1711.179997396	38000.000	81000.000	0.3750
383	Spectrogram 1	1	1711.174664062	1711.179997396	38000.000	81000.000	0.3750
384	Waveform 1	1	1711.269997396	1711.273330729	38000.000	81000.000	0.8000
384	Spectrogram 1	1	1711.269997396	1711.273330729	38000.000	81000.000	0.8000
385	Waveform 1	1	1711.294664063	1711.299997396	38000.000	81000.000	0.3750
385	Spectrogram 1	1	1711.294664063	1711.299997396	38000.000	81000.000	0.3750
386	Waveform 1	1	1711.349997396	1711.355997396	38000.000	81000.000	0.4444
386	Spectrogram 1	1	1711.349997396	1711.355997396	38000.000	81000.000	0.4444
387	Waveform 1	1	1711.521330729	1711.527997396	38000.000	81000.000	0.5000
387	Spectrogram 1	1	1711.521330729	1711.527997396	38000.000	81000.000	0.5000
388	Waveform 1	1	1711.570664062	1711.571997396	38000.000	81000.000	1.0000
388	Spectrogram 1	1	1711.570664062	1711.571997396	38000.000	81000.000	1.0000
389	Waveform 1	1	1711.605330729	1711.611997396	38000.000	81000.000	0.5000
389	Spectrogram 1	1	1711.605330729	1711.611997396	38000.000	81000.000	0.5000
390	Waveform 1	1	1711.682664062	1711.691330729	38000.000	81000.000	0.6923
390	Spectrogram 1	1	1711.682664062	1711.691330729	38000.000	81000.000	0.6923
391	Waveform 1	1	1711.813997396	1711.817330729	38000.000	81000.000	0.6000
391	Spectrogram 1	1	1711.813997396	1711.817330729	38000.000	81000.000	0.6000
392	Waveform 1	1	1711.854664062	1711.865330729	38000.000	81000.000	0.3750
392	Spectrogram 1	1	1711.854664062	1711.865330729	38000.000	81000.000	0.3750
393	Waveform 1	1	1712.023330729	1712.028664062	38000.000	81000.000	0.8750
393	Spectrogram 1	1	1712.023330729	1712.028664062	38000.000	81000.000	0.8750
394	Waveform 1	1	1712.183330729	1712.198664063	38000.000	81000.000	0.3043
394	Spectrogram 1	1	1712.183330729	1712.198664063	38000.000	81000.000	0.3043
395	Waveform 1	1	1712.217997396	1712.222664062	38000.000	81000.000	0.4286
395	Spectrogram 1	1	1712.217997396	1712.222664062	38000.000	81000.000	0.4286
396	Waveform 1	1	1712.282664062	1712.285330729	38000.000	81000.000	0.7500
396	Spectrogram 1	1	1712.282664062	1712.285330729	38000.000	81000.000	0.7500
397	Waveform 1	1	1712.447330729	1712.450664062	38000.000	81000.000	0.4000
397	Spectrogram 1	1	1712.447330729	1712.450664062	38000.000	81000.000	0.4000
398	Waveform 1	1	1712.497330729	1712.499330729	38000.000	81000.000	1.0000
398	Spectrogram 1	1	1712.497330729	1712.499330729	38000.000	81000.000	1.0000
399	Waveform 1	1	1712.533997396	1712.539997396	38000.000	81000.000	0.2222
399	Spectrogram 1	1	1712.533997396	1712.539997396	38000.000	81000.000	0.2222
400	Waveform 1	1	1712.675330729	1712.681997396	38000.000	81000.000	0.4000
400	Spectrogram 1	1	1712.675330729	1712.681997396	38000.000	81000.000	0.4000
401	Waveform 1	1	1712.709330729	1712.721330729	38000.000	81000.000	0.2222
401	Spectrogram 1	1	1712.709330729	1712.721330729	38000.000	81000.000	0.2222
402	Waveform 1	1	1712.797997396	1712.799330729	38000.000	81000.000	1.0000
402	Spectrogram 1	1	1712.797997396	1712.799330729	38000.000	81000.000	1.0000
403	Waveform 1	1	1712.879997396	1712.893330729	38000.000	81000.000	0.4500
403	Spectrogram 1	1	1712.879997396	1712.893330729	38000.000	81000.000	0.4500
404	Waveform 1	1	1712.964664062	1712.973997396	38000.000	81000.000	0.3571
404	Spectrogram 1	1	1712.964664062	1712.973997396	38000.000	81000.000	0.3571
405	Waveform 1	1	1713.119330729	1713.130664063	38000.000	81000.000	0.2941
405	Spectrogram 1	1	1713.119330729	1713.130664063	38000.000	81000.000	0.2941
406	Waveform 1	1	1713.234664062	1713.242664062	38000.000	81000.000	0.5000
406	Spectrogram 1	1	1713.234664062	1713.242664062	38000.000	81000.000	0.5000
407	Waveform 1	1	1713.305997396	1713.317997396	38000.000	81000.000	0.3889
407	Spectrogram 1	1	1713.305997396	1713.317997396	38000.000	81000.000	0.3889
408	Waveform 1	1	1713.389997396	1713.393997396	38000.000	81000.000	0.5000
408	Spectrogram 1	1	1713.389997396	1713.393997396	38000.000	81000.000	0.5000
409	Waveform 1	1	1716.377997396	1716.379997396	38000.000	81000.000	1.0000
409	Spectrogram 1	1	1716.377997396	1716.379997396	38000.000	81000.000	1.0000
410	Waveform 1	1	1716.470664062	1716.471997396	38000.000	81000.000	1.0000
410	Spectrogram 1	1	1716.470664062	1716.471997396	38000.000	81000.000	1.0000
411	Waveform 1	1	1716.561330729	1716.562664062	38000.000	81000.000	1.0000
411	Spectrogram 1	1	1716.561330729	1716.562664062	38000.000	81000.000	1.0000
412	Waveform 1	1	1716.657997396	1716.659330729	38000.000	81000.000	1.0000
412	Spectrogram 1	1	1716.657997396	1716.659330729	38000.000	81000.000	1.0000
413	Waveform 1	1	1716.967997396	1716.969330729	38000.000	81000.000	1.0000
413	Spectrogram 1	1	1716.967997396	1716.969330729	38000.000	81000.000	1.0000
414	Waveform 1	1	1717.084664062	1717.085997396	38000.000	81000.000	1.0000
414	Spectrogram 1	1	1717.084664062	1717.085997396	38000.000	81000.000	1.0000
415	Waveform 1	1	1717.180664062	1717.181997396	38000.000	81000.000	1.0000
415	Spectrogram 1	1	1717.180664062	1717.181997396	38000.000	81000.000	1.0000
416	Waveform 1	1	1717.481997396	1717.483997396	38000.000	81000.000	1.0000
416	Spectrogram 1	1	1717.481997396	1717.483997396	38000.000	81000.000	1.0000
417	Waveform 1	1	1717.599997396	1717.601330729	38000.000	81000.000	1.0000
417	Spectrogram 1	1	1717.599997396	1717.601330729	38000.000	81000.000	1.0000
418	Waveform 1	1	1717.695330729	1717.705997396	38000.000	81000.000	0.2500
418	Spectrogram 1	1	1717.695330729	1717.705997396	38000.000	81000.000	0.2500
419	Waveform 1	1	1717.904664062	1717.906664062	38000.000	81000.000	1.0000
419	Spectrogram 1	1	1717.904664062	1717.906664062	38000.000	81000.000	1.0000
420	Waveform 1	1	1718.159997396	1718.161330729	38000.000	81000.000	1.0000
420	Spectrogram 1	1	1718.159997396	1718.161330729	38000.000	81000.000	1.0000
421	Waveform 1	1	1718.267997396	1718.269997396	38000.000	81000.000	0.6667
421	Spectrogram 1	1	1718.267997396	1718.269997396	38000.000	81000.000	0.6667
422	Waveform 1	1	1718.359997396	1718.361330729	38000.000	81000.000	1.0000
422	Spectrogram 1	1	1718.359997396	1718.361330729	38000.000	81000.000	1.0000
423	Waveform 1	1	1718.484664062	1718.490664062	38000.000	81000.000	0.2222
423	Spectrogram 1	1	1718.484664062	1718.490664062	38000.000	81000.000	0.2222
424	Waveform 1	1	1718.541997396	1718.547997396	38000.000	81000.000	0.2222
424	Spectrogram 1	1	1718.541997396	1718.547997396	38000.000	81000.000	0.2222
425	Waveform 1	1	1719.141997396	1719.146664062	38000.000	81000.000	0.2857
425	Spectrogram 1	1	1719.141997396	1719.146664062	38000.000	81000.000	0.2857
426	Waveform 1	1	1719.226664063	1719.227997396	38000.000	81000.000	1.0000
426	Spectrogram 1	1	1719.226664063	1719.227997396	38000.000	81000.000	1.0000
427	Waveform 1	1	1719.307330729	1719.311997396	38000.000	81000.000	0.2857
427	Spectrogram 1	1	1719.307330729	1719.311997396	38000.000	81000.000	0.2857
428	Waveform 1	1	1719.397997396	1719.399330729	38000.000	81000.000	1.0000
428	Spectrogram 1	1	1719.397997396	1719.399330729	38000.000	81000.000	1.0000
429	Waveform 1	1	1719.494664062	1719.497330729	38000.000	81000.000	0.7500
429	Spectrogram 1	1	1719.494664062	1719.497330729	38000.000	81000.000	0.7500
430	Waveform 1	1	1719.591997396	1719.595330729	38000.000	81000.000	0.4000
430	Spectrogram 1	1	1719.591997396	1719.595330729	38000.000	81000.000	0.4000
431	Waveform 1	1	1719.784664063	1719.787330729	38000.000	81000.000	1.0000
431	Spectrogram 1	1	1719.784664063	1719.787330729	38000.000	81000.000	1.0000
432	Waveform 1	1	1719.887997396	1719.889997396	38000.000	81000.000	0.6667
432	Spectrogram 1	1	1719.887997396	1719.889997396	38000.000	81000.000	0.6667
433	Waveform 1	1	1719.993330729	1719.994664062	38000.000	81000.000	1.0000
433	Spectrogram 1	1	1719.993330729	1719.994664062	38000.000	81000.000	1.0000
434	Waveform 1	1	1720.101997396	1720.103997396	38000.000	81000.000	1.0000
434	Spectrogram 1	1	1720.101997396	1720.103997396	38000.000	81000.000	1.0000
435	Waveform 1	1	1720.206664062	1720.209330729	38000.000	81000.000	1.0000
435	Spectrogram 1	1	1720.206664062	1720.209330729	38000.000	81000.000	1.0000
436	Waveform 1	1	1720.317997396	1720.319330729	38000.000	81000.000	1.0000
436	Spectrogram 1	1	1720.317997396	1720.319330729	38000.000	81000.000	1.0000
437	Waveform 1	1	1720.533330729	1720.534664063	38000.000	81000.000	1.0000
437	Spectrogram 1	1	1720.533330729	1720.534664063	38000.000	81000.000	1.0000
438	Waveform 1	1	1720.864664062	1720.865997396	38000.000	81000.000	1.0000
438	Spectrogram 1	1	1720.864664062	1720.865997396	38000.000	81000.000	1.0000
439	Waveform 1	1	1720.971330729	1720.973330729	38000.000	81000.000	1.0000
439	Spectrogram 1	1	1720.971330729	1720.973330729	38000.000	81000.000	1.0000
440	Waveform 1	1	1721.183330729	1721.185330729	38000.000	81000.000	1.0000
440	Spectrogram 1	1	1721.183330729	1721.185330729	38000.000	81000.000	1.0000
