Selection	View	Channel	Begin Time (s)	End Time (s)	Low Freq (Hz)	High Freq (Hz)	Occupancy
1	Waveform 1	1	188.266664062	188.269997396	38000.000	81000.000	0.4000
1	Spectrogram 1	1	188.266664062	188.269997396	38000.000	81000.000	0.4000
2	Waveform 1	1	188.360664063	188.364664062	38000.000	81000.000	0.5000
2	Spectrogram 1	1	188.360664063	188.364664062	38000.000	81000.000	0.5000
3	Waveform 1	1	188.506664062	188.511330729	38000.000	81000.000	0.2857
3	Spectrogram 1	1	188.506664062	188.511330729	38000.000	81000.000	0.2857
4	Waveform 1	1	188.741997396	188.743997396	38000.000	81000.000	1.0000
4	Spectrogram 1	1	188.741997396	188.743997396	38000.000	81000.000	1.0000
5	Waveform 1	1	188.773997396	188.777997396	38000.000	81000.000	0.3333
5	Spectrogram 1	1	188.773997396	188.777997396	38000.000	81000.000	0.3333
6	Waveform 1	1	188.832664062	188.835997396	38000.000	81000.000	1.0000
6	Spectrogram 1	1	188.832664062	188.835997396	38000.000	81000.000	1.0000
7	Waveform 1	1	188.866664063	188.872664063	38000.000	81000.000	0.2222
7	Spectrogram 1	1	188.866664063	188.872664063	38000.000	81000.000	0.2222
8	Waveform 1	1	188.923997396	188.926664062	38000.000	81000.000	1.0000
8	Spectrogram 1	1	188.923997396	188.926664062	38000.000	81000.000	1.0000
9	Waveform 1	1	188.961997396	188.963330729	38000.000	81000.000	1.0000
9	Spectrogram 1	1	188.961997396	188.963330729	38000.000	81000.000	1.0000
10	Waveform 1	1	189.017997396	189.031997396	38000.000	81000.000	0.2857
10	Spectrogram 1	1	189.017997396	189.031997396	38000.000	81000.000	0.2857
11	Waveform 1	1	189.053330729	189.059997396	38000.000	81000.000	0.3000
11	Spectrogram 1	1	189.053330729	189.059997396	38000.000	81000.000	0.3000
12	Waveform 1	1	189.101330729	189.103997396	38000.000	81000.000	1.0000
12	Spectrogram 1	1	189.101330729	189.103997396	38000.000	81000.000	1.0000
13	Waveform 1	1	189.132664062	189.139330729	38000.000	81000.000	0.4000
13	Spectrogram 1	1	189.132664062	189.139330729	38000.000	81000.000	0.4000
14	Waveform 1	1	189.191330729	189.193997396	38000.000	81000.000	1.0000
14	Spectrogram 1	1	189.191330729	189.193997396	38000.000	81000.000	1.0000
15	Waveform 1	1	189.217997396	189.224664062	38000.000	81000.000	0.5000
15	Spectrogram 1	1	189.217997396	189.224664062	38000.000	81000.000	0.5000
16	Waveform 1	1	189.281997396	189.283997396	38000.000	81000.000	1.0000
16	Spectrogram 1	1	189.281997396	189.283997396	38000.000	81000.000	1.0000
17	Waveform 1	1	189.313997396	189.315330729	38000.000	81000.000	1.0000
17	Spectrogram 1	1	189.313997396	189.315330729	38000.000	81000.000	1.0000
18	Waveform 1	1	189.488664062	189.498664062	38000.000	81000.000	0.4000
18	Spectrogram 1	1	189.488664062	189.498664062	38000.000	81000.000	0.4000
19	Waveform 1	1	189.633997396	189.666664062	38000.000	81000.000	0.2653
19	Spectrogram 1	1	189.633997396	189.666664062	38000.000	81000.000	0.2653
20	Waveform 1	1	189.723997396	189.757330729	38000.000	81000.000	0.2400
20	Spectrogram 1	1	189.723997396	189.757330729	38000.000	81000.000	0.2400
21	Waveform 1	1	189.808664062	189.817997396	38000.000	81000.000	0.2857
21	Spectrogram 1	1	189.808664062	189.817997396	38000.000	81000.000	0.2857
22	Waveform 1	1	189.898664062	189.901330729	38000.000	81000.000	0.7500
22	Spectrogram 1	1	189.898664062	189.901330729	38000.000	81000.000	0.7500
23	Waveform 1	1	190.059330729	190.088664062	38000.000	81000.000	0.3636
23	Spectrogram 1	1	190.059330729	190.088664062	38000.000	81000.000	0.3636
24	Waveform 1	1	190.254664062	190.255997396	38000.000	81000.000	1.0000
24	Spectrogram 1	1	190.254664062	190.255997396	38000.000	81000.000	1.0000
25	Waveform 1	1	190.354664063	190.357330729	38000.000	81000.000	0.5000
25	Spectrogram 1	1	190.354664063	190.357330729	38000.000	81000.000	0.5000
26	Waveform 1	1	198.319997396	198.321330729	38000.000	81000.000	1.0000
26	Spectrogram 1	1	198.319997396	198.321330729	38000.000	81000.000	1.0000
27	Waveform 1	1	198.377997396	198.379330729	38000.000	81000.000	1.0000
27	Spectrogram 1	1	198.377997396	198.379330729	38000.000	81000.000	1.0000
28	Waveform 1	1	198.585330729	198.593997396	38000.000	81000.000	0.4615
28	Spectrogram 1	1	198.585330729	198.593997396	38000.000	81000.000	0.4615
29	Waveform 1	1	198.903330729	198.904664062	38000.000	81000.000	1.0000
29	Spectrogram 1	1	198.903330729	198.904664062	38000.000	81000.000	1.0000
30	Waveform 1	1	199.212664062	199.214664062	38000.000	81000.000	1.0000
30	Spectrogram 1	1	199.212664062	199.214664062	38000.000	81000.000	1.0000
31	Waveform 1	1	199.479330729	199.481330729	38000.000	81000.000	1.0000
31	Spectrogram 1	1	199.479330729	199.481330729	38000.000	81000.000	1.0000
32	Waveform 1	1	200.054664062	200.062664063	38000.000	81000.000	0.4167
32	Spectrogram 1	1	200.054664062	200.062664063	38000.000	81000.000	0.4167
33	Waveform 1	1	200.395330729	200.401997396	38000.000	81000.000	0.3000
33	Spectrogram 1	1	200.395330729	200.401997396	38000.000	81000.000	0.3000
34	Waveform 1	1	200.665997396	200.671997396	38000.000	81000.000	0.2222
34	Spectrogram 1	1	200.665997396	200.671997396	38000.000	81000.000	0.2222
35	Waveform 1	1	200.881997396	200.885997396	38000.000	81000.000	0.3333
35	Spectrogram 1	1	200.881997396	200.885997396	38000.000	81000.000	0.3333
36	Waveform 1	1	205.190664062	205.191997396	38000.000	81000.000	1.0000
36	Spectrogram 1	1	205.190664062	205.191997396	38000.000	81000.000	1.0000
37	Waveform 1	1	207.496664063	207.497997396	38000.000	81000.000	1.0000
37	Spectrogram 1	1	207.496664063	207.497997396	38000.000	81000.000	1.0000
38	Waveform 1	1	207.694664062	207.695997396	38000.000	81000.000	1.0000
38	Spectrogram 1	1	207.694664062	207.695997396	38000.000	81000.000	1.0000
39	Waveform 1	1	208.189997396	208.191330729	38000.000	81000.000	1.0000
39	Spectrogram 1	1	208.189997396	208.191330729	38000.000	81000.000	1.0000
40	Waveform 1	1	252.153330729	252.154664062	38000.000	81000.000	1.0000
40	Spectrogram 1	1	252.153330729	252.154664062	38000.000	81000.000	1.0000
41	Waveform 1	1	253.162664062	253.163997396	38000.000	81000.000	1.0000
41	Spectrogram 1	1	253.162664062	253.163997396	38000.000	81000.000	1.0000
42	Waveform 1	1	253.277330729	253.278664062	38000.000	81000.000	1.0000
42	Spectrogram 1	1	253.277330729	253.278664062	38000.000	81000.000	1.0000
43	Waveform 1	1	253.388664062	253.389997396	38000.000	81000.000	1.0000
43	Spectrogram 1	1	253.388664062	253.389997396	38000.000	81000.000	1.0000
44	Waveform 1	1	253.597997396	253.599330729	38000.000	81000.000	1.0000
44	Spectrogram 1	1	253.597997396	253.599330729	38000.000	81000.000	1.0000
45	Waveform 1	1	253.709330729	253.710664063	38000.000	81000.000	1.0000
45	Spectrogram 1	1	253.709330729	253.710664063	38000.000	81000.000	1.0000
46	Waveform 1	1	283.337997396	283.339997396	38000.000	81000.000	1.0000
46	Spectrogram 1	1	283.337997396	283.339997396	38000.000	81000.000	1.0000
47	Waveform 1	1	283.425330729	283.427997396	38000.000	81000.000	1.0000
47	Spectrogram 1	1	283.425330729	283.427997396	38000.000	81000.000	1.0000
48	Waveform 1	1	283.514664063	283.517997396	38000.000	81000.000	0.4000
48	Spectrogram 1	1	283.514664063	283.517997396	38000.000	81000.000	0.4000
49	Waveform 1	1	283.613997396	283.620664062	38000.000	81000.000	0.5000
49	Spectrogram 1	1	283.613997396	283.620664062	38000.000	81000.000	0.5000
50	Waveform 1	1	283.711997396	283.715330729	38000.000	81000.000	1.0000
50	Spectrogram 1	1	283.711997396	283.715330729	38000.000	81000.000	1.0000
51	Waveform 1	1	283.801330729	283.807330729	38000.000	81000.000	0.3333
51	Spectrogram 1	1	283.801330729	283.807330729	38000.000	81000.000	0.3333
52	Waveform 1	1	283.896664063	283.900664062	38000.000	81000.000	0.5000
52	Spectrogram 1	1	283.896664063	283.900664062	38000.000	81000.000	0.5000
53	Waveform 1	1	284.080664062	284.089997396	38000.000	81000.000	0.2143
53	Spectrogram 1	1	284.080664062	284.089997396	38000.000	81000.000	0.2143
54	Waveform 1	1	284.179330729	284.181997396	38000.000	81000.000	0.7500
54	Spectrogram 1	1	284.179330729	284.181997396	38000.000	81000.000	0.7500
55	Waveform 1	1	284.277330729	284.291997396	38000.000	81000.000	0.3182
55	Spectrogram 1	1	284.277330729	284.291997396	38000.000	81000.000	0.3182
56	Waveform 1	1	284.380664062	284.385330729	38000.000	81000.000	0.7143
56	Spectrogram 1	1	284.380664062	284.385330729	38000.000	81000.000	0.7143
57	Waveform 1	1	284.480664063	284.485330729	38000.000	81000.000	0.4286
57	Spectrogram 1	1	284.480664063	284.485330729	38000.000	81000.000	0.4286
58	Waveform 1	1	284.581997396	284.589997396	38000.000	81000.000	0.3333
58	Spectrogram 1	1	284.581997396	284.589997396	38000.000	81000.000	0.3333
59	Waveform 1	1	284.674664062	284.676664062	38000.000	81000.000	1.0000
59	Spectrogram 1	1	284.674664062	284.676664062	38000.000	81000.000	1.0000
60	Waveform 1	1	284.774664062	284.780664062	38000.000	81000.000	0.7778
60	Spectrogram 1	1	284.774664062	284.780664062	38000.000	81000.000	0.7778
61	Waveform 1	1	284.864664062	284.880664062	38000.000	81000.000	0.2500
61	Spectrogram 1	1	284.864664062	284.880664062	38000.000	81000.000	0.2500
62	Waveform 1	1	284.941997396	284.948664062	38000.000	81000.000	0.6000
62	Spectrogram 1	1	284.941997396	284.948664062	38000.000	81000.000	0.6000
63	Waveform 1	1	285.008664062	285.017997396	38000.000	81000.000	0.5714
63	Spectrogram 1	1	285.008664062	285.017997396	38000.000	81000.000	0.5714
64	Waveform 1	1	285.087330729	285.091997396	38000.000	81000.000	0.8571
64	Spectrogram 1	1	285.087330729	285.091997396	38000.000	81000.000	0.8571
65	Waveform 1	1	285.175330729	285.181330729	38000.000	81000.000	0.4444
65	Spectrogram 1	1	285.175330729	285.181330729	38000.000	81000.000	0.4444
66	Waveform 1	1	285.264664063	285.270664062	38000.000	81000.000	0.5556
66	Spectrogram 1	1	285.264664063	285.270664062	38000.000	81000.000	0.5556
67	Waveform 1	1	285.911330729	285.913997396	38000.000	81000.000	0.7500
67	Spectrogram 1	1	285.911330729	285.913997396	38000.000	81000.000	0.7500
68	Waveform 1	1	286.105330729	286.107997396	38000.000	81000.000	1.0000
68	Spectrogram 1	1	286.105330729	286.107997396	38000.000	81000.000	1.0000
69	Waveform 1	1	293.063997396	293.065330729	38000.000	81000.000	1.0000
69	Spectrogram 1	1	293.063997396	293.065330729	38000.000	81000.000	1.0000
70	Waveform 1	1	293.157330729	293.159330729	38000.000	81000.000	1.0000
70	Spectrogram 1	1	293.157330729	293.159330729	38000.000	81000.000	1.0000
71	Waveform 1	1	293.259330729	293.260664062	38000.000	81000.000	1.0000
71	Spectrogram 1	1	293.259330729	293.260664062	38000.000	81000.000	1.0000
72	Waveform 1	1	293.359997396	293.362664063	38000.000	81000.000	0.7500
72	Spectrogram 1	1	293.359997396	293.362664063	38000.000	81000.000	0.7500
73	Waveform 1	1	293.457997396	293.460664062	38000.000	81000.000	1.0000
73	Spectrogram 1	1	293.457997396	293.460664062	38000.000	81000.000	1.0000
74	Waveform 1	1	293.547330729	293.549997396	38000.000	81000.000	1.0000
74	Spectrogram 1	1	293.547330729	293.549997396	38000.000	81000.000	1.0000
75	Waveform 1	1	293.732664063	293.735997396	38000.000	81000.000	1.0000
75	Spectrogram 1	1	293.732664063	293.735997396	38000.000	81000.000	1.0000
76	Waveform 1	1	293.812664063	293.814664063	38000.000	81000.000	1.0000
76	Spectrogram 1	1	293.812664063	293.814664063	38000.000	81000.000	1.0000
77	Waveform 1	1	293.904664062	293.908664063	38000.000	81000.000	0.8333
77	Spectrogram 1	1	293.904664062	293.908664063	38000.000	81000.000	0.8333
78	Waveform 1	1	293.993997396	293.998664062	38000.000	81000.000	0.4286
78	Spectrogram 1	1	293.993997396	293.998664062	38000.000	81000.000	0.4286
79	Waveform 1	1	294.071330729	294.077330729	38000.000	81000.000	0.5556
79	Spectrogram 1	1	294.071330729	294.077330729	38000.000	81000.000	0.5556
80	Waveform 1	1	294.144664062	294.150664062	38000.000	81000.000	0.5556
80	Spectrogram 1	1	294.144664062	294.150664062	38000.000	81000.000	0.5556
81	Waveform 1	1	294.237330729	294.247330729	38000.000	81000.000	0.2667
81	Spectrogram 1	1	294.237330729	294.247330729	38000.000	81000.000	0.2667
82	Waveform 1	1	294.333330729	294.345330729	38000.000	81000.000	0.5000
82	Spectrogram 1	1	294.333330729	294.345330729	38000.000	81000.000	0.5000
83	Waveform 1	1	294.419997396	294.431997396	38000.000	81000.000	0.3333
83	Spectrogram 1	1	294.419997396	294.431997396	38000.000	81000.000	0.3333
84	Waveform 1	1	294.513997396	294.525330729	38000.000	81000.000	0.2941
84	Spectrogram 1	1	294.513997396	294.525330729	38000.000	81000.000	0.2941
85	Waveform 1	1	294.602664062	294.603997396	38000.000	81000.000	1.0000
85	Spectrogram 1	1	294.602664062	294.603997396	38000.000	81000.000	1.0000
86	Waveform 1	1	294.666664062	294.679330729	38000.000	81000.000	0.6316
86	Spectrogram 1	1	294.666664062	294.679330729	38000.000	81000.000	0.6316
87	Waveform 1	1	294.725997396	294.740664063	38000.000	81000.000	0.5000
87	Spectrogram 1	1	294.725997396	294.740664063	38000.000	81000.000	0.5000
88	Waveform 1	1	294.775997396	294.783330729	38000.000	81000.000	0.5455
88	Spectrogram 1	1	294.775997396	294.783330729	38000.000	81000.000	0.5455
89	Waveform 1	1	294.830664062	294.836664063	38000.000	81000.000	0.5556
89	Spectrogram 1	1	294.830664062	294.836664063	38000.000	81000.000	0.5556
90	Waveform 1	1	294.871997396	294.879997396	38000.000	81000.000	0.5833
90	Spectrogram 1	1	294.871997396	294.879997396	38000.000	81000.000	0.5833
91	Waveform 1	1	294.928664062	294.935997396	38000.000	81000.000	0.5455
91	Spectrogram 1	1	294.928664062	294.935997396	38000.000	81000.000	0.5455
92	Waveform 1	1	295.004664063	295.021330729	38000.000	81000.000	0.3200
92	Spectrogram 1	1	295.004664063	295.021330729	38000.000	81000.000	0.3200
93	Waveform 1	1	295.076664063	295.086664063	38000.000	81000.000	0.2000
93	Spectrogram 1	1	295.076664063	295.086664063	38000.000	81000.000	0.2000
94	Waveform 1	1	295.125997396	295.131330729	38000.000	81000.000	0.5000
94	Spectrogram 1	1	295.125997396	295.131330729	38000.000	81000.000	0.5000
95	Waveform 1	1	295.162664062	295.165997396	38000.000	81000.000	0.6000
95	Spectrogram 1	1	295.162664062	295.165997396	38000.000	81000.000	0.6000
96	Waveform 1	1	295.479330729	295.480664063	38000.000	81000.000	1.0000
96	Spectrogram 1	1	295.479330729	295.480664063	38000.000	81000.000	1.0000
97	Waveform 1	1	296.072664062	296.073997396	38000.000	81000.000	1.0000
97	Spectrogram 1	1	296.072664062	296.073997396	38000.000	81000.000	1.0000
98	Waveform 1	1	300.569997396	300.571330729	38000.000	81000.000	1.0000
98	Spectrogram 1	1	300.569997396	300.571330729	38000.000	81000.000	1.0000
99	Waveform 1	1	300.653997396	300.655997396	38000.000	81000.000	1.0000
99	Spectrogram 1	1	300.653997396	300.655997396	38000.000	81000.000	1.0000
100	Waveform 1	1	300.803997396	300.805330729	38000.000	81000.000	1.0000
100	Spectrogram 1	1	300.803997396	300.805330729	38000.000	81000.000	1.0000
101	Waveform 1	1	300.999330729	301.001330729	38000.000	81000.000	1.0000
101	Spectrogram 1	1	300.999330729	301.001330729	38000.000	81000.000	1.0000
102	Waveform 1	1	301.088664063	301.089997396	38000.000	81000.000	1.0000
102	Spectrogram 1	1	301.088664063	301.089997396	38000.000	81000.000	1.0000
103	Waveform 1	1	301.205997396	301.207997396	38000.000	81000.000	1.0000
103	Spectrogram 1	1	301.205997396	301.207997396	38000.000	81000.000	1.0000
104	Waveform 1	1	301.281997396	301.285330729	38000.000	81000.000	0.8000
104	Spectrogram 1	1	301.281997396	301.285330729	38000.000	81000.000	0.8000
105	Waveform 1	1	301.349330729	301.351330729	38000.000	81000.000	0.6667
105	Spectrogram 1	1	301.349330729	301.351330729	38000.000	81000.000	0.6667
106	Waveform 1	1	301.401330729	301.405330729	38000.000	81000.000	0.3333
106	Spectrogram 1	1	301.401330729	301.405330729	38000.000	81000.000	0.3333
107	Waveform 1	1	301.566664062	301.573330729	38000.000	81000.000	0.7000
107	Spectrogram 1	1	301.566664062	301.573330729	38000.000	81000.000	0.7000
108	Waveform 1	1	301.663997396	301.671330729	38000.000	81000.000	0.3636
108	Spectrogram 1	1	301.663997396	301.671330729	38000.000	81000.000	0.3636
109	Waveform 1	1	301.762664062	301.763997396	38000.000	81000.000	1.0000
109	Spectrogram 1	1	301.762664062	301.763997396	38000.000	81000.000	1.0000
110	Waveform 1	1	301.861330729	301.871997396	38000.000	81000.000	0.3125
110	Spectrogram 1	1	301.861330729	301.871997396	38000.000	81000.000	0.3125
111	Waveform 1	1	301.970664063	301.972664062	38000.000	81000.000	1.0000
111	Spectrogram 1	1	301.970664063	301.972664062	38000.000	81000.000	1.0000
112	Waveform 1	1	302.066664062	302.067997396	38000.000	81000.000	1.0000
112	Spectrogram 1	1	302.066664062	302.067997396	38000.000	81000.000	1.0000
113	Waveform 1	1	302.464664062	302.465997396	38000.000	81000.000	1.0000
113	Spectrogram 1	1	302.464664062	302.465997396	38000.000	81000.000	1.0000
114	Waveform 1	1	305.391997396	305.393330729	38000.000	81000.000	1.0000
114	Spectrogram 1	1	305.391997396	305.393330729	38000.000	81000.000	1.0000
115	Waveform 1	1	305.481330729	305.482664063	38000.000	81000.000	1.0000
115	Spectrogram 1	1	305.481330729	305.482664063	38000.000	81000.000	1.0000
116	Waveform 1	1	305.566664062	305.572664062	38000.000	81000.000	0.3333
116	Spectrogram 1	1	305.566664062	305.572664062	38000.000	81000.000	0.3333
117	Waveform 1	1	305.821997396	305.823330729	38000.000	81000.000	1.0000
117	Spectrogram 1	1	305.821997396	305.823330729	38000.000	81000.000	1.0000
118	Waveform 1	1	305.987330729	305.991330729	38000.000	81000.000	1.0000
118	Spectrogram 1	1	305.987330729	305.991330729	38000.000	81000.000	1.0000
119	Waveform 1	1	306.068664062	306.075330729	38000.000	81000.000	0.7000
119	Spectrogram 1	1	306.068664062	306.075330729	38000.000	81000.000	0.7000
120	Waveform 1	1	306.141997396	306.157330729	38000.000	81000.000	0.6522
120	Spectrogram 1	1	306.141997396	306.157330729	38000.000	81000.000	0.6522
121	Waveform 1	1	306.237330729	306.251997396	38000.000	81000.000	0.5455
121	Spectrogram 1	1	306.237330729	306.251997396	38000.000	81000.000	0.5455
122	Waveform 1	1	306.321330729	306.335330729	38000.000	81000.000	0.7619
122	Spectrogram 1	1	306.321330729	306.335330729	38000.000	81000.000	0.7619
123	Waveform 1	1	306.403997396	306.420664063	38000.000	81000.000	0.5200
123	Spectrogram 1	1	306.403997396	306.420664063	38000.000	81000.000	0.5200
124	Waveform 1	1	306.492664063	306.511330729	38000.000	81000.000	0.2500
124	Spectrogram 1	1	306.492664063	306.511330729	38000.000	81000.000	0.2500
125	Waveform 1	1	306.573997396	306.597330729	38000.000	81000.000	0.5143
125	Spectrogram 1	1	306.573997396	306.597330729	38000.000	81000.000	0.5143
126	Waveform 1	1	306.657330729	306.676664062	38000.000	81000.000	0.7586
126	Spectrogram 1	1	306.657330729	306.676664062	38000.000	81000.000	0.7586
127	Waveform 1	1	306.739330729	306.759330729	38000.000	81000.000	0.5000
127	Spectrogram 1	1	306.739330729	306.759330729	38000.000	81000.000	0.5000
128	Waveform 1	1	306.820664062	306.835997396	38000.000	81000.000	0.3043
128	Spectrogram 1	1	306.820664062	306.835997396	38000.000	81000.000	0.3043
129	Waveform 1	1	306.902664062	306.925330729	38000.000	81000.000	0.5882
129	Spectrogram 1	1	306.902664062	306.925330729	38000.000	81000.000	0.5882
130	Waveform 1	1	306.981330729	306.997997396	38000.000	81000.000	0.6400
130	Spectrogram 1	1	306.981330729	306.997997396	38000.000	81000.000	0.6400
131	Waveform 1	1	307.070664062	307.091997396	38000.000	81000.000	0.7188
131	Spectrogram 1	1	307.070664062	307.091997396	38000.000	81000.000	0.7188
132	Waveform 1	1	307.157997396	307.176664062	38000.000	81000.000	0.3929
132	Spectrogram 1	1	307.157997396	307.176664062	38000.000	81000.000	0.3929
133	Waveform 1	1	307.243330729	307.263330729	38000.000	81000.000	0.4000
133	Spectrogram 1	1	307.243330729	307.263330729	38000.000	81000.000	0.4000
134	Waveform 1	1	307.327997396	307.341330729	38000.000	81000.000	0.4000
134	Spectrogram 1	1	307.327997396	307.341330729	38000.000	81000.000	0.4000
135	Waveform 1	1	307.488664062	307.503330729	38000.000	81000.000	0.2727
135	Spectrogram 1	1	307.488664062	307.503330729	38000.000	81000.000	0.2727
136	Waveform 1	1	307.577330729	307.586664063	38000.000	81000.000	0.3571
136	Spectrogram 1	1	307.577330729	307.586664063	38000.000	81000.000	0.3571
137	Waveform 1	1	307.665330729	307.671330729	38000.000	81000.000	0.6667
137	Spectrogram 1	1	307.665330729	307.671330729	38000.000	81000.000	0.6667
138	Waveform 1	1	307.749997396	307.753330729	38000.000	81000.000	0.6000
138	Spectrogram 1	1	307.749997396	307.753330729	38000.000	81000.000	0.6000
139	Waveform 1	1	307.834664062	307.840664062	38000.000	81000.000	0.3333
139	Spectrogram 1	1	307.834664062	307.840664062	38000.000	81000.000	0.3333
140	Waveform 1	1	307.918664062	307.921330729	38000.000	81000.000	1.0000
140	Spectrogram 1	1	307.918664062	307.921330729	38000.000	81000.000	1.0000
141	Waveform 1	1	308.183997396	308.185997396	38000.000	81000.000	0.6667
141	Spectrogram 1	1	308.183997396	308.185997396	38000.000	81000.000	0.6667
142	Waveform 1	1	308.384664063	308.393330729	38000.000	81000.000	0.3077
142	Spectrogram 1	1	308.384664063	308.393330729	38000.000	81000.000	0.3077
143	Waveform 1	1	308.762664062	308.764664063	38000.000	81000.000	0.6667
143	Spectrogram 1	1	308.762664062	308.764664063	38000.000	81000.000	0.6667
144	Waveform 1	1	309.108664062	309.111330729	38000.000	81000.000	0.7500
144	Spectrogram 1	1	309.108664062	309.111330729	38000.000	81000.000	0.7500
145	Waveform 1	1	309.278664063	309.279997396	38000.000	81000.000	1.0000
145	Spectrogram 1	1	309.278664063	309.279997396	38000.000	81000.000	1.0000
146	Waveform 1	1	309.982664063	309.983997396	38000.000	81000.000	1.0000
146	Spectrogram 1	1	309.982664063	309.983997396	38000.000	81000.000	1.0000
147	Waveform 1	1	310.065997396	310.067330729	38000.000	81000.000	1.0000
147	Spectrogram 1	1	310.065997396	310.067330729	38000.000	81000.000	1.0000
148	Waveform 1	1	310.335997396	310.338664063	38000.000	81000.000	0.5000
148	Spectrogram 1	1	310.335997396	310.338664063	38000.000	81000.000	0.5000
149	Waveform 1	1	310.712664062	310.713997396	38000.000	81000.000	1.0000
149	Spectrogram 1	1	310.712664062	310.713997396	38000.000	81000.000	1.0000
150	Waveform 1	1	312.844664062	312.845997396	38000.000	81000.000	1.0000
150	Spectrogram 1	1	312.844664062	312.845997396	38000.000	81000.000	1.0000
151	Waveform 1	1	312.942664063	312.943997396	38000.000	81000.000	1.0000
151	Spectrogram 1	1	312.942664063	312.943997396	38000.000	81000.000	1.0000
152	Waveform 1	1	313.429997396	313.431330729	38000.000	81000.000	1.0000
152	Spectrogram 1	1	313.429997396	313.431330729	38000.000	81000.000	1.0000
153	Waveform 1	1	407.863997396	407.868664062	38000.000	81000.000	0.2857
153	Spectrogram 1	1	407.863997396	407.868664062	38000.000	81000.000	0.2857
154	Waveform 1	1	407.951997396	407.954664063	38000.000	81000.000	0.5000
154	Spectrogram 1	1	407.951997396	407.954664063	38000.000	81000.000	0.5000
155	Waveform 1	1	408.138664062	408.141330729	38000.000	81000.000	0.5000
155	Spectrogram 1	1	408.138664062	408.141330729	38000.000	81000.000	0.5000
156	Waveform 1	1	408.649997396	408.655997396	38000.000	81000.000	0.2222
156	Spectrogram 1	1	408.649997396	408.655997396	38000.000	81000.000	0.2222
157	Waveform 1	1	409.097997396	409.099330729	38000.000	81000.000	1.0000
157	Spectrogram 1	1	409.097997396	409.099330729	38000.000	81000.000	1.0000
158	Waveform 1	1	409.622664063	409.625997396	38000.000	81000.000	0.4000
158	Spectrogram 1	1	409.622664063	409.625997396	38000.000	81000.000	0.4000
159	Waveform 1	1	416.578664062	416.579997396	38000.000	81000.000	1.0000
159	Spectrogram 1	1	416.578664062	416.579997396	38000.000	81000.000	1.0000
160	Waveform 1	1	557.313997396	557.315330729	38000.000	81000.000	1.0000
160	Spectrogram 1	1	557.313997396	557.315330729	38000.000	81000.000	1.0000
161	Waveform 1	1	558.020664063	558.023330729	38000.000	81000.000	0.5000
161	Spectrogram 1	1	558.020664063	558.023330729	38000.000	81000.000	0.5000
162	Waveform 1	1	558.523997396	558.527997396	38000.000	81000.000	0.5000
162	Spectrogram 1	1	558.523997396	558.527997396	38000.000	81000.000	0.5000
163	Waveform 1	1	558.629330729	558.637330729	38000.000	81000.000	0.2500
163	Spectrogram 1	1	558.629330729	558.637330729	38000.000	81000.000	0.2500
164	Waveform 1	1	558.871330729	558.878664063	38000.000	81000.000	0.4545
164	Spectrogram 1	1	558.871330729	558.878664063	38000.000	81000.000	0.4545
165	Waveform 1	1	559.140664063	559.162664063	38000.000	81000.000	0.3030
165	Spectrogram 1	1	559.140664063	559.162664063	38000.000	81000.000	0.3030
166	Waveform 1	1	559.228664063	559.239330729	38000.000	81000.000	0.3125
166	Spectrogram 1	1	559.228664063	559.239330729	38000.000	81000.000	0.3125
167	Waveform 1	1	559.323330729	559.339330729	38000.000	81000.000	0.3333
167	Spectrogram 1	1	559.323330729	559.339330729	38000.000	81000.000	0.3333
168	Waveform 1	1	559.409330729	559.425997396	38000.000	81000.000	0.2400
168	Spectrogram 1	1	559.409330729	559.425997396	38000.000	81000.000	0.2400
169	Waveform 1	1	559.593997396	559.595330729	38000.000	81000.000	1.0000
169	Spectrogram 1	1	559.593997396	559.595330729	38000.000	81000.000	1.0000
170	Waveform 1	1	559.775997396	559.777330729	38000.000	81000.000	1.0000
170	Spectrogram 1	1	559.775997396	559.777330729	38000.000	81000.000	1.0000
171	Waveform 1	1	560.095997396	560.097330729	38000.000	81000.000	1.0000
171	Spectrogram 1	1	560.095997396	560.097330729	38000.000	81000.000	1.0000
172	Waveform 1	1	560.200664063	560.209997396	38000.000	81000.000	0.2143
172	Spectrogram 1	1	560.200664063	560.209997396	38000.000	81000.000	0.2143
173	Waveform 1	1	560.393330729	560.394664063	38000.000	81000.000	1.0000
173	Spectrogram 1	1	560.393330729	560.394664063	38000.000	81000.000	1.0000
174	Waveform 1	1	560.493997396	560.495997396	38000.000	81000.000	1.0000
174	Spectrogram 1	1	560.493997396	560.495997396	38000.000	81000.000	1.0000
175	Waveform 1	1	560.597997396	560.599330729	38000.000	81000.000	1.0000
175	Spectrogram 1	1	560.597997396	560.599330729	38000.000	81000.000	1.0000
176	Waveform 1	1	560.730664063	560.732664063	38000.000	81000.000	0.6667
176	Spectrogram 1	1	560.730664063	560.732664063	38000.000	81000.000	0.6667
177	Waveform 1	1	560.842664063	560.844664063	38000.000	81000.000	1.0000
177	Spectrogram 1	1	560.842664063	560.844664063	38000.000	81000.000	1.0000
178	Waveform 1	1	561.025330729	561.027330729	38000.000	81000.000	0.6667
178	Spectrogram 1	1	561.025330729	561.027330729	38000.000	81000.000	0.6667
179	Waveform 1	1	561.147330729	561.148664063	38000.000	81000.000	1.0000
179	Spectrogram 1	1	561.147330729	561.148664063	38000.000	81000.000	1.0000
180	Waveform 1	1	561.298664063	561.300664063	38000.000	81000.000	1.0000
180	Spectrogram 1	1	561.298664063	561.300664063	38000.000	81000.000	1.0000
181	Waveform 1	1	561.511997396	561.513997396	38000.000	81000.000	0.6667
181	Spectrogram 1	1	561.511997396	561.513997396	38000.000	81000.000	0.6667
182	Waveform 1	1	561.625330729	561.627997396	38000.000	81000.000	1.0000
182	Spectrogram 1	1	561.625330729	561.627997396	38000.000	81000.000	1.0000
183	Waveform 1	1	561.747330729	561.749330729	38000.000	81000.000	1.0000
183	Spectrogram 1	1	561.747330729	561.749330729	38000.000	81000.000	1.0000
184	Waveform 1	1	561.990664063	561.991997396	38000.000	81000.000	1.0000
184	Spectrogram 1	1	561.990664063	561.991997396	38000.000	81000.000	1.0000
185	Waveform 1	1	562.111330729	562.112664063	38000.000	81000.000	1.0000
185	Spectrogram 1	1	562.111330729	562.112664063	38000.000	81000.000	1.0000
186	Waveform 1	1	562.229330729	562.230664063	38000.000	81000.000	1.0000
186	Spectrogram 1	1	562.229330729	562.230664063	38000.000	81000.000	1.0000
187	Waveform 1	1	565.399997396	565.402664063	38000.000	81000.000	0.7500
187	Spectrogram 1	1	565.399997396	565.402664063	38000.000	81000.000	0.7500
188	Waveform 1	1	565.504664063	565.507330729	38000.000	81000.000	1.0000
188	Spectrogram 1	1	565.504664063	565.507330729	38000.000	81000.000	1.0000
189	Waveform 1	1	565.727330729	565.728664063	38000.000	81000.000	1.0000
189	Spectrogram 1	1	565.727330729	565.728664063	38000.000	81000.000	1.0000
190	Waveform 1	1	565.876664063	565.877997396	38000.000	81000.000	1.0000
190	Spectrogram 1	1	565.876664063	565.877997396	38000.000	81000.000	1.0000
191	Waveform 1	1	566.289997396	566.293330729	38000.000	81000.000	0.8000
191	Spectrogram 1	1	566.289997396	566.293330729	38000.000	81000.000	0.8000
192	Waveform 1	1	566.397330729	566.399997396	38000.000	81000.000	0.7500
192	Spectrogram 1	1	566.397330729	566.399997396	38000.000	81000.000	0.7500
193	Waveform 1	1	566.519997396	566.523330729	38000.000	81000.000	1.0000
193	Spectrogram 1	1	566.519997396	566.523330729	38000.000	81000.000	1.0000
194	Waveform 1	1	566.637330729	566.639330729	38000.000	81000.000	0.6667
194	Spectrogram 1	1	566.637330729	566.639330729	38000.000	81000.000	0.6667
195	Waveform 1	1	566.838664063	566.841997396	38000.000	81000.000	1.0000
195	Spectrogram 1	1	566.838664063	566.841997396	38000.000	81000.000	1.0000
196	Waveform 1	1	567.094664063	567.095997396	38000.000	81000.000	1.0000
196	Spectrogram 1	1	567.094664063	567.095997396	38000.000	81000.000	1.0000
197	Waveform 1	1	567.316664063	567.318664063	38000.000	81000.000	1.0000
197	Spectrogram 1	1	567.316664063	567.318664063	38000.000	81000.000	1.0000
198	Waveform 1	1	567.426664063	567.429330729	38000.000	81000.000	1.0000
198	Spectrogram 1	1	567.426664063	567.429330729	38000.000	81000.000	1.0000
199	Waveform 1	1	567.950664063	567.951997396	38000.000	81000.000	1.0000
199	Spectrogram 1	1	567.950664063	567.951997396	38000.000	81000.000	1.0000
200	Waveform 1	1	568.244664063	568.246664063	38000.000	81000.000	0.6667
200	Spectrogram 1	1	568.244664063	568.246664063	38000.000	81000.000	0.6667
201	Waveform 1	1	568.555330729	568.556664063	38000.000	81000.000	1.0000
201	Spectrogram 1	1	568.555330729	568.556664063	38000.000	81000.000	1.0000
202	Waveform 1	1	580.089330729	580.090664063	38000.000	81000.000	1.0000
202	Spectrogram 1	1	580.089330729	580.090664063	38000.000	81000.000	1.0000
203	Waveform 1	1	580.215330729	580.218664063	38000.000	81000.000	0.4000
203	Spectrogram 1	1	580.215330729	580.218664063	38000.000	81000.000	0.4000
204	Waveform 1	1	580.307997396	580.311330729	38000.000	81000.000	0.4000
204	Spectrogram 1	1	580.307997396	580.311330729	38000.000	81000.000	0.4000
205	Waveform 1	1	580.418664063	580.419997396	38000.000	81000.000	1.0000
205	Spectrogram 1	1	580.418664063	580.419997396	38000.000	81000.000	1.0000
206	Waveform 1	1	580.629330729	580.630664063	38000.000	81000.000	1.0000
206	Spectrogram 1	1	580.629330729	580.630664063	38000.000	81000.000	1.0000
207	Waveform 1	1	580.962664063	580.963997396	38000.000	81000.000	1.0000
207	Spectrogram 1	1	580.962664063	580.963997396	38000.000	81000.000	1.0000
208	Waveform 1	1	581.079997396	581.081330729	38000.000	81000.000	1.0000
208	Spectrogram 1	1	581.079997396	581.081330729	38000.000	81000.000	1.0000
209	Waveform 1	1	581.541997396	581.543997396	38000.000	81000.000	1.0000
209	Spectrogram 1	1	581.541997396	581.543997396	38000.000	81000.000	1.0000
210	Waveform 1	1	581.775330729	581.777330729	38000.000	81000.000	0.6667
210	Spectrogram 1	1	581.775330729	581.777330729	38000.000	81000.000	0.6667
211	Waveform 1	1	581.885330729	581.887330729	38000.000	81000.000	1.0000
211	Spectrogram 1	1	581.885330729	581.887330729	38000.000	81000.000	1.0000
212	Waveform 1	1	582.004664063	582.006664063	38000.000	81000.000	1.0000
212	Spectrogram 1	1	582.004664063	582.006664063	38000.000	81000.000	1.0000
213	Waveform 1	1	582.145330729	582.147330729	38000.000	81000.000	1.0000
213	Spectrogram 1	1	582.145330729	582.147330729	38000.000	81000.000	1.0000
214	Waveform 1	1	582.339997396	582.342664063	38000.000	81000.000	1.0000
214	Spectrogram 1	1	582.339997396	582.342664063	38000.000	81000.000	1.0000
215	Waveform 1	1	582.585330729	582.586664063	38000.000	81000.000	1.0000
215	Spectrogram 1	1	582.585330729	582.586664063	38000.000	81000.000	1.0000
216	Waveform 1	1	582.713997396	582.715330729	38000.000	81000.000	1.0000
216	Spectrogram 1	1	582.713997396	582.715330729	38000.000	81000.000	1.0000
217	Waveform 1	1	582.989997396	582.991997396	38000.000	81000.000	1.0000
217	Spectrogram 1	1	582.989997396	582.991997396	38000.000	81000.000	1.0000
218	Waveform 1	1	583.107330729	583.108664062	38000.000	81000.000	1.0000
218	Spectrogram 1	1	583.107330729	583.108664062	38000.000	81000.000	1.0000
219	Waveform 1	1	583.221997396	583.224664063	38000.000	81000.000	0.7500
219	Spectrogram 1	1	583.221997396	583.224664063	38000.000	81000.000	0.7500
220	Waveform 1	1	583.331997396	583.333997396	38000.000	81000.000	0.6667
220	Spectrogram 1	1	583.331997396	583.333997396	38000.000	81000.000	0.6667
221	Waveform 1	1	583.451330729	583.452664063	38000.000	81000.000	1.0000
221	Spectrogram 1	1	583.451330729	583.452664063	38000.000	81000.000	1.0000
222	Waveform 1	1	583.571330729	583.573997396	38000.000	81000.000	1.0000
222	Spectrogram 1	1	583.571330729	583.573997396	38000.000	81000.000	1.0000
223	Waveform 1	1	583.796664063	583.798664063	38000.000	81000.000	1.0000
223	Spectrogram 1	1	583.796664063	583.798664063	38000.000	81000.000	1.0000
224	Waveform 1	1	584.039997396	584.042664063	38000.000	81000.000	1.0000
224	Spectrogram 1	1	584.039997396	584.042664063	38000.000	81000.000	1.0000
225	Waveform 1	1	584.383330729	584.384664063	38000.000	81000.000	1.0000
225	Spectrogram 1	1	584.383330729	584.384664063	38000.000	81000.000	1.0000
226	Waveform 1	1	584.509997396	584.512664062	38000.000	81000.000	1.0000
226	Spectrogram 1	1	584.509997396	584.512664062	38000.000	81000.000	1.0000
227	Waveform 1	1	590.797330729	590.798664063	38000.000	81000.000	1.0000
227	Spectrogram 1	1	590.797330729	590.798664063	38000.000	81000.000	1.0000
228	Waveform 1	1	591.194664063	591.195997396	38000.000	81000.000	1.0000
228	Spectrogram 1	1	591.194664063	591.195997396	38000.000	81000.000	1.0000
229	Waveform 1	1	591.412664063	591.413997396	38000.000	81000.000	1.0000
229	Spectrogram 1	1	591.412664063	591.413997396	38000.000	81000.000	1.0000
230	Waveform 1	1	591.518664063	591.519997396	38000.000	81000.000	1.0000
230	Spectrogram 1	1	591.518664063	591.519997396	38000.000	81000.000	1.0000
231	Waveform 1	1	591.613330729	591.614664063	38000.000	81000.000	1.0000
231	Spectrogram 1	1	591.613330729	591.614664063	38000.000	81000.000	1.0000
232	Waveform 1	1	591.713330729	591.714664063	38000.000	81000.000	1.0000
232	Spectrogram 1	1	591.713330729	591.714664063	38000.000	81000.000	1.0000
233	Waveform 1	1	591.946664063	591.947997396	38000.000	81000.000	1.0000
233	Spectrogram 1	1	591.946664063	591.947997396	38000.000	81000.000	1.0000
234	Waveform 1	1	609.111997396	609.113330729	38000.000	81000.000	1.0000
234	Spectrogram 1	1	609.111997396	609.113330729	38000.000	81000.000	1.0000
235	Waveform 1	1	610.413330729	610.414664063	38000.000	81000.000	1.0000
235	Spectrogram 1	1	610.413330729	610.414664063	38000.000	81000.000	1.0000
236	Waveform 1	1	611.211997396	611.213997396	38000.000	81000.000	1.0000
236	Spectrogram 1	1	611.211997396	611.213997396	38000.000	81000.000	1.0000
237	Waveform 1	1	611.404664063	611.410664063	38000.000	81000.000	0.2222
237	Spectrogram 1	1	611.404664063	611.410664063	38000.000	81000.000	0.2222
238	Waveform 1	1	611.606664063	611.613330729	38000.000	81000.000	0.2000
238	Spectrogram 1	1	611.606664063	611.613330729	38000.000	81000.000	0.2000
239	Waveform 1	1	611.796664063	611.803330729	38000.000	81000.000	0.4000
239	Spectrogram 1	1	611.796664063	611.803330729	38000.000	81000.000	0.4000
240	Waveform 1	1	611.899997396	611.907330729	38000.000	81000.000	0.4545
240	Spectrogram 1	1	611.899997396	611.907330729	38000.000	81000.000	0.4545
241	Waveform 1	1	612.255997396	612.263330729	38000.000	81000.000	0.3636
241	Spectrogram 1	1	612.255997396	612.263330729	38000.000	81000.000	0.3636
242	Waveform 1	1	612.365997396	612.367997396	38000.000	81000.000	0.6667
242	Spectrogram 1	1	612.365997396	612.367997396	38000.000	81000.000	0.6667
243	Waveform 1	1	612.482664063	612.487997396	38000.000	81000.000	0.2500
243	Spectrogram 1	1	612.482664063	612.487997396	38000.000	81000.000	0.2500
244	Waveform 1	1	612.601330729	612.603330729	38000.000	81000.000	1.0000
244	Spectrogram 1	1	612.601330729	612.603330729	38000.000	81000.000	1.0000
245	Waveform 1	1	612.721330729	612.729330729	38000.000	81000.000	0.4167
245	Spectrogram 1	1	612.721330729	612.729330729	38000.000	81000.000	0.4167
246	Waveform 1	1	613.033330729	613.035997396	38000.000	81000.000	0.5000
246	Spectrogram 1	1	613.033330729	613.035997396	38000.000	81000.000	0.5000
247	Waveform 1	1	613.268664063	613.274664063	38000.000	81000.000	0.4444
247	Spectrogram 1	1	613.268664063	613.274664063	38000.000	81000.000	0.4444
248	Waveform 1	1	820.792664063	820.793997396	38000.000	81000.000	1.0000
248	Spectrogram 1	1	820.792664063	820.793997396	38000.000	81000.000	1.0000
249	Waveform 1	1	820.895997396	820.897997396	38000.000	81000.000	1.0000
249	Spectrogram 1	1	820.895997396	820.897997396	38000.000	81000.000	1.0000
250	Waveform 1	1	820.992664063	820.999330729	38000.000	81000.000	0.4000
250	Spectrogram 1	1	820.992664063	820.999330729	38000.000	81000.000	0.4000
251	Waveform 1	1	821.094664063	821.103997396	38000.000	81000.000	0.4286
251	Spectrogram 1	1	821.094664063	821.103997396	38000.000	81000.000	0.4286
252	Waveform 1	1	821.296664063	821.299997396	38000.000	81000.000	0.4000
252	Spectrogram 1	1	821.296664063	821.299997396	38000.000	81000.000	0.4000
253	Waveform 1	1	821.719330729	821.720664063	38000.000	81000.000	1.0000
253	Spectrogram 1	1	821.719330729	821.720664063	38000.000	81000.000	1.0000
254	Waveform 1	1	821.825330729	821.835330729	38000.000	81000.000	0.3333
254	Spectrogram 1	1	821.825330729	821.835330729	38000.000	81000.000	0.3333
255	Waveform 1	1	821.931330729	821.933330729	38000.000	81000.000	1.0000
255	Spectrogram 1	1	821.931330729	821.933330729	38000.000	81000.000	1.0000
256	Waveform 1	1	822.049330729	822.052664063	38000.000	81000.000	0.8000
256	Spectrogram 1	1	822.049330729	822.052664063	38000.000	81000.000	0.8000
257	Waveform 1	1	822.117997396	822.132664062	38000.000	81000.000	0.2273
257	Spectrogram 1	1	822.117997396	822.132664062	38000.000	81000.000	0.2273
258	Waveform 1	1	822.265330729	822.269330729	38000.000	81000.000	0.8333
258	Spectrogram 1	1	822.265330729	822.269330729	38000.000	81000.000	0.8333
259	Waveform 1	1	822.444664063	822.445997396	38000.000	81000.000	1.0000
259	Spectrogram 1	1	822.444664063	822.445997396	38000.000	81000.000	1.0000
260	Waveform 1	1	822.561330729	822.562664063	38000.000	81000.000	1.0000
260	Spectrogram 1	1	822.561330729	822.562664063	38000.000	81000.000	1.0000
261	Waveform 1	1	822.671997396	822.674664063	38000.000	81000.000	1.0000
261	Spectrogram 1	1	822.671997396	822.674664063	38000.000	81000.000	1.0000
262	Waveform 1	1	822.893330729	822.895330729	38000.000	81000.000	0.6667
262	Spectrogram 1	1	822.893330729	822.895330729	38000.000	81000.000	0.6667
263	Waveform 1	1	823.123997396	823.125330729	38000.000	81000.000	1.0000
263	Spectrogram 1	1	823.123997396	823.125330729	38000.000	81000.000	1.0000
264	Waveform 1	1	824.672664063	824.673997396	38000.000	81000.000	1.0000
264	Spectrogram 1	1	824.672664063	824.673997396	38000.000	81000.000	1.0000
265	Waveform 1	1	973.773330729	973.779997396	38000.000	81000.000	0.3000
265	Spectrogram 1	1	973.773330729	973.779997396	38000.000	81000.000	0.3000
266	Waveform 1	1	973.967330729	973.969330729	38000.000	81000.000	1.0000
266	Spectrogram 1	1	973.967330729	973.969330729	38000.000	81000.000	1.0000
267	Waveform 1	1	974.075330729	974.077997396	38000.000	81000.000	0.7500
267	Spectrogram 1	1	974.075330729	974.077997396	38000.000	81000.000	0.7500
268	Waveform 1	1	974.195997396	974.197997396	38000.000	81000.000	0.6667
268	Spectrogram 1	1	974.195997396	974.197997396	38000.000	81000.000	0.6667
269	Waveform 1	1	974.353997396	974.355997396	38000.000	81000.000	1.0000
269	Spectrogram 1	1	974.353997396	974.355997396	38000.000	81000.000	1.0000
270	Waveform 1	1	974.429330729	974.431330729	38000.000	81000.000	1.0000
270	Spectrogram 1	1	974.429330729	974.431330729	38000.000	81000.000	1.0000
271	Waveform 1	1	974.514664063	974.516664063	38000.000	81000.000	1.0000
271	Spectrogram 1	1	974.514664063	974.516664063	38000.000	81000.000	1.0000
272	Waveform 1	1	974.589997396	974.592664063	38000.000	81000.000	0.7500
272	Spectrogram 1	1	974.589997396	974.592664063	38000.000	81000.000	0.7500
273	Waveform 1	1	974.643330729	974.645997396	38000.000	81000.000	1.0000
273	Spectrogram 1	1	974.643330729	974.645997396	38000.000	81000.000	1.0000
274	Waveform 1	1	974.694664063	974.696664063	38000.000	81000.000	1.0000
274	Spectrogram 1	1	974.694664063	974.696664063	38000.000	81000.000	1.0000
275	Waveform 1	1	974.738664063	974.740664063	38000.000	81000.000	1.0000
275	Spectrogram 1	1	974.738664063	974.740664063	38000.000	81000.000	1.0000
276	Waveform 1	1	974.783330729	974.784664063	38000.000	81000.000	1.0000
276	Spectrogram 1	1	974.783330729	974.784664063	38000.000	81000.000	1.0000
277	Waveform 1	1	974.823330729	974.831330729	38000.000	81000.000	0.2500
277	Spectrogram 1	1	974.823330729	974.831330729	38000.000	81000.000	0.2500
278	Waveform 1	1	974.853330729	974.854664063	38000.000	81000.000	1.0000
278	Spectrogram 1	1	974.853330729	974.854664063	38000.000	81000.000	1.0000
279	Waveform 1	1	974.886664063	974.893330729	38000.000	81000.000	0.3000
279	Spectrogram 1	1	974.886664063	974.893330729	38000.000	81000.000	0.3000
280	Waveform 1	1	974.927997396	974.933330729	38000.000	81000.000	0.3750
280	Spectrogram 1	1	974.927997396	974.933330729	38000.000	81000.000	0.3750
281	Waveform 1	1	974.955330729	974.956664063	38000.000	81000.000	1.0000
281	Spectrogram 1	1	974.955330729	974.956664063	38000.000	81000.000	1.0000
282	Waveform 1	1	975.011997396	975.014664063	38000.000	81000.000	1.0000
282	Spectrogram 1	1	975.011997396	975.014664063	38000.000	81000.000	1.0000
283	Waveform 1	1	975.151997396	975.153330729	38000.000	81000.000	1.0000
283	Spectrogram 1	1	975.151997396	975.153330729	38000.000	81000.000	1.0000
284	Waveform 1	1	976.394664063	976.398664063	38000.000	81000.000	0.3333
284	Spectrogram 1	1	976.394664063	976.398664063	38000.000	81000.000	0.3333
285	Waveform 1	1	976.801997396	976.804664063	38000.000	81000.000	0.5000
285	Spectrogram 1	1	976.801997396	976.804664063	38000.000	81000.000	0.5000
286	Waveform 1	1	976.890664063	976.897330729	38000.000	81000.000	0.3000
286	Spectrogram 1	1	976.890664063	976.897330729	38000.000	81000.000	0.3000
287	Waveform 1	1	977.533997396	977.535330729	38000.000	81000.000	1.0000
287	Spectrogram 1	1	977.533997396	977.535330729	38000.000	81000.000	1.0000
288	Waveform 1	1	977.593997396	977.609330729	38000.000	81000.000	0.2609
288	Spectrogram 1	1	977.593997396	977.609330729	38000.000	81000.000	0.2609
289	Waveform 1	1	977.687997396	977.689330729	38000.000	81000.000	1.0000
289	Spectrogram 1	1	977.687997396	977.689330729	38000.000	81000.000	1.0000
290	Waveform 1	1	977.778664063	977.789330729	38000.000	81000.000	0.2500
290	Spectrogram 1	1	977.778664063	977.789330729	38000.000	81000.000	0.2500
291	Waveform 1	1	977.849997396	977.851330729	38000.000	81000.000	1.0000
291	Spectrogram 1	1	977.849997396	977.851330729	38000.000	81000.000	1.0000
292	Waveform 1	1	978.061330729	978.062664063	38000.000	81000.000	1.0000
292	Spectrogram 1	1	978.061330729	978.062664063	38000.000	81000.000	1.0000
293	Waveform 1	1	978.115997396	978.117997396	38000.000	81000.000	1.0000
293	Spectrogram 1	1	978.115997396	978.117997396	38000.000	81000.000	1.0000
294	Waveform 1	1	978.269330729	978.271330729	38000.000	81000.000	1.0000
294	Spectrogram 1	1	978.269330729	978.271330729	38000.000	81000.000	1.0000
295	Waveform 1	1	978.339997396	978.341330729	38000.000	81000.000	1.0000
295	Spectrogram 1	1	978.339997396	978.341330729	38000.000	81000.000	1.0000
296	Waveform 1	1	979.448664063	979.449997396	38000.000	81000.000	1.0000
296	Spectrogram 1	1	979.448664063	979.449997396	38000.000	81000.000	1.0000
297	Waveform 1	1	1109.998664062	1109.999997396	38000.000	81000.000	1.0000
297	Spectrogram 1	1	1109.998664062	1109.999997396	38000.000	81000.000	1.0000
298	Waveform 1	1	1110.505997396	1110.508664062	38000.000	81000.000	0.7500
298	Spectrogram 1	1	1110.505997396	1110.508664062	38000.000	81000.000	0.7500
299	Waveform 1	1	1110.655997396	1110.658664062	38000.000	81000.000	0.5000
299	Spectrogram 1	1	1110.655997396	1110.658664062	38000.000	81000.000	0.5000
300	Waveform 1	1	1110.800664062	1110.803997396	38000.000	81000.000	0.8000
300	Spectrogram 1	1	1110.800664062	1110.803997396	38000.000	81000.000	0.8000
301	Waveform 1	1	1111.099330729	1111.103330729	38000.000	81000.000	0.5000
301	Spectrogram 1	1	1111.099330729	1111.103330729	38000.000	81000.000	0.5000
302	Waveform 1	1	1111.164664062	1111.183997396	38000.000	81000.000	0.2414
302	Spectrogram 1	1	1111.164664062	1111.183997396	38000.000	81000.000	0.2414
303	Waveform 1	1	1111.244664062	1111.251330729	38000.000	81000.000	0.6000
303	Spectrogram 1	1	1111.244664062	1111.251330729	38000.000	81000.000	0.6000
304	Waveform 1	1	1111.333997396	1111.336664062	38000.000	81000.000	0.5000
304	Spectrogram 1	1	1111.333997396	1111.336664062	38000.000	81000.000	0.5000
305	Waveform 1	1	1111.413330729	1111.416664062	38000.000	81000.000	0.4000
305	Spectrogram 1	1	1111.413330729	1111.416664062	38000.000	81000.000	0.4000
306	Waveform 1	1	1111.454664062	1111.458664063	38000.000	81000.000	0.5000
306	Spectrogram 1	1	1111.454664062	1111.458664063	38000.000	81000.000	0.5000
307	Waveform 1	1	1112.603330729	1112.604664062	38000.000	81000.000	1.0000
307	Spectrogram 1	1	1112.603330729	1112.604664062	38000.000	81000.000	1.0000
308	Waveform 1	1	1112.753330729	1112.754664062	38000.000	81000.000	1.0000
308	Spectrogram 1	1	1112.753330729	1112.754664062	38000.000	81000.000	1.0000
309	Waveform 1	1	1112.961997396	1112.963330729	38000.000	81000.000	1.0000
309	Spectrogram 1	1	1112.961997396	1112.963330729	38000.000	81000.000	1.0000
310	Waveform 1	1	1113.160664063	1113.164664062	38000.000	81000.000	0.3333
310	Spectrogram 1	1	1113.160664063	1113.164664062	38000.000	81000.000	0.3333
311	Waveform 1	1	1114.576664062	1114.589330729	38000.000	81000.000	0.2632
311	Spectrogram 1	1	1114.576664062	1114.589330729	38000.000	81000.000	0.2632
312	Waveform 1	1	1114.796664062	1114.797997396	38000.000	81000.000	1.0000
312	Spectrogram 1	1	1114.796664062	1114.797997396	38000.000	81000.000	1.0000
313	Waveform 1	1	1115.026664063	1115.027997396	38000.000	81000.000	1.0000
313	Spectrogram 1	1	1115.026664063	1115.027997396	38000.000	81000.000	1.0000
314	Waveform 1	1	1115.143997396	1115.145330729	38000.000	81000.000	1.0000
314	Spectrogram 1	1	1115.143997396	1115.145330729	38000.000	81000.000	1.0000
315	Waveform 1	1	1115.279997396	1115.281997396	38000.000	81000.000	1.0000
315	Spectrogram 1	1	1115.279997396	1115.281997396	38000.000	81000.000	1.0000
316	Waveform 1	1	1115.361330729	1115.363330729	38000.000	81000.000	1.0000
316	Spectrogram 1	1	1115.361330729	1115.363330729	38000.000	81000.000	1.0000
317	Waveform 1	1	1115.521330729	1115.533997396	38000.000	81000.000	0.3158
317	Spectrogram 1	1	1115.521330729	1115.533997396	38000.000	81000.000	0.3158
318	Waveform 1	1	1115.837330729	1115.845997396	38000.000	81000.000	0.3846
318	Spectrogram 1	1	1115.837330729	1115.845997396	38000.000	81000.000	0.3846
319	Waveform 1	1	1116.508664062	1116.513997396	38000.000	81000.000	0.2500
319	Spectrogram 1	1	1116.508664062	1116.513997396	38000.000	81000.000	0.2500
320	Waveform 1	1	1116.723997396	1116.738664062	38000.000	81000.000	0.3182
320	Spectrogram 1	1	1116.723997396	1116.738664062	38000.000	81000.000	0.3182
321	Waveform 1	1	1116.868664062	1116.869997396	38000.000	81000.000	1.0000
321	Spectrogram 1	1	1116.868664062	1116.869997396	38000.000	81000.000	1.0000
322	Waveform 1	1	1116.904664062	1116.927997396	38000.000	81000.000	0.2286
322	Spectrogram 1	1	1116.904664062	1116.927997396	38000.000	81000.000	0.2286
323	Waveform 1	1	1117.005997396	1117.011330729	38000.000	81000.000	0.2500
323	Spectrogram 1	1	1117.005997396	1117.011330729	38000.000	81000.000	0.2500
324	Waveform 1	1	1117.107330729	1117.108664062	38000.000	81000.000	1.0000
324	Spectrogram 1	1	1117.107330729	1117.108664062	38000.000	81000.000	1.0000
325	Waveform 1	1	1117.313330729	1117.316664062	38000.000	81000.000	0.6000
325	Spectrogram 1	1	1117.313330729	1117.316664062	38000.000	81000.000	0.6000
326	Waveform 1	1	1117.511330729	1117.512664062	38000.000	81000.000	1.0000
326	Spectrogram 1	1	1117.511330729	1117.512664062	38000.000	81000.000	1.0000
327	Waveform 1	1	1118.447330729	1118.449997396	38000.000	81000.000	1.0000
327	Spectrogram 1	1	1118.447330729	1118.449997396	38000.000	81000.000	1.0000
328	Waveform 1	1	1118.554664063	1118.556664062	38000.000	81000.000	1.0000
328	Spectrogram 1	1	1118.554664063	1118.556664062	38000.000	81000.000	1.0000
329	Waveform 1	1	1118.797330729	1118.798664062	38000.000	81000.000	1.0000
329	Spectrogram 1	1	1118.797330729	1118.798664062	38000.000	81000.000	1.0000
330	Waveform 1	1	1118.969330729	1118.971997396	38000.000	81000.000	0.7500
330	Spectrogram 1	1	1118.969330729	1118.971997396	38000.000	81000.000	0.7500
331	Waveform 1	1	1119.181997396	1119.183997396	38000.000	81000.000	1.0000
331	Spectrogram 1	1	1119.181997396	1119.183997396	38000.000	81000.000	1.0000
332	Waveform 1	1	1119.287330729	1119.289330729	38000.000	81000.000	1.0000
332	Spectrogram 1	1	1119.287330729	1119.289330729	38000.000	81000.000	1.0000
333	Waveform 1	1	1119.696664062	1119.699997396	38000.000	81000.000	1.0000
333	Spectrogram 1	1	1119.696664062	1119.699997396	38000.000	81000.000	1.0000
334	Waveform 1	1	1120.135330729	1120.136664062	38000.000	81000.000	1.0000
334	Spectrogram 1	1	1120.135330729	1120.136664062	38000.000	81000.000	1.0000
335	Waveform 1	1	1120.341997396	1120.343330729	38000.000	81000.000	1.0000
335	Spectrogram 1	1	1120.341997396	1120.343330729	38000.000	81000.000	1.0000
336	Waveform 1	1	1658.492664062	1658.493997396	38000.000	81000.000	1.0000
336	Spectrogram 1	1	1658.492664062	1658.493997396	38000.000	81000.000	1.0000
337	Waveform 1	1	1660.406664062	1660.407997396	38000.000	81000.000	1.0000
337	Spectrogram 1	1	1660.406664062	1660.407997396	38000.000	81000.000	1.0000
338	Waveform 1	1	1660.509330729	1660.510664062	38000.000	81000.000	1.0000
338	Spectrogram 1	1	1660.509330729	1660.510664062	38000.000	81000.000	1.0000
339	Waveform 1	1	1660.707997396	1660.709330729	38000.000	81000.000	1.0000
339	Spectrogram 1	1	1660.707997396	1660.709330729	38000.000	81000.000	1.0000
