Selection	View	Channel	Begin Time (s)	End Time (s)	Low Freq (Hz)	High Freq (Hz)	Occupancy
1	Waveform 1	1	7.285330729	7.288664063	22000.000	38000.000	0.6000
1	Spectrogram 1	1	7.285330729	7.288664063	22000.000	38000.000	0.6000
2	Waveform 1	1	9.633330729	9.639997396	22000.000	38000.000	0.2000
2	Spectrogram 1	1	9.633330729	9.639997396	22000.000	38000.000	0.2000
3	Waveform 1	1	26.301330729	26.313330729	22000.000	38000.000	0.1667
3	Spectrogram 1	1	26.301330729	26.313330729	22000.000	38000.000	0.1667
4	Waveform 1	1	35.449997396	35.465997396	22000.000	38000.000	0.1667
4	Spectrogram 1	1	35.449997396	35.465997396	22000.000	38000.000	0.1667
5	Waveform 1	1	37.073997396	37.086664062	22000.000	38000.000	0.2105
5	Spectrogram 1	1	37.073997396	37.086664062	22000.000	38000.000	0.2105
6	Waveform 1	1	37.863997396	37.871997396	22000.000	38000.000	0.1667
6	Spectrogram 1	1	37.863997396	37.871997396	22000.000	38000.000	0.1667
7	Waveform 1	1	38.317330729	38.319997396	22000.000	38000.000	0.7500
7	Spectrogram 1	1	38.317330729	38.319997396	22000.000	38000.000	0.7500
8	Waveform 1	1	39.361997396	39.373330729	22000.000	38000.000	0.4118
8	Spectrogram 1	1	39.361997396	39.373330729	22000.000	38000.000	0.4118
9	Waveform 1	1	39.789997396	39.806664062	22000.000	38000.000	0.1200
9	Spectrogram 1	1	39.789997396	39.806664062	22000.000	38000.000	0.1200
10	Waveform 1	1	40.330664062	40.369997396	22000.000	38000.000	0.1525
10	Spectrogram 1	1	40.330664062	40.369997396	22000.000	38000.000	0.1525
11	Waveform 1	1	40.492664062	40.505330729	22000.000	38000.000	0.1053
11	Spectrogram 1	1	40.492664062	40.505330729	22000.000	38000.000	0.1053
12	Waveform 1	1	42.142664063	42.150664062	22000.000	38000.000	0.4167
12	Spectrogram 1	1	42.142664063	42.150664062	22000.000	38000.000	0.4167
13	Waveform 1	1	42.942664063	42.946664062	22000.000	38000.000	0.3333
13	Spectrogram 1	1	42.942664063	42.946664062	22000.000	38000.000	0.3333
14	Waveform 1	1	43.184664062	43.205330729	22000.000	38000.000	0.3226
14	Spectrogram 1	1	43.184664062	43.205330729	22000.000	38000.000	0.3226
15	Waveform 1	1	43.329330729	43.343330729	22000.000	38000.000	0.1429
15	Spectrogram 1	1	43.329330729	43.343330729	22000.000	38000.000	0.1429
16	Waveform 1	1	43.459997396	43.463330729	22000.000	38000.000	1.0000
16	Spectrogram 1	1	43.459997396	43.463330729	22000.000	38000.000	1.0000
17	Waveform 1	1	43.989330729	43.996664063	22000.000	38000.000	0.7273
17	Spectrogram 1	1	43.989330729	43.996664063	22000.000	38000.000	0.7273
18	Waveform 1	1	44.379330729	44.402664063	22000.000	38000.000	0.1714
18	Spectrogram 1	1	44.379330729	44.402664063	22000.000	38000.000	0.1714
19	Waveform 1	1	44.530664063	44.531997396	22000.000	38000.000	1.0000
19	Spectrogram 1	1	44.530664063	44.531997396	22000.000	38000.000	1.0000
20	Waveform 1	1	45.313997396	45.337997396	22000.000	38000.000	0.1389
20	Spectrogram 1	1	45.313997396	45.337997396	22000.000	38000.000	0.1389
21	Waveform 1	1	45.457997396	45.479330729	22000.000	38000.000	0.3125
21	Spectrogram 1	1	45.457997396	45.479330729	22000.000	38000.000	0.3125
22	Waveform 1	1	45.890664063	45.896664063	22000.000	38000.000	0.3333
22	Spectrogram 1	1	45.890664063	45.896664063	22000.000	38000.000	0.3333
23	Waveform 1	1	46.292664063	46.299330729	22000.000	38000.000	0.4000
23	Spectrogram 1	1	46.292664063	46.299330729	22000.000	38000.000	0.4000
24	Waveform 1	1	51.758664063	51.763330729	22000.000	38000.000	0.2857
24	Spectrogram 1	1	51.758664063	51.763330729	22000.000	38000.000	0.2857
25	Waveform 1	1	55.295330729	55.296664062	22000.000	38000.000	1.0000
25	Spectrogram 1	1	55.295330729	55.296664062	22000.000	38000.000	1.0000
26	Waveform 1	1	57.943997396	57.959330729	22000.000	38000.000	0.1304
26	Spectrogram 1	1	57.943997396	57.959330729	22000.000	38000.000	0.1304
27	Waveform 1	1	58.353997396	58.369997396	22000.000	38000.000	0.1250
27	Spectrogram 1	1	58.353997396	58.369997396	22000.000	38000.000	0.1250
28	Waveform 1	1	59.199997396	59.203330729	22000.000	38000.000	0.6000
28	Spectrogram 1	1	59.199997396	59.203330729	22000.000	38000.000	0.6000
29	Waveform 1	1	61.259997396	61.267997396	22000.000	38000.000	0.2500
29	Spectrogram 1	1	61.259997396	61.267997396	22000.000	38000.000	0.2500
30	Waveform 1	1	63.567997396	63.573997396	22000.000	38000.000	0.2222
30	Spectrogram 1	1	63.567997396	63.573997396	22000.000	38000.000	0.2222
31	Waveform 1	1	78.160664062	78.173330729	22000.000	38000.000	0.1579
31	Spectrogram 1	1	78.160664062	78.173330729	22000.000	38000.000	0.1579
32	Waveform 1	1	78.418664062	78.423330729	22000.000	38000.000	0.4286
32	Spectrogram 1	1	78.418664062	78.423330729	22000.000	38000.000	0.4286
33	Waveform 1	1	78.547330729	78.565330729	22000.000	38000.000	0.1111
33	Spectrogram 1	1	78.547330729	78.565330729	22000.000	38000.000	0.1111
34	Waveform 1	1	78.801330729	78.808664063	22000.000	38000.000	0.4545
34	Spectrogram 1	1	78.801330729	78.808664063	22000.000	38000.000	0.4545
35	Waveform 1	1	79.146664062	79.164664062	22000.000	38000.000	0.2963
35	Spectrogram 1	1	79.146664062	79.164664062	22000.000	38000.000	0.2963
36	Waveform 1	1	80.319997396	80.323997396	22000.000	38000.000	0.3333
36	Spectrogram 1	1	80.319997396	80.323997396	22000.000	38000.000	0.3333
37	Waveform 1	1	81.376664062	81.385330729	22000.000	38000.000	0.3846
37	Spectrogram 1	1	81.376664062	81.385330729	22000.000	38000.000	0.3846
38	Waveform 1	1	81.606664062	81.611997396	22000.000	38000.000	0.2500
38	Spectrogram 1	1	81.606664062	81.611997396	22000.000	38000.000	0.2500
39	Waveform 1	1	83.025997396	83.035997396	22000.000	38000.000	0.3333
39	Spectrogram 1	1	83.025997396	83.035997396	22000.000	38000.000	0.3333
40	Waveform 1	1	83.507330729	83.518664062	22000.000	38000.000	0.2353
40	Spectrogram 1	1	83.507330729	83.518664062	22000.000	38000.000	0.2353
41	Waveform 1	1	83.757997396	83.782664062	22000.000	38000.000	0.1351
41	Spectrogram 1	1	83.757997396	83.782664062	22000.000	38000.000	0.1351
42	Waveform 1	1	84.940664062	84.951997396	22000.000	38000.000	0.1765
42	Spectrogram 1	1	84.940664062	84.951997396	22000.000	38000.000	0.1765
43	Waveform 1	1	91.492664062	91.499330729	22000.000	38000.000	0.2000
43	Spectrogram 1	1	91.492664062	91.499330729	22000.000	38000.000	0.2000
44	Waveform 1	1	100.851330729	100.864664062	22000.000	38000.000	0.2500
44	Spectrogram 1	1	100.851330729	100.864664062	22000.000	38000.000	0.2500
45	Waveform 1	1	101.163997396	101.183330729	22000.000	38000.000	0.2414
45	Spectrogram 1	1	101.163997396	101.183330729	22000.000	38000.000	0.2414
46	Waveform 1	1	103.695997396	103.701997396	22000.000	38000.000	0.2222
46	Spectrogram 1	1	103.695997396	103.701997396	22000.000	38000.000	0.2222
47	Waveform 1	1	104.191330729	104.221997396	22000.000	38000.000	0.1304
47	Spectrogram 1	1	104.191330729	104.221997396	22000.000	38000.000	0.1304
48	Waveform 1	1	104.459330729	104.463997396	22000.000	38000.000	0.2857
48	Spectrogram 1	1	104.459330729	104.463997396	22000.000	38000.000	0.2857
49	Waveform 1	1	104.726664062	104.729330729	22000.000	38000.000	0.5000
49	Spectrogram 1	1	104.726664062	104.729330729	22000.000	38000.000	0.5000
50	Waveform 1	1	105.186664063	105.214664062	22000.000	38000.000	0.1667
50	Spectrogram 1	1	105.186664063	105.214664062	22000.000	38000.000	0.1667
51	Waveform 1	1	105.325330729	105.335997396	22000.000	38000.000	0.2500
51	Spectrogram 1	1	105.325330729	105.335997396	22000.000	38000.000	0.2500
52	Waveform 1	1	105.655330729	105.658664062	22000.000	38000.000	0.4000
52	Spectrogram 1	1	105.655330729	105.658664062	22000.000	38000.000	0.4000
53	Waveform 1	1	105.805330729	105.815997396	22000.000	38000.000	0.1250
53	Spectrogram 1	1	105.805330729	105.815997396	22000.000	38000.000	0.1250
54	Waveform 1	1	106.289997396	106.313330729	22000.000	38000.000	0.1714
54	Spectrogram 1	1	106.289997396	106.313330729	22000.000	38000.000	0.1714
55	Waveform 1	1	106.791330729	106.797997396	22000.000	38000.000	0.2000
55	Spectrogram 1	1	106.791330729	106.797997396	22000.000	38000.000	0.2000
56	Waveform 1	1	107.279997396	107.297997396	22000.000	38000.000	0.0741
56	Spectrogram 1	1	107.279997396	107.297997396	22000.000	38000.000	0.0741
57	Waveform 1	1	107.521997396	107.523997396	22000.000	38000.000	0.6667
57	Spectrogram 1	1	107.521997396	107.523997396	22000.000	38000.000	0.6667
58	Waveform 1	1	107.761330729	107.768664062	22000.000	38000.000	0.2727
58	Spectrogram 1	1	107.761330729	107.768664062	22000.000	38000.000	0.2727
59	Waveform 1	1	110.145997396	110.179997396	22000.000	38000.000	0.0980
59	Spectrogram 1	1	110.145997396	110.179997396	22000.000	38000.000	0.0980
60	Waveform 1	1	110.377330729	110.390664062	22000.000	38000.000	0.2500
60	Spectrogram 1	1	110.377330729	110.390664062	22000.000	38000.000	0.2500
61	Waveform 1	1	110.627330729	110.654664062	22000.000	38000.000	0.2683
61	Spectrogram 1	1	110.627330729	110.654664062	22000.000	38000.000	0.2683
62	Waveform 1	1	110.861997396	110.873997396	22000.000	38000.000	0.1667
62	Spectrogram 1	1	110.861997396	110.873997396	22000.000	38000.000	0.1667
63	Waveform 1	1	111.624664062	111.639330729	22000.000	38000.000	0.1364
63	Spectrogram 1	1	111.624664062	111.639330729	22000.000	38000.000	0.1364
64	Waveform 1	1	112.110664062	112.121997396	22000.000	38000.000	0.2353
64	Spectrogram 1	1	112.110664062	112.121997396	22000.000	38000.000	0.2353
65	Waveform 1	1	112.353997396	112.371997396	22000.000	38000.000	0.1852
65	Spectrogram 1	1	112.353997396	112.371997396	22000.000	38000.000	0.1852
66	Waveform 1	1	112.850664062	112.855997396	22000.000	38000.000	0.3750
66	Spectrogram 1	1	112.850664062	112.855997396	22000.000	38000.000	0.3750
67	Waveform 1	1	113.225997396	113.241997396	22000.000	38000.000	0.0833
67	Spectrogram 1	1	113.225997396	113.241997396	22000.000	38000.000	0.0833
68	Waveform 1	1	113.715997396	113.729330729	22000.000	38000.000	0.2000
68	Spectrogram 1	1	113.715997396	113.729330729	22000.000	38000.000	0.2000
69	Waveform 1	1	115.323997396	115.325997396	22000.000	38000.000	0.6667
69	Spectrogram 1	1	115.323997396	115.325997396	22000.000	38000.000	0.6667
70	Waveform 1	1	117.273997396	117.296664062	22000.000	38000.000	0.0882
70	Spectrogram 1	1	117.273997396	117.296664062	22000.000	38000.000	0.0882
71	Waveform 1	1	125.405330729	125.410664062	22000.000	38000.000	0.2500
71	Spectrogram 1	1	125.405330729	125.410664062	22000.000	38000.000	0.2500
72	Waveform 1	1	132.823997396	132.834664062	22000.000	38000.000	0.1875
72	Spectrogram 1	1	132.823997396	132.834664062	22000.000	38000.000	0.1875
73	Waveform 1	1	133.473330729	133.474664062	22000.000	38000.000	1.0000
73	Spectrogram 1	1	133.473330729	133.474664062	22000.000	38000.000	1.0000
74	Waveform 1	1	133.971330729	133.981997396	22000.000	38000.000	0.2500
74	Spectrogram 1	1	133.971330729	133.981997396	22000.000	38000.000	0.2500
75	Waveform 1	1	134.255330729	134.262664062	22000.000	38000.000	0.1818
75	Spectrogram 1	1	134.255330729	134.262664062	22000.000	38000.000	0.1818
76	Waveform 1	1	134.409330729	134.419997396	22000.000	38000.000	0.1250
76	Spectrogram 1	1	134.409330729	134.419997396	22000.000	38000.000	0.1250
77	Waveform 1	1	134.670664062	134.674664062	22000.000	38000.000	0.3333
77	Spectrogram 1	1	134.670664062	134.674664062	22000.000	38000.000	0.3333
78	Waveform 1	1	136.182664062	136.189997396	22000.000	38000.000	0.2727
78	Spectrogram 1	1	136.182664062	136.189997396	22000.000	38000.000	0.2727
79	Waveform 1	1	136.568664063	136.579330729	22000.000	38000.000	0.1250
79	Spectrogram 1	1	136.568664063	136.579330729	22000.000	38000.000	0.1250
80	Waveform 1	1	137.285330729	137.313330729	22000.000	38000.000	0.0952
80	Spectrogram 1	1	137.285330729	137.313330729	22000.000	38000.000	0.0952
81	Waveform 1	1	138.315330729	138.317997396	22000.000	38000.000	0.5000
81	Spectrogram 1	1	138.315330729	138.317997396	22000.000	38000.000	0.5000
82	Waveform 1	1	138.817997396	138.831997396	22000.000	38000.000	0.1429
82	Spectrogram 1	1	138.817997396	138.831997396	22000.000	38000.000	0.1429
83	Waveform 1	1	139.263997396	139.265330729	22000.000	38000.000	1.0000
83	Spectrogram 1	1	139.263997396	139.265330729	22000.000	38000.000	1.0000
84	Waveform 1	1	142.557330729	142.571997396	22000.000	38000.000	0.0909
84	Spectrogram 1	1	142.557330729	142.571997396	22000.000	38000.000	0.0909
85	Waveform 1	1	149.171330729	149.172664062	22000.000	38000.000	1.0000
85	Spectrogram 1	1	149.171330729	149.172664062	22000.000	38000.000	1.0000
86	Waveform 1	1	153.415997396	153.417330729	22000.000	38000.000	1.0000
86	Spectrogram 1	1	153.415997396	153.417330729	22000.000	38000.000	1.0000
87	Waveform 1	1	155.186664063	155.195997396	22000.000	38000.000	0.2143
87	Spectrogram 1	1	155.186664063	155.195997396	22000.000	38000.000	0.2143
88	Waveform 1	1	155.423997396	155.433997396	22000.000	38000.000	0.1333
88	Spectrogram 1	1	155.423997396	155.433997396	22000.000	38000.000	0.1333
89	Waveform 1	1	155.678664062	155.690664062	22000.000	38000.000	0.2222
89	Spectrogram 1	1	155.678664062	155.690664062	22000.000	38000.000	0.2222
90	Waveform 1	1	156.874664062	156.879330729	22000.000	38000.000	0.2857
90	Spectrogram 1	1	156.874664062	156.879330729	22000.000	38000.000	0.2857
91	Waveform 1	1	158.791997396	158.797330729	22000.000	38000.000	0.2500
91	Spectrogram 1	1	158.791997396	158.797330729	22000.000	38000.000	0.2500
92	Waveform 1	1	159.037330729	159.053997396	22000.000	38000.000	0.1600
92	Spectrogram 1	1	159.037330729	159.053997396	22000.000	38000.000	0.1600
93	Waveform 1	1	159.263997396	159.294664063	22000.000	38000.000	0.1522
93	Spectrogram 1	1	159.263997396	159.294664063	22000.000	38000.000	0.1522
94	Waveform 1	1	159.675330729	159.688664062	22000.000	38000.000	0.1500
94	Spectrogram 1	1	159.675330729	159.688664062	22000.000	38000.000	0.1500
95	Waveform 1	1	160.039997396	160.058664062	22000.000	38000.000	0.1071
95	Spectrogram 1	1	160.039997396	160.058664062	22000.000	38000.000	0.1071
96	Waveform 1	1	160.290664062	160.327330729	22000.000	38000.000	0.0727
96	Spectrogram 1	1	160.290664062	160.327330729	22000.000	38000.000	0.0727
97	Waveform 1	1	160.556664063	160.561997396	22000.000	38000.000	0.2500
97	Spectrogram 1	1	160.556664063	160.561997396	22000.000	38000.000	0.2500
98	Waveform 1	1	161.109330729	161.129330729	22000.000	38000.000	0.1000
98	Spectrogram 1	1	161.109330729	161.129330729	22000.000	38000.000	0.1000
99	Waveform 1	1	161.616664063	161.631997396	22000.000	38000.000	0.1739
99	Spectrogram 1	1	161.616664063	161.631997396	22000.000	38000.000	0.1739
100	Waveform 1	1	162.565330729	162.577997396	22000.000	38000.000	0.1579
100	Spectrogram 1	1	162.565330729	162.577997396	22000.000	38000.000	0.1579
101	Waveform 1	1	162.997997396	163.007997396	22000.000	38000.000	0.1333
101	Spectrogram 1	1	162.997997396	163.007997396	22000.000	38000.000	0.1333
102	Waveform 1	1	163.131997396	163.142664062	22000.000	38000.000	0.1250
102	Spectrogram 1	1	163.131997396	163.142664062	22000.000	38000.000	0.1250
103	Waveform 1	1	163.532664063	163.537997396	22000.000	38000.000	0.3750
103	Spectrogram 1	1	163.532664063	163.537997396	22000.000	38000.000	0.3750
104	Waveform 1	1	163.700664062	163.710664063	22000.000	38000.000	0.2000
104	Spectrogram 1	1	163.700664062	163.710664063	22000.000	38000.000	0.2000
105	Waveform 1	1	165.198664063	165.231997396	22000.000	38000.000	0.1800
105	Spectrogram 1	1	165.198664063	165.231997396	22000.000	38000.000	0.1800
106	Waveform 1	1	165.293997396	165.295330729	22000.000	38000.000	1.0000
106	Spectrogram 1	1	165.293997396	165.295330729	22000.000	38000.000	1.0000
107	Waveform 1	1	165.618664062	165.627997396	22000.000	38000.000	0.2143
107	Spectrogram 1	1	165.618664062	165.627997396	22000.000	38000.000	0.2143
108	Waveform 1	1	165.893997396	165.929997396	22000.000	38000.000	0.1296
108	Spectrogram 1	1	165.893997396	165.929997396	22000.000	38000.000	0.1296
109	Waveform 1	1	166.713330729	166.733997396	22000.000	38000.000	0.2903
109	Spectrogram 1	1	166.713330729	166.733997396	22000.000	38000.000	0.2903
110	Waveform 1	1	168.585330729	168.593997396	22000.000	38000.000	0.1538
110	Spectrogram 1	1	168.585330729	168.593997396	22000.000	38000.000	0.1538
111	Waveform 1	1	168.730664062	168.735330729	22000.000	38000.000	0.4286
111	Spectrogram 1	1	168.730664062	168.735330729	22000.000	38000.000	0.4286
112	Waveform 1	1	169.125997396	169.169997396	22000.000	38000.000	0.1061
112	Spectrogram 1	1	169.125997396	169.169997396	22000.000	38000.000	0.1061
113	Waveform 1	1	169.555330729	169.575997396	22000.000	38000.000	0.1935
113	Spectrogram 1	1	169.555330729	169.575997396	22000.000	38000.000	0.1935
114	Waveform 1	1	170.205997396	170.209997396	22000.000	38000.000	0.5000
114	Spectrogram 1	1	170.205997396	170.209997396	22000.000	38000.000	0.5000
115	Waveform 1	1	170.620664062	170.640664062	22000.000	38000.000	0.2667
115	Spectrogram 1	1	170.620664062	170.640664062	22000.000	38000.000	0.2667
116	Waveform 1	1	171.411330729	171.426664062	22000.000	38000.000	0.0870
116	Spectrogram 1	1	171.411330729	171.426664062	22000.000	38000.000	0.0870
117	Waveform 1	1	177.474664062	177.485997396	22000.000	38000.000	0.1765
117	Spectrogram 1	1	177.474664062	177.485997396	22000.000	38000.000	0.1765
118	Waveform 1	1	179.934664062	179.949997396	22000.000	38000.000	0.0870
118	Spectrogram 1	1	179.934664062	179.949997396	22000.000	38000.000	0.0870
119	Waveform 1	1	180.483997396	180.501997396	22000.000	38000.000	0.1481
119	Spectrogram 1	1	180.483997396	180.501997396	22000.000	38000.000	0.1481
120	Waveform 1	1	180.939330729	180.949997396	22000.000	38000.000	0.2500
120	Spectrogram 1	1	180.939330729	180.949997396	22000.000	38000.000	0.2500
121	Waveform 1	1	183.269330729	183.279330729	22000.000	38000.000	0.3333
121	Spectrogram 1	1	183.269330729	183.279330729	22000.000	38000.000	0.3333
122	Waveform 1	1	183.805330729	183.823997396	22000.000	38000.000	0.2500
122	Spectrogram 1	1	183.805330729	183.823997396	22000.000	38000.000	0.2500
123	Waveform 1	1	184.338664062	184.361997396	22000.000	38000.000	0.0857
123	Spectrogram 1	1	184.338664062	184.361997396	22000.000	38000.000	0.0857
124	Waveform 1	1	184.963997396	184.982664062	22000.000	38000.000	0.3214
124	Spectrogram 1	1	184.963997396	184.982664062	22000.000	38000.000	0.3214
125	Waveform 1	1	185.185997396	185.213330729	22000.000	38000.000	0.0976
125	Spectrogram 1	1	185.185997396	185.213330729	22000.000	38000.000	0.0976
126	Waveform 1	1	185.787997396	185.804664062	22000.000	38000.000	0.3200
126	Spectrogram 1	1	185.787997396	185.804664062	22000.000	38000.000	0.3200
127	Waveform 1	1	186.946664062	186.947997396	22000.000	38000.000	1.0000
127	Spectrogram 1	1	186.946664062	186.947997396	22000.000	38000.000	1.0000
128	Waveform 1	1	189.303997396	189.311330729	22000.000	38000.000	0.1818
128	Spectrogram 1	1	189.303997396	189.311330729	22000.000	38000.000	0.1818
129	Waveform 1	1	189.907997396	189.909330729	22000.000	38000.000	1.0000
129	Spectrogram 1	1	189.907997396	189.909330729	22000.000	38000.000	1.0000
130	Waveform 1	1	191.796664062	191.820664062	22000.000	38000.000	0.0833
130	Spectrogram 1	1	191.796664062	191.820664062	22000.000	38000.000	0.0833
131	Waveform 1	1	203.355997396	203.365997396	22000.000	38000.000	0.2667
131	Spectrogram 1	1	203.355997396	203.365997396	22000.000	38000.000	0.2667
132	Waveform 1	1	208.165330729	208.169330729	22000.000	38000.000	0.3333
132	Spectrogram 1	1	208.165330729	208.169330729	22000.000	38000.000	0.3333
133	Waveform 1	1	210.157330729	210.159330729	22000.000	38000.000	0.6667
133	Spectrogram 1	1	210.157330729	210.159330729	22000.000	38000.000	0.6667
134	Waveform 1	1	210.433997396	210.446664062	22000.000	38000.000	0.1053
134	Spectrogram 1	1	210.433997396	210.446664062	22000.000	38000.000	0.1053
135	Waveform 1	1	215.776664063	215.801997396	22000.000	38000.000	0.1053
135	Spectrogram 1	1	215.776664063	215.801997396	22000.000	38000.000	0.1053
136	Waveform 1	1	219.989997396	219.999997396	22000.000	38000.000	0.1333
136	Spectrogram 1	1	219.989997396	219.999997396	22000.000	38000.000	0.1333
137	Waveform 1	1	220.709330729	220.721997396	22000.000	38000.000	0.1053
137	Spectrogram 1	1	220.709330729	220.721997396	22000.000	38000.000	0.1053
138	Waveform 1	1	222.362664062	222.386664062	22000.000	38000.000	0.1389
138	Spectrogram 1	1	222.362664062	222.386664062	22000.000	38000.000	0.1389
139	Waveform 1	1	222.892664062	222.895330729	22000.000	38000.000	0.5000
139	Spectrogram 1	1	222.892664062	222.895330729	22000.000	38000.000	0.5000
140	Waveform 1	1	248.299330729	248.309997396	22000.000	38000.000	0.1250
140	Spectrogram 1	1	248.299330729	248.309997396	22000.000	38000.000	0.1250
141	Waveform 1	1	248.805997396	248.810664062	22000.000	38000.000	0.7143
141	Spectrogram 1	1	248.805997396	248.810664062	22000.000	38000.000	0.7143
142	Waveform 1	1	249.282664063	249.288664063	22000.000	38000.000	0.3333
142	Spectrogram 1	1	249.282664063	249.288664063	22000.000	38000.000	0.3333
143	Waveform 1	1	250.995997396	251.011997396	22000.000	38000.000	0.2917
143	Spectrogram 1	1	250.995997396	251.011997396	22000.000	38000.000	0.2917
144	Waveform 1	1	251.589330729	251.600664062	22000.000	38000.000	0.1176
144	Spectrogram 1	1	251.589330729	251.600664062	22000.000	38000.000	0.1176
145	Waveform 1	1	252.051997396	252.073997396	22000.000	38000.000	0.0909
145	Spectrogram 1	1	252.051997396	252.073997396	22000.000	38000.000	0.0909
146	Waveform 1	1	252.211330729	252.219997396	22000.000	38000.000	0.1538
146	Spectrogram 1	1	252.211330729	252.219997396	22000.000	38000.000	0.1538
147	Waveform 1	1	252.653997396	252.655997396	22000.000	38000.000	0.6667
147	Spectrogram 1	1	252.653997396	252.655997396	22000.000	38000.000	0.6667
148	Waveform 1	1	253.087330729	253.101997396	22000.000	38000.000	0.2273
148	Spectrogram 1	1	253.087330729	253.101997396	22000.000	38000.000	0.2273
149	Waveform 1	1	254.763997396	254.781997396	22000.000	38000.000	0.1111
149	Spectrogram 1	1	254.763997396	254.781997396	22000.000	38000.000	0.1111
150	Waveform 1	1	255.231330729	255.234664063	22000.000	38000.000	0.4000
150	Spectrogram 1	1	255.231330729	255.234664063	22000.000	38000.000	0.4000
151	Waveform 1	1	255.428664062	255.459330729	22000.000	38000.000	0.1087
151	Spectrogram 1	1	255.428664062	255.459330729	22000.000	38000.000	0.1087
152	Waveform 1	1	255.765997396	255.773330729	22000.000	38000.000	0.2727
152	Spectrogram 1	1	255.765997396	255.773330729	22000.000	38000.000	0.2727
153	Waveform 1	1	255.986664062	256.013330729	22000.000	38000.000	0.1250
153	Spectrogram 1	1	255.986664062	256.013330729	22000.000	38000.000	0.1250
154	Waveform 1	1	256.476664062	256.482664063	22000.000	38000.000	0.3333
154	Spectrogram 1	1	256.476664062	256.482664063	22000.000	38000.000	0.3333
155	Waveform 1	1	256.709997396	256.739997396	22000.000	38000.000	0.0889
155	Spectrogram 1	1	256.709997396	256.739997396	22000.000	38000.000	0.0889
156	Waveform 1	1	257.373997396	257.383997396	22000.000	38000.000	0.2000
156	Spectrogram 1	1	257.373997396	257.383997396	22000.000	38000.000	0.2000
157	Waveform 1	1	258.119997396	258.121330729	22000.000	38000.000	1.0000
157	Spectrogram 1	1	258.119997396	258.121330729	22000.000	38000.000	1.0000
158	Waveform 1	1	258.276664063	258.283997396	22000.000	38000.000	0.1818
158	Spectrogram 1	1	258.276664063	258.283997396	22000.000	38000.000	0.1818
159	Waveform 1	1	258.357997396	258.362664063	22000.000	38000.000	0.4286
159	Spectrogram 1	1	258.357997396	258.362664063	22000.000	38000.000	0.4286
160	Waveform 1	1	258.826664063	258.833997396	22000.000	38000.000	0.3636
160	Spectrogram 1	1	258.826664063	258.833997396	22000.000	38000.000	0.3636
161	Waveform 1	1	258.970664063	258.978664063	22000.000	38000.000	0.2500
161	Spectrogram 1	1	258.970664063	258.978664063	22000.000	38000.000	0.2500
162	Waveform 1	1	259.450664062	259.457997396	22000.000	38000.000	0.2727
162	Spectrogram 1	1	259.450664062	259.457997396	22000.000	38000.000	0.2727
163	Waveform 1	1	261.094664062	261.099997396	22000.000	38000.000	0.2500
163	Spectrogram 1	1	261.094664062	261.099997396	22000.000	38000.000	0.2500
164	Waveform 1	1	262.549330729	262.574664063	22000.000	38000.000	0.0789
164	Spectrogram 1	1	262.549330729	262.574664063	22000.000	38000.000	0.0789
165	Waveform 1	1	263.281330729	263.291997396	22000.000	38000.000	0.1250
165	Spectrogram 1	1	263.281330729	263.291997396	22000.000	38000.000	0.1250
166	Waveform 1	1	263.860664063	263.862664063	22000.000	38000.000	0.6667
166	Spectrogram 1	1	263.860664063	263.862664063	22000.000	38000.000	0.6667
167	Waveform 1	1	264.087997396	264.099330729	22000.000	38000.000	0.2353
167	Spectrogram 1	1	264.087997396	264.099330729	22000.000	38000.000	0.2353
168	Waveform 1	1	264.472664062	264.494664063	22000.000	38000.000	0.2424
168	Spectrogram 1	1	264.472664062	264.494664063	22000.000	38000.000	0.2424
169	Waveform 1	1	264.861997396	264.883997396	22000.000	38000.000	0.1212
169	Spectrogram 1	1	264.861997396	264.883997396	22000.000	38000.000	0.1212
170	Waveform 1	1	265.259330729	265.269997396	22000.000	38000.000	0.5000
170	Spectrogram 1	1	265.259330729	265.269997396	22000.000	38000.000	0.5000
171	Waveform 1	1	265.685997396	265.695330729	22000.000	38000.000	0.1429
171	Spectrogram 1	1	265.685997396	265.695330729	22000.000	38000.000	0.1429
172	Waveform 1	1	266.084664062	266.101330729	22000.000	38000.000	0.1200
172	Spectrogram 1	1	266.084664062	266.101330729	22000.000	38000.000	0.1200
173	Waveform 1	1	266.307997396	266.313997396	22000.000	38000.000	0.4444
173	Spectrogram 1	1	266.307997396	266.313997396	22000.000	38000.000	0.4444
174	Waveform 1	1	266.639330729	266.657997396	22000.000	38000.000	0.2143
174	Spectrogram 1	1	266.639330729	266.657997396	22000.000	38000.000	0.2143
175	Waveform 1	1	266.879330729	266.885330729	22000.000	38000.000	0.5556
175	Spectrogram 1	1	266.879330729	266.885330729	22000.000	38000.000	0.5556
176	Waveform 1	1	267.760664062	267.781997396	22000.000	38000.000	0.1875
176	Spectrogram 1	1	267.760664062	267.781997396	22000.000	38000.000	0.1875
177	Waveform 1	1	279.544664062	279.547997396	22000.000	38000.000	0.4000
177	Spectrogram 1	1	279.544664062	279.547997396	22000.000	38000.000	0.4000
178	Waveform 1	1	279.775330729	279.784664062	22000.000	38000.000	0.2143
178	Spectrogram 1	1	279.775330729	279.784664062	22000.000	38000.000	0.2143
179	Waveform 1	1	281.854664062	281.855997396	22000.000	38000.000	1.0000
179	Spectrogram 1	1	281.854664062	281.855997396	22000.000	38000.000	1.0000
180	Waveform 1	1	282.909330729	282.915330729	22000.000	38000.000	0.3333
180	Spectrogram 1	1	282.909330729	282.915330729	22000.000	38000.000	0.3333
181	Waveform 1	1	283.613330729	283.631997396	22000.000	38000.000	0.1071
181	Spectrogram 1	1	283.613330729	283.631997396	22000.000	38000.000	0.1071
182	Waveform 1	1	284.087997396	284.096664062	22000.000	38000.000	0.1538
182	Spectrogram 1	1	284.087997396	284.096664062	22000.000	38000.000	0.1538
183	Waveform 1	1	284.601330729	284.619997396	22000.000	38000.000	0.1429
183	Spectrogram 1	1	284.601330729	284.619997396	22000.000	38000.000	0.1429
184	Waveform 1	1	285.058664062	285.065330729	22000.000	38000.000	0.2000
184	Spectrogram 1	1	285.058664062	285.065330729	22000.000	38000.000	0.2000
185	Waveform 1	1	285.647330729	285.663330729	22000.000	38000.000	0.2083
185	Spectrogram 1	1	285.647330729	285.663330729	22000.000	38000.000	0.2083
186	Waveform 1	1	286.223330729	286.225997396	22000.000	38000.000	0.5000
186	Spectrogram 1	1	286.223330729	286.225997396	22000.000	38000.000	0.5000
187	Waveform 1	1	287.303997396	287.314664063	22000.000	38000.000	0.1250
187	Spectrogram 1	1	287.303997396	287.314664063	22000.000	38000.000	0.1250
188	Waveform 1	1	287.823330729	287.832664062	22000.000	38000.000	0.1429
188	Spectrogram 1	1	287.823330729	287.832664062	22000.000	38000.000	0.1429
189	Waveform 1	1	289.337330729	289.341330729	22000.000	38000.000	0.3333
189	Spectrogram 1	1	289.337330729	289.341330729	22000.000	38000.000	0.3333
190	Waveform 1	1	305.625330729	305.626664062	22000.000	38000.000	1.0000
190	Spectrogram 1	1	305.625330729	305.626664062	22000.000	38000.000	1.0000
191	Waveform 1	1	340.441997396	340.447330729	22000.000	38000.000	0.2500
191	Spectrogram 1	1	340.441997396	340.447330729	22000.000	38000.000	0.2500
192	Waveform 1	1	340.728664063	340.736664062	22000.000	38000.000	0.1667
192	Spectrogram 1	1	340.728664063	340.736664062	22000.000	38000.000	0.1667
193	Waveform 1	1	341.141330729	341.153330729	22000.000	38000.000	0.1111
193	Spectrogram 1	1	341.141330729	341.153330729	22000.000	38000.000	0.1111
194	Waveform 1	1	341.405330729	341.412664062	22000.000	38000.000	0.2727
194	Spectrogram 1	1	341.405330729	341.412664062	22000.000	38000.000	0.2727
195	Waveform 1	1	341.933330729	341.946664063	22000.000	38000.000	0.2000
195	Spectrogram 1	1	341.933330729	341.946664063	22000.000	38000.000	0.2000
196	Waveform 1	1	343.027330729	343.039997396	22000.000	38000.000	0.2632
196	Spectrogram 1	1	343.027330729	343.039997396	22000.000	38000.000	0.2632
197	Waveform 1	1	343.287330729	343.318664062	22000.000	38000.000	0.1277
197	Spectrogram 1	1	343.287330729	343.318664062	22000.000	38000.000	0.1277
198	Waveform 1	1	343.558664062	343.589330729	22000.000	38000.000	0.1087
198	Spectrogram 1	1	343.558664062	343.589330729	22000.000	38000.000	0.1087
199	Waveform 1	1	344.103330729	344.104664062	22000.000	38000.000	1.0000
199	Spectrogram 1	1	344.103330729	344.104664062	22000.000	38000.000	1.0000
200	Waveform 1	1	344.616664062	344.624664063	22000.000	38000.000	0.2500
200	Spectrogram 1	1	344.616664062	344.624664063	22000.000	38000.000	0.2500
201	Waveform 1	1	344.861330729	344.880664062	22000.000	38000.000	0.1379
201	Spectrogram 1	1	344.861330729	344.880664062	22000.000	38000.000	0.1379
202	Waveform 1	1	345.128664062	345.145997396	22000.000	38000.000	0.0769
202	Spectrogram 1	1	345.128664062	345.145997396	22000.000	38000.000	0.0769
203	Waveform 1	1	345.770664062	345.784664062	22000.000	38000.000	0.0952
203	Spectrogram 1	1	345.770664062	345.784664062	22000.000	38000.000	0.0952
204	Waveform 1	1	346.434664063	346.449330729	22000.000	38000.000	0.1364
204	Spectrogram 1	1	346.434664063	346.449330729	22000.000	38000.000	0.1364
205	Waveform 1	1	346.697330729	346.700664062	22000.000	38000.000	0.4000
205	Spectrogram 1	1	346.697330729	346.700664062	22000.000	38000.000	0.4000
206	Waveform 1	1	382.015997396	382.025997396	22000.000	38000.000	0.1333
206	Spectrogram 1	1	382.015997396	382.025997396	22000.000	38000.000	0.1333
207	Waveform 1	1	382.499330729	382.526664063	22000.000	38000.000	0.0732
207	Spectrogram 1	1	382.499330729	382.526664063	22000.000	38000.000	0.0732
208	Waveform 1	1	383.251330729	383.278664063	22000.000	38000.000	0.1463
208	Spectrogram 1	1	383.251330729	383.278664063	22000.000	38000.000	0.1463
209	Waveform 1	1	383.389997396	383.413997396	22000.000	38000.000	0.1111
209	Spectrogram 1	1	383.389997396	383.413997396	22000.000	38000.000	0.1111
210	Waveform 1	1	444.236664062	444.245330729	22000.000	38000.000	0.3846
210	Spectrogram 1	1	444.236664062	444.245330729	22000.000	38000.000	0.3846
211	Waveform 1	1	444.488664062	444.489997396	22000.000	38000.000	1.0000
211	Spectrogram 1	1	444.488664062	444.489997396	22000.000	38000.000	1.0000
212	Waveform 1	1	446.443330729	446.453997396	22000.000	38000.000	0.1875
212	Spectrogram 1	1	446.443330729	446.453997396	22000.000	38000.000	0.1875
213	Waveform 1	1	448.273997396	448.284664062	22000.000	38000.000	0.1250
213	Spectrogram 1	1	448.273997396	448.284664062	22000.000	38000.000	0.1250
214	Waveform 1	1	449.759997396	449.788664063	22000.000	38000.000	0.1163
214	Spectrogram 1	1	449.759997396	449.788664063	22000.000	38000.000	0.1163
215	Waveform 1	1	450.030664062	450.031997396	22000.000	38000.000	1.0000
215	Spectrogram 1	1	450.030664062	450.031997396	22000.000	38000.000	1.0000
216	Waveform 1	1	451.139330729	451.160664063	22000.000	38000.000	0.1250
216	Spectrogram 1	1	451.139330729	451.160664063	22000.000	38000.000	0.1250
217	Waveform 1	1	451.901997396	451.922664063	22000.000	38000.000	0.1613
217	Spectrogram 1	1	451.901997396	451.922664063	22000.000	38000.000	0.1613
218	Waveform 1	1	452.291997396	452.300664063	22000.000	38000.000	0.2308
218	Spectrogram 1	1	452.291997396	452.300664063	22000.000	38000.000	0.2308
219	Waveform 1	1	452.587330729	452.590664062	22000.000	38000.000	0.6000
219	Spectrogram 1	1	452.587330729	452.590664062	22000.000	38000.000	0.6000
220	Waveform 1	1	456.944664063	456.952664062	22000.000	38000.000	0.1667
220	Spectrogram 1	1	456.944664063	456.952664062	22000.000	38000.000	0.1667
221	Waveform 1	1	457.581330729	457.587330729	22000.000	38000.000	0.3333
221	Spectrogram 1	1	457.581330729	457.587330729	22000.000	38000.000	0.3333
222	Waveform 1	1	457.851997396	457.856664062	22000.000	38000.000	0.2857
222	Spectrogram 1	1	457.851997396	457.856664062	22000.000	38000.000	0.2857
223	Waveform 1	1	459.119330729	459.123330729	22000.000	38000.000	0.3333
223	Spectrogram 1	1	459.119330729	459.123330729	22000.000	38000.000	0.3333
224	Waveform 1	1	462.361330729	462.364664062	22000.000	38000.000	0.4000
224	Spectrogram 1	1	462.361330729	462.364664062	22000.000	38000.000	0.4000
225	Waveform 1	1	463.003330729	463.004664063	22000.000	38000.000	1.0000
225	Spectrogram 1	1	463.003330729	463.004664063	22000.000	38000.000	1.0000
226	Waveform 1	1	463.698664062	463.700664062	22000.000	38000.000	0.6667
226	Spectrogram 1	1	463.698664062	463.700664062	22000.000	38000.000	0.6667
227	Waveform 1	1	464.355330729	464.373997396	22000.000	38000.000	0.2500
227	Spectrogram 1	1	464.355330729	464.373997396	22000.000	38000.000	0.2500
228	Waveform 1	1	475.749330729	475.759330729	22000.000	38000.000	0.1333
228	Spectrogram 1	1	475.749330729	475.759330729	22000.000	38000.000	0.1333
229	Waveform 1	1	476.362664063	476.375330729	22000.000	38000.000	0.1579
229	Spectrogram 1	1	476.362664063	476.375330729	22000.000	38000.000	0.1579
230	Waveform 1	1	476.737997396	476.748664062	22000.000	38000.000	0.1250
230	Spectrogram 1	1	476.737997396	476.748664062	22000.000	38000.000	0.1250
231	Waveform 1	1	476.997330729	477.003330729	22000.000	38000.000	0.2222
231	Spectrogram 1	1	476.997330729	477.003330729	22000.000	38000.000	0.2222
232	Waveform 1	1	477.753330729	477.761330729	22000.000	38000.000	0.3333
232	Spectrogram 1	1	477.753330729	477.761330729	22000.000	38000.000	0.3333
233	Waveform 1	1	478.005997396	478.024664062	22000.000	38000.000	0.0714
233	Spectrogram 1	1	478.005997396	478.024664062	22000.000	38000.000	0.0714
234	Waveform 1	1	478.377330729	478.397997396	22000.000	38000.000	0.2258
234	Spectrogram 1	1	478.377330729	478.397997396	22000.000	38000.000	0.2258
235	Waveform 1	1	479.875330729	479.889997396	22000.000	38000.000	0.1818
235	Spectrogram 1	1	479.875330729	479.889997396	22000.000	38000.000	0.1818
236	Waveform 1	1	480.106664062	480.125330729	22000.000	38000.000	0.1429
236	Spectrogram 1	1	480.106664062	480.125330729	22000.000	38000.000	0.1429
237	Waveform 1	1	480.343997396	480.381330729	22000.000	38000.000	0.1250
237	Spectrogram 1	1	480.343997396	480.381330729	22000.000	38000.000	0.1250
238	Waveform 1	1	481.376664062	481.421997396	22000.000	38000.000	0.1471
238	Spectrogram 1	1	481.376664062	481.421997396	22000.000	38000.000	0.1471
239	Waveform 1	1	481.742664063	481.753997396	22000.000	38000.000	0.1176
239	Spectrogram 1	1	481.742664063	481.753997396	22000.000	38000.000	0.1176
240	Waveform 1	1	481.987997396	482.038664063	22000.000	38000.000	0.0789
240	Spectrogram 1	1	481.987997396	482.038664063	22000.000	38000.000	0.0789
241	Waveform 1	1	482.359997396	482.415330729	22000.000	38000.000	0.0843
241	Spectrogram 1	1	482.359997396	482.415330729	22000.000	38000.000	0.0843
242	Waveform 1	1	483.019997396	483.059997396	22000.000	38000.000	0.1667
242	Spectrogram 1	1	483.019997396	483.059997396	22000.000	38000.000	0.1667
243	Waveform 1	1	483.415330729	483.425997396	22000.000	38000.000	0.1250
243	Spectrogram 1	1	483.415330729	483.425997396	22000.000	38000.000	0.1250
244	Waveform 1	1	483.808664062	483.851330729	22000.000	38000.000	0.2031
244	Spectrogram 1	1	483.808664062	483.851330729	22000.000	38000.000	0.2031
245	Waveform 1	1	484.073997396	484.086664063	22000.000	38000.000	0.2105
245	Spectrogram 1	1	484.073997396	484.086664063	22000.000	38000.000	0.2105
246	Waveform 1	1	484.471330729	484.486664062	22000.000	38000.000	0.2609
246	Spectrogram 1	1	484.471330729	484.486664062	22000.000	38000.000	0.2609
247	Waveform 1	1	525.565330729	525.576664063	22000.000	38000.000	0.1176
247	Spectrogram 1	1	525.565330729	525.576664063	22000.000	38000.000	0.1176
248	Waveform 1	1	525.860664063	525.861997396	22000.000	38000.000	1.0000
248	Spectrogram 1	1	525.860664063	525.861997396	22000.000	38000.000	1.0000
249	Waveform 1	1	526.015997396	526.017330729	22000.000	38000.000	1.0000
249	Spectrogram 1	1	526.015997396	526.017330729	22000.000	38000.000	1.0000
250	Waveform 1	1	526.481997396	526.493997396	22000.000	38000.000	0.1667
250	Spectrogram 1	1	526.481997396	526.493997396	22000.000	38000.000	0.1667
251	Waveform 1	1	527.125330729	527.149330729	22000.000	38000.000	0.0833
251	Spectrogram 1	1	527.125330729	527.149330729	22000.000	38000.000	0.0833
252	Waveform 1	1	527.435997396	527.439330729	22000.000	38000.000	0.6000
252	Spectrogram 1	1	527.435997396	527.439330729	22000.000	38000.000	0.6000
253	Waveform 1	1	528.609330729	528.610664063	22000.000	38000.000	1.0000
253	Spectrogram 1	1	528.609330729	528.610664063	22000.000	38000.000	1.0000
254	Waveform 1	1	528.891330729	528.908664063	22000.000	38000.000	0.1154
254	Spectrogram 1	1	528.891330729	528.908664063	22000.000	38000.000	0.1154
255	Waveform 1	1	529.356664063	529.387330729	22000.000	38000.000	0.1304
255	Spectrogram 1	1	529.356664063	529.387330729	22000.000	38000.000	0.1304
256	Waveform 1	1	529.793997396	529.795330729	22000.000	38000.000	1.0000
256	Spectrogram 1	1	529.793997396	529.795330729	22000.000	38000.000	1.0000
257	Waveform 1	1	530.195330729	530.217997396	22000.000	38000.000	0.0882
257	Spectrogram 1	1	530.195330729	530.217997396	22000.000	38000.000	0.0882
258	Waveform 1	1	530.347330729	530.359997396	22000.000	38000.000	0.4737
258	Spectrogram 1	1	530.347330729	530.359997396	22000.000	38000.000	0.4737
259	Waveform 1	1	530.511997396	530.535997396	22000.000	38000.000	0.0833
259	Spectrogram 1	1	530.511997396	530.535997396	22000.000	38000.000	0.0833
260	Waveform 1	1	530.929330729	530.943330729	22000.000	38000.000	0.0952
260	Spectrogram 1	1	530.929330729	530.943330729	22000.000	38000.000	0.0952
261	Waveform 1	1	531.227997396	531.245997396	22000.000	38000.000	0.1481
261	Spectrogram 1	1	531.227997396	531.245997396	22000.000	38000.000	0.1481
262	Waveform 1	1	531.431997396	531.450664063	22000.000	38000.000	0.0714
262	Spectrogram 1	1	531.431997396	531.450664063	22000.000	38000.000	0.0714
263	Waveform 1	1	531.689997396	531.691330729	22000.000	38000.000	1.0000
263	Spectrogram 1	1	531.689997396	531.691330729	22000.000	38000.000	1.0000
264	Waveform 1	1	531.943997396	531.964664063	22000.000	38000.000	0.0968
264	Spectrogram 1	1	531.943997396	531.964664063	22000.000	38000.000	0.0968
265	Waveform 1	1	532.209997396	532.245997396	22000.000	38000.000	0.1481
265	Spectrogram 1	1	532.209997396	532.245997396	22000.000	38000.000	0.1481
266	Waveform 1	1	532.471997396	532.481997396	22000.000	38000.000	0.2667
266	Spectrogram 1	1	532.471997396	532.481997396	22000.000	38000.000	0.2667
267	Waveform 1	1	532.725997396	532.748664063	22000.000	38000.000	0.2059
267	Spectrogram 1	1	532.725997396	532.748664063	22000.000	38000.000	0.2059
268	Waveform 1	1	532.887997396	532.891997396	22000.000	38000.000	0.6667
268	Spectrogram 1	1	532.887997396	532.891997396	22000.000	38000.000	0.6667
269	Waveform 1	1	533.147997396	533.191330729	22000.000	38000.000	0.0923
269	Spectrogram 1	1	533.147997396	533.191330729	22000.000	38000.000	0.0923
270	Waveform 1	1	537.470664063	537.478664063	22000.000	38000.000	0.1667
270	Spectrogram 1	1	537.470664063	537.478664063	22000.000	38000.000	0.1667
271	Waveform 1	1	544.306664063	544.307997396	22000.000	38000.000	1.0000
271	Spectrogram 1	1	544.306664063	544.307997396	22000.000	38000.000	1.0000
272	Waveform 1	1	544.436664063	544.443330729	22000.000	38000.000	0.2000
272	Spectrogram 1	1	544.436664063	544.443330729	22000.000	38000.000	0.2000
273	Waveform 1	1	546.795997396	546.799997396	22000.000	38000.000	0.6667
273	Spectrogram 1	1	546.795997396	546.799997396	22000.000	38000.000	0.6667
274	Waveform 1	1	547.045330729	547.048664063	22000.000	38000.000	0.4000
274	Spectrogram 1	1	547.045330729	547.048664063	22000.000	38000.000	0.4000
275	Waveform 1	1	548.252664063	548.262664062	22000.000	38000.000	0.2000
275	Spectrogram 1	1	548.252664063	548.262664062	22000.000	38000.000	0.2000
276	Waveform 1	1	550.850664063	550.867330729	22000.000	38000.000	0.0800
276	Spectrogram 1	1	550.850664063	550.867330729	22000.000	38000.000	0.0800
277	Waveform 1	1	551.411997396	551.454664063	22000.000	38000.000	0.1562
277	Spectrogram 1	1	551.411997396	551.454664063	22000.000	38000.000	0.1562
278	Waveform 1	1	552.135997396	552.153997396	22000.000	38000.000	0.2222
278	Spectrogram 1	1	552.135997396	552.153997396	22000.000	38000.000	0.2222
279	Waveform 1	1	553.409997396	553.415997396	22000.000	38000.000	0.3333
279	Spectrogram 1	1	553.409997396	553.415997396	22000.000	38000.000	0.3333
280	Waveform 1	1	553.859330729	553.891330729	22000.000	38000.000	0.1667
280	Spectrogram 1	1	553.859330729	553.891330729	22000.000	38000.000	0.1667
281	Waveform 1	1	561.469997396	561.479330729	22000.000	38000.000	0.1429
281	Spectrogram 1	1	561.469997396	561.479330729	22000.000	38000.000	0.1429
282	Waveform 1	1	564.657330729	564.663997396	22000.000	38000.000	0.3000
282	Spectrogram 1	1	564.657330729	564.663997396	22000.000	38000.000	0.3000
283	Waveform 1	1	564.951330729	564.955997396	22000.000	38000.000	0.2857
283	Spectrogram 1	1	564.951330729	564.955997396	22000.000	38000.000	0.2857
284	Waveform 1	1	566.499997396	566.519330729	22000.000	38000.000	0.1034
284	Spectrogram 1	1	566.499997396	566.519330729	22000.000	38000.000	0.1034
285	Waveform 1	1	567.792664063	567.809330729	22000.000	38000.000	0.2400
285	Spectrogram 1	1	567.792664063	567.809330729	22000.000	38000.000	0.2400
286	Waveform 1	1	622.578664063	622.597330729	22000.000	38000.000	0.2500
286	Spectrogram 1	1	622.578664063	622.597330729	22000.000	38000.000	0.2500
287	Waveform 1	1	623.236664063	623.247997396	22000.000	38000.000	0.1176
287	Spectrogram 1	1	623.236664063	623.247997396	22000.000	38000.000	0.1176
288	Waveform 1	1	624.959330729	624.969330729	22000.000	38000.000	0.2000
288	Spectrogram 1	1	624.959330729	624.969330729	22000.000	38000.000	0.2000
289	Waveform 1	1	626.075330729	626.077330729	22000.000	38000.000	0.6667
289	Spectrogram 1	1	626.075330729	626.077330729	22000.000	38000.000	0.6667
290	Waveform 1	1	626.631330729	626.635997396	22000.000	38000.000	0.4286
290	Spectrogram 1	1	626.631330729	626.635997396	22000.000	38000.000	0.4286
291	Waveform 1	1	627.849330729	627.859997396	22000.000	38000.000	0.1250
291	Spectrogram 1	1	627.849330729	627.859997396	22000.000	38000.000	0.1250
292	Waveform 1	1	747.769997396	747.788664063	22000.000	38000.000	0.0714
292	Spectrogram 1	1	747.769997396	747.788664063	22000.000	38000.000	0.0714
293	Waveform 1	1	766.608664062	766.609997396	22000.000	38000.000	1.0000
293	Spectrogram 1	1	766.608664062	766.609997396	22000.000	38000.000	1.0000
294	Waveform 1	1	775.264664063	775.277330729	22000.000	38000.000	0.1579
294	Spectrogram 1	1	775.264664063	775.277330729	22000.000	38000.000	0.1579
295	Waveform 1	1	1159.172664062	1159.175997396	22000.000	38000.000	0.4000
295	Spectrogram 1	1	1159.172664062	1159.175997396	22000.000	38000.000	0.4000
296	Waveform 1	1	1159.421997396	1159.426664062	22000.000	38000.000	0.4286
296	Spectrogram 1	1	1159.421997396	1159.426664062	22000.000	38000.000	0.4286
297	Waveform 1	1	1192.680664062	1192.690664062	22000.000	38000.000	0.2000
297	Spectrogram 1	1	1192.680664062	1192.690664062	22000.000	38000.000	0.2000
298	Waveform 1	1	1193.889997396	1193.919330729	22000.000	38000.000	0.1364
298	Spectrogram 1	1	1193.889997396	1193.919330729	22000.000	38000.000	0.1364
299	Waveform 1	1	1194.457997396	1194.467997396	22000.000	38000.000	0.2667
299	Spectrogram 1	1	1194.457997396	1194.467997396	22000.000	38000.000	0.2667
300	Waveform 1	1	1195.010664062	1195.047997396	22000.000	38000.000	0.0893
300	Spectrogram 1	1	1195.010664062	1195.047997396	22000.000	38000.000	0.0893
301	Waveform 1	1	1195.569997396	1195.595997396	22000.000	38000.000	0.0769
301	Spectrogram 1	1	1195.569997396	1195.595997396	22000.000	38000.000	0.0769
302	Waveform 1	1	1266.133330729	1266.137997396	22000.000	38000.000	0.2857
302	Spectrogram 1	1	1266.133330729	1266.137997396	22000.000	38000.000	0.2857
303	Waveform 1	1	1755.073330729	1755.077997396	22000.000	38000.000	0.2857
303	Spectrogram 1	1	1755.073330729	1755.077997396	22000.000	38000.000	0.2857
304	Waveform 1	1	1758.929997396	1758.933997396	22000.000	38000.000	0.3333
304	Spectrogram 1	1	1758.929997396	1758.933997396	22000.000	38000.000	0.3333
305	Waveform 1	1	1770.861330729	1770.877330729	22000.000	38000.000	0.0833
305	Spectrogram 1	1	1770.861330729	1770.877330729	22000.000	38000.000	0.0833
306	Waveform 1	1	1771.488664062	1771.503330729	22000.000	38000.000	0.1364
306	Spectrogram 1	1	1771.488664062	1771.503330729	22000.000	38000.000	0.1364
307	Waveform 1	1	1774.227997396	1774.229997396	22000.000	38000.000	0.6667
307	Spectrogram 1	1	1774.227997396	1774.229997396	22000.000	38000.000	0.6667
308	Waveform 1	1	1774.893997396	1774.904664062	22000.000	38000.000	0.1250
308	Spectrogram 1	1	1774.893997396	1774.904664062	22000.000	38000.000	0.1250
309	Waveform 1	1	1775.175997396	1775.179997396	22000.000	38000.000	0.3333
309	Spectrogram 1	1	1775.175997396	1775.179997396	22000.000	38000.000	0.3333
310	Waveform 1	1	1775.475997396	1775.478664063	22000.000	38000.000	0.5000
310	Spectrogram 1	1	1775.475997396	1775.478664063	22000.000	38000.000	0.5000
311	Waveform 1	1	1776.415330729	1776.429330729	22000.000	38000.000	0.2381
311	Spectrogram 1	1	1776.415330729	1776.429330729	22000.000	38000.000	0.2381
312	Waveform 1	1	1778.543997396	1778.557997396	22000.000	38000.000	0.2857
312	Spectrogram 1	1	1778.543997396	1778.557997396	22000.000	38000.000	0.2857
313	Waveform 1	1	1781.415330729	1781.426664062	22000.000	38000.000	0.1765
313	Spectrogram 1	1	1781.415330729	1781.426664062	22000.000	38000.000	0.1765
314	Waveform 1	1	1792.470664062	1792.471997396	22000.000	38000.000	1.0000
314	Spectrogram 1	1	1792.470664062	1792.471997396	22000.000	38000.000	1.0000
315	Waveform 1	1	1794.502664062	1794.511330729	22000.000	38000.000	0.2308
315	Spectrogram 1	1	1794.502664062	1794.511330729	22000.000	38000.000	0.2308
