Selection	View	Channel	Begin Time (s)	End Time (s)	Low Freq (Hz)	High Freq (Hz)	Occupancy
1	Waveform 1	1	474.370664062	474.373330729	22000.000	38000.000	0.5000
1	Spectrogram 1	1	474.370664062	474.373330729	22000.000	38000.000	0.5000
2	Waveform 1	1	620.234664063	620.238664063	22000.000	38000.000	0.5000
2	Spectrogram 1	1	620.234664063	620.238664063	22000.000	38000.000	0.5000
3	Waveform 1	1	620.783997396	620.789997396	22000.000	38000.000	0.4444
3	Spectrogram 1	1	620.783997396	620.789997396	22000.000	38000.000	0.4444
4	Waveform 1	1	709.493997396	709.497330729	22000.000	38000.000	0.4000
4	Spectrogram 1	1	709.493997396	709.497330729	22000.000	38000.000	0.4000
5	Waveform 1	1	710.852664063	710.859330729	22000.000	38000.000	0.2000
5	Spectrogram 1	1	710.852664063	710.859330729	22000.000	38000.000	0.2000
6	Waveform 1	1	711.477330729	711.499330729	22000.000	38000.000	0.3333
6	Spectrogram 1	1	711.477330729	711.499330729	22000.000	38000.000	0.3333
7	Waveform 1	1	712.368664063	712.389997396	22000.000	38000.000	0.1562
7	Spectrogram 1	1	712.368664063	712.389997396	22000.000	38000.000	0.1562
8	Waveform 1	1	713.089330729	713.114664063	22000.000	38000.000	0.1053
8	Spectrogram 1	1	713.089330729	713.114664063	22000.000	38000.000	0.1053
9	Waveform 1	1	713.791330729	713.793997396	22000.000	38000.000	0.5000
9	Spectrogram 1	1	713.791330729	713.793997396	22000.000	38000.000	0.5000
10	Waveform 1	1	1034.488664062	1034.490664062	22000.000	38000.000	0.6667
10	Spectrogram 1	1	1034.488664062	1034.490664062	22000.000	38000.000	0.6667
11	Waveform 1	1	1035.824664063	1035.845330729	22000.000	38000.000	0.0968
11	Spectrogram 1	1	1035.824664063	1035.845330729	22000.000	38000.000	0.0968
12	Waveform 1	1	1137.918664062	1137.922664062	22000.000	38000.000	0.3333
12	Spectrogram 1	1	1137.918664062	1137.922664062	22000.000	38000.000	0.3333
13	Waveform 1	1	1138.991997396	1139.003330729	22000.000	38000.000	0.1765
13	Spectrogram 1	1	1138.991997396	1139.003330729	22000.000	38000.000	0.1765
14	Waveform 1	1	1139.683330729	1139.704664062	22000.000	38000.000	0.1250
14	Spectrogram 1	1	1139.683330729	1139.704664062	22000.000	38000.000	0.1250
15	Waveform 1	1	1139.933997396	1139.957330729	22000.000	38000.000	0.2857
15	Spectrogram 1	1	1139.933997396	1139.957330729	22000.000	38000.000	0.2857
16	Waveform 1	1	1140.131997396	1140.146664062	22000.000	38000.000	0.4091
16	Spectrogram 1	1	1140.131997396	1140.146664062	22000.000	38000.000	0.4091
17	Waveform 1	1	1140.991997396	1141.013997396	22000.000	38000.000	0.0909
17	Spectrogram 1	1	1140.991997396	1141.013997396	22000.000	38000.000	0.0909
18	Waveform 1	1	1142.302664062	1142.313997396	22000.000	38000.000	0.2353
18	Spectrogram 1	1	1142.302664062	1142.313997396	22000.000	38000.000	0.2353
19	Waveform 1	1	1143.133330729	1143.135997396	22000.000	38000.000	0.5000
19	Spectrogram 1	1	1143.133330729	1143.135997396	22000.000	38000.000	0.5000
20	Waveform 1	1	1147.773330729	1147.787330729	22000.000	38000.000	0.1429
20	Spectrogram 1	1	1147.773330729	1147.787330729	22000.000	38000.000	0.1429
21	Waveform 1	1	1148.234664062	1148.243330729	22000.000	38000.000	0.3077
21	Spectrogram 1	1	1148.234664062	1148.243330729	22000.000	38000.000	0.3077
22	Waveform 1	1	1162.435330729	1162.447997396	22000.000	38000.000	0.1579
22	Spectrogram 1	1	1162.435330729	1162.447997396	22000.000	38000.000	0.1579
23	Waveform 1	1	1163.981330729	1163.990664062	22000.000	38000.000	0.2143
23	Spectrogram 1	1	1163.981330729	1163.990664062	22000.000	38000.000	0.2143
24	Waveform 1	1	1164.821997396	1164.831330729	22000.000	38000.000	0.3571
24	Spectrogram 1	1	1164.821997396	1164.831330729	22000.000	38000.000	0.3571
25	Waveform 1	1	1173.947330729	1173.962664062	22000.000	38000.000	0.1304
25	Spectrogram 1	1	1173.947330729	1173.962664062	22000.000	38000.000	0.1304
26	Waveform 1	1	1175.528664062	1175.535997396	22000.000	38000.000	0.2727
26	Spectrogram 1	1	1175.528664062	1175.535997396	22000.000	38000.000	0.2727
27	Waveform 1	1	1176.243330729	1176.267330729	22000.000	38000.000	0.1667
27	Spectrogram 1	1	1176.243330729	1176.267330729	22000.000	38000.000	0.1667
28	Waveform 1	1	1176.955997396	1176.962664062	22000.000	38000.000	0.3000
28	Spectrogram 1	1	1176.955997396	1176.962664062	22000.000	38000.000	0.3000
29	Waveform 1	1	1177.655330729	1177.671330729	22000.000	38000.000	0.2083
29	Spectrogram 1	1	1177.655330729	1177.671330729	22000.000	38000.000	0.2083
30	Waveform 1	1	1179.538664062	1179.541997396	22000.000	38000.000	0.4000
30	Spectrogram 1	1	1179.538664062	1179.541997396	22000.000	38000.000	0.4000
31	Waveform 1	1	1180.244664062	1180.253997396	22000.000	38000.000	0.3571
31	Spectrogram 1	1	1180.244664062	1180.253997396	22000.000	38000.000	0.3571
32	Waveform 1	1	1182.319330729	1182.326664062	22000.000	38000.000	0.1818
32	Spectrogram 1	1	1182.319330729	1182.326664062	22000.000	38000.000	0.1818
33	Waveform 1	1	1184.008664062	1184.014664062	22000.000	38000.000	0.2222
33	Spectrogram 1	1	1184.008664062	1184.014664062	22000.000	38000.000	0.2222
34	Waveform 1	1	1192.597330729	1192.641997396	22000.000	38000.000	0.0746
34	Spectrogram 1	1	1192.597330729	1192.641997396	22000.000	38000.000	0.0746
35	Waveform 1	1	1193.440664062	1193.446664062	22000.000	38000.000	0.3333
35	Spectrogram 1	1	1193.440664062	1193.446664062	22000.000	38000.000	0.3333
36	Waveform 1	1	1195.117330729	1195.129330729	22000.000	38000.000	0.3889
36	Spectrogram 1	1	1195.117330729	1195.129330729	22000.000	38000.000	0.3889
37	Waveform 1	1	1201.965997396	1201.971330729	22000.000	38000.000	0.2500
37	Spectrogram 1	1	1201.965997396	1201.971330729	22000.000	38000.000	0.2500
38	Waveform 1	1	1239.549997396	1239.567997396	22000.000	38000.000	0.1111
38	Spectrogram 1	1	1239.549997396	1239.567997396	22000.000	38000.000	0.1111
39	Waveform 1	1	1240.492664062	1240.504664062	22000.000	38000.000	0.2222
39	Spectrogram 1	1	1240.492664062	1240.504664062	22000.000	38000.000	0.2222
40	Waveform 1	1	1240.807330729	1240.816664062	22000.000	38000.000	0.1429
40	Spectrogram 1	1	1240.807330729	1240.816664062	22000.000	38000.000	0.1429
41	Waveform 1	1	1241.737997396	1241.748664062	22000.000	38000.000	0.2500
41	Spectrogram 1	1	1241.737997396	1241.748664062	22000.000	38000.000	0.2500
42	Waveform 1	1	1243.335330729	1243.343330729	22000.000	38000.000	0.3333
42	Spectrogram 1	1	1243.335330729	1243.343330729	22000.000	38000.000	0.3333
43	Waveform 1	1	1256.593330729	1256.623997396	22000.000	38000.000	0.1304
43	Spectrogram 1	1	1256.593330729	1256.623997396	22000.000	38000.000	0.1304
44	Waveform 1	1	1256.755330729	1256.781997396	22000.000	38000.000	0.1500
44	Spectrogram 1	1	1256.755330729	1256.781997396	22000.000	38000.000	0.1500
45	Waveform 1	1	1256.945330729	1256.981330729	22000.000	38000.000	0.2037
45	Spectrogram 1	1	1256.945330729	1256.981330729	22000.000	38000.000	0.2037
46	Waveform 1	1	1257.141997396	1257.165997396	22000.000	38000.000	0.0833
46	Spectrogram 1	1	1257.141997396	1257.165997396	22000.000	38000.000	0.0833
47	Waveform 1	1	1257.520664062	1257.535997396	22000.000	38000.000	0.2174
47	Spectrogram 1	1	1257.520664062	1257.535997396	22000.000	38000.000	0.2174
48	Waveform 1	1	1260.519997396	1260.550664062	22000.000	38000.000	0.1957
48	Spectrogram 1	1	1260.519997396	1260.550664062	22000.000	38000.000	0.1957
49	Waveform 1	1	1261.059330729	1261.061330729	22000.000	38000.000	0.6667
49	Spectrogram 1	1	1261.059330729	1261.061330729	22000.000	38000.000	0.6667
50	Waveform 1	1	1265.523330729	1265.527330729	22000.000	38000.000	0.3333
50	Spectrogram 1	1	1265.523330729	1265.527330729	22000.000	38000.000	0.3333
51	Waveform 1	1	1274.723997396	1274.744664062	22000.000	38000.000	0.2258
51	Spectrogram 1	1	1274.723997396	1274.744664062	22000.000	38000.000	0.2258
52	Waveform 1	1	1274.879997396	1274.897330729	22000.000	38000.000	0.1923
52	Spectrogram 1	1	1274.879997396	1274.897330729	22000.000	38000.000	0.1923
53	Waveform 1	1	1275.045330729	1275.073330729	22000.000	38000.000	0.3333
53	Spectrogram 1	1	1275.045330729	1275.073330729	22000.000	38000.000	0.3333
54	Waveform 1	1	1275.212664062	1275.232664062	22000.000	38000.000	0.4000
54	Spectrogram 1	1	1275.212664062	1275.232664062	22000.000	38000.000	0.4000
55	Waveform 1	1	1275.384664062	1275.410664063	22000.000	38000.000	0.2564
55	Spectrogram 1	1	1275.384664062	1275.410664063	22000.000	38000.000	0.2564
56	Waveform 1	1	1275.554664063	1275.572664062	22000.000	38000.000	0.1852
56	Spectrogram 1	1	1275.554664063	1275.572664062	22000.000	38000.000	0.1852
57	Waveform 1	1	1275.717997396	1275.729997396	22000.000	38000.000	0.1111
57	Spectrogram 1	1	1275.717997396	1275.729997396	22000.000	38000.000	0.1111
58	Waveform 1	1	1277.562664062	1277.563997396	22000.000	38000.000	1.0000
58	Spectrogram 1	1	1277.562664062	1277.563997396	22000.000	38000.000	1.0000
59	Waveform 1	1	1278.316664062	1278.320664062	22000.000	38000.000	0.6667
59	Spectrogram 1	1	1278.316664062	1278.320664062	22000.000	38000.000	0.6667
60	Waveform 1	1	1278.585330729	1278.586664062	22000.000	38000.000	1.0000
60	Spectrogram 1	1	1278.585330729	1278.586664062	22000.000	38000.000	1.0000
61	Waveform 1	1	1278.717997396	1278.729330729	22000.000	38000.000	0.3529
61	Spectrogram 1	1	1278.717997396	1278.729330729	22000.000	38000.000	0.3529
62	Waveform 1	1	1279.365997396	1279.372664063	22000.000	38000.000	0.3000
62	Spectrogram 1	1	1279.365997396	1279.372664063	22000.000	38000.000	0.3000
63	Waveform 1	1	1279.633330729	1279.653997396	22000.000	38000.000	0.1935
63	Spectrogram 1	1	1279.633330729	1279.653997396	22000.000	38000.000	0.1935
64	Waveform 1	1	1280.170664063	1280.194664062	22000.000	38000.000	0.1944
64	Spectrogram 1	1	1280.170664063	1280.194664062	22000.000	38000.000	0.1944
65	Waveform 1	1	1280.439997396	1280.474664062	22000.000	38000.000	0.2308
65	Spectrogram 1	1	1280.439997396	1280.474664062	22000.000	38000.000	0.2308
66	Waveform 1	1	1280.706664062	1280.722664062	22000.000	38000.000	0.1250
66	Spectrogram 1	1	1280.706664062	1280.722664062	22000.000	38000.000	0.1250
67	Waveform 1	1	1281.101997396	1281.146664062	22000.000	38000.000	0.1343
67	Spectrogram 1	1	1281.101997396	1281.146664062	22000.000	38000.000	0.1343
68	Waveform 1	1	1281.370664062	1281.383997396	22000.000	38000.000	0.2500
68	Spectrogram 1	1	1281.370664062	1281.383997396	22000.000	38000.000	0.2500
69	Waveform 1	1	1281.762664062	1281.794664063	22000.000	38000.000	0.1042
69	Spectrogram 1	1	1281.762664062	1281.794664063	22000.000	38000.000	0.1042
70	Waveform 1	1	1282.506664063	1282.557997396	22000.000	38000.000	0.1039
70	Spectrogram 1	1	1282.506664063	1282.557997396	22000.000	38000.000	0.1039
71	Waveform 1	1	1282.691330729	1282.705330729	22000.000	38000.000	0.2381
71	Spectrogram 1	1	1282.691330729	1282.705330729	22000.000	38000.000	0.2381
72	Waveform 1	1	1282.973997396	1283.001330729	22000.000	38000.000	0.2195
72	Spectrogram 1	1	1282.973997396	1283.001330729	22000.000	38000.000	0.2195
73	Waveform 1	1	1283.235997396	1283.247997396	22000.000	38000.000	0.1667
73	Spectrogram 1	1	1283.235997396	1283.247997396	22000.000	38000.000	0.1667
74	Waveform 1	1	1283.515330729	1283.543997396	22000.000	38000.000	0.2093
74	Spectrogram 1	1	1283.515330729	1283.543997396	22000.000	38000.000	0.2093
75	Waveform 1	1	1283.785997396	1283.788664062	22000.000	38000.000	0.7500
75	Spectrogram 1	1	1283.785997396	1283.788664062	22000.000	38000.000	0.7500
76	Waveform 1	1	1284.175330729	1284.181330729	22000.000	38000.000	0.3333
76	Spectrogram 1	1	1284.175330729	1284.181330729	22000.000	38000.000	0.3333
77	Waveform 1	1	1284.705997396	1284.719330729	22000.000	38000.000	0.1000
77	Spectrogram 1	1	1284.705997396	1284.719330729	22000.000	38000.000	0.1000
78	Waveform 1	1	1285.252664062	1285.286664062	22000.000	38000.000	0.0784
78	Spectrogram 1	1	1285.252664062	1285.286664062	22000.000	38000.000	0.0784
79	Waveform 1	1	1285.401997396	1285.423997396	22000.000	38000.000	0.2727
79	Spectrogram 1	1	1285.401997396	1285.423997396	22000.000	38000.000	0.2727
80	Waveform 1	1	1285.936664062	1285.960664062	22000.000	38000.000	0.1944
80	Spectrogram 1	1	1285.936664062	1285.960664062	22000.000	38000.000	0.1944
81	Waveform 1	1	1286.977997396	1286.990664062	22000.000	38000.000	0.2105
81	Spectrogram 1	1	1286.977997396	1286.990664062	22000.000	38000.000	0.2105
82	Waveform 1	1	1290.268664062	1290.272664062	22000.000	38000.000	0.5000
82	Spectrogram 1	1	1290.268664062	1290.272664062	22000.000	38000.000	0.5000
83	Waveform 1	1	1295.478664063	1295.480664062	22000.000	38000.000	0.6667
83	Spectrogram 1	1	1295.478664063	1295.480664062	22000.000	38000.000	0.6667
84	Waveform 1	1	1295.731330729	1295.743330729	22000.000	38000.000	0.1667
84	Spectrogram 1	1	1295.731330729	1295.743330729	22000.000	38000.000	0.1667
85	Waveform 1	1	1295.996664063	1296.017330729	22000.000	38000.000	0.2903
85	Spectrogram 1	1	1295.996664063	1296.017330729	22000.000	38000.000	0.2903
86	Waveform 1	1	1296.137330729	1296.138664062	22000.000	38000.000	1.0000
86	Spectrogram 1	1	1296.137330729	1296.138664062	22000.000	38000.000	1.0000
87	Waveform 1	1	1297.893330729	1297.896664062	22000.000	38000.000	0.4000
87	Spectrogram 1	1	1297.893330729	1297.896664062	22000.000	38000.000	0.4000
88	Waveform 1	1	1298.149330729	1298.161997396	22000.000	38000.000	0.2632
88	Spectrogram 1	1	1298.149330729	1298.161997396	22000.000	38000.000	0.2632
89	Waveform 1	1	1298.403330729	1298.424664062	22000.000	38000.000	0.4688
89	Spectrogram 1	1	1298.403330729	1298.424664062	22000.000	38000.000	0.4688
90	Waveform 1	1	1299.043330729	1299.049330729	22000.000	38000.000	0.2222
90	Spectrogram 1	1	1299.043330729	1299.049330729	22000.000	38000.000	0.2222
91	Waveform 1	1	1299.555330729	1299.567330729	22000.000	38000.000	0.1667
91	Spectrogram 1	1	1299.555330729	1299.567330729	22000.000	38000.000	0.1667
92	Waveform 1	1	1300.201330729	1300.235330729	22000.000	38000.000	0.1765
92	Spectrogram 1	1	1300.201330729	1300.235330729	22000.000	38000.000	0.1765
93	Waveform 1	1	1300.862664063	1300.890664063	22000.000	38000.000	0.2381
93	Spectrogram 1	1	1300.862664063	1300.890664063	22000.000	38000.000	0.2381
94	Waveform 1	1	1301.389330729	1301.413330729	22000.000	38000.000	0.1944
94	Spectrogram 1	1	1301.389330729	1301.413330729	22000.000	38000.000	0.1944
95	Waveform 1	1	1302.571997396	1302.603330729	22000.000	38000.000	0.1489
95	Spectrogram 1	1	1302.571997396	1302.603330729	22000.000	38000.000	0.1489
96	Waveform 1	1	1303.249330729	1303.258664062	22000.000	38000.000	0.1429
96	Spectrogram 1	1	1303.249330729	1303.258664062	22000.000	38000.000	0.1429
97	Waveform 1	1	1304.832664063	1304.849997396	22000.000	38000.000	0.2692
97	Spectrogram 1	1	1304.832664063	1304.849997396	22000.000	38000.000	0.2692
98	Waveform 1	1	1305.257997396	1305.271330729	22000.000	38000.000	0.2000
98	Spectrogram 1	1	1305.257997396	1305.271330729	22000.000	38000.000	0.2000
99	Waveform 1	1	1305.692664062	1305.710664062	22000.000	38000.000	0.1111
99	Spectrogram 1	1	1305.692664062	1305.710664062	22000.000	38000.000	0.1111
100	Waveform 1	1	1306.549330729	1306.550664062	22000.000	38000.000	1.0000
100	Spectrogram 1	1	1306.549330729	1306.550664062	22000.000	38000.000	1.0000
101	Waveform 1	1	1307.062664062	1307.097997396	22000.000	38000.000	0.1321
101	Spectrogram 1	1	1307.062664062	1307.097997396	22000.000	38000.000	0.1321
102	Waveform 1	1	1308.161330729	1308.179997396	22000.000	38000.000	0.1786
102	Spectrogram 1	1	1308.161330729	1308.179997396	22000.000	38000.000	0.1786
103	Waveform 1	1	1308.733997396	1308.755997396	22000.000	38000.000	0.3030
103	Spectrogram 1	1	1308.733997396	1308.755997396	22000.000	38000.000	0.3030
104	Waveform 1	1	1308.908664062	1308.923330729	22000.000	38000.000	0.2273
104	Spectrogram 1	1	1308.908664062	1308.923330729	22000.000	38000.000	0.2273
105	Waveform 1	1	1309.067330729	1309.087330729	22000.000	38000.000	0.2000
105	Spectrogram 1	1	1309.067330729	1309.087330729	22000.000	38000.000	0.2000
106	Waveform 1	1	1309.226664063	1309.242664062	22000.000	38000.000	0.1667
106	Spectrogram 1	1	1309.226664063	1309.242664062	22000.000	38000.000	0.1667
107	Waveform 1	1	1309.657997396	1309.661330729	22000.000	38000.000	0.4000
107	Spectrogram 1	1	1309.657997396	1309.661330729	22000.000	38000.000	0.4000
108	Waveform 1	1	1310.572664062	1310.604664062	22000.000	38000.000	0.2500
108	Spectrogram 1	1	1310.572664062	1310.604664062	22000.000	38000.000	0.2500
109	Waveform 1	1	1310.735997396	1310.737330729	22000.000	38000.000	1.0000
109	Spectrogram 1	1	1310.735997396	1310.737330729	22000.000	38000.000	1.0000
110	Waveform 1	1	1312.307997396	1312.333997396	22000.000	38000.000	0.3333
110	Spectrogram 1	1	1312.307997396	1312.333997396	22000.000	38000.000	0.3333
111	Waveform 1	1	1312.810664062	1312.849330729	22000.000	38000.000	0.1379
111	Spectrogram 1	1	1312.810664062	1312.849330729	22000.000	38000.000	0.1379
112	Waveform 1	1	1314.511997396	1314.523997396	22000.000	38000.000	0.2778
112	Spectrogram 1	1	1314.511997396	1314.523997396	22000.000	38000.000	0.2778
113	Waveform 1	1	1314.674664062	1314.678664063	22000.000	38000.000	0.3333
113	Spectrogram 1	1	1314.674664062	1314.678664063	22000.000	38000.000	0.3333
114	Waveform 1	1	1314.925997396	1314.936664062	22000.000	38000.000	0.2500
114	Spectrogram 1	1	1314.925997396	1314.936664062	22000.000	38000.000	0.2500
115	Waveform 1	1	1315.624664062	1315.642664062	22000.000	38000.000	0.3333
115	Spectrogram 1	1	1315.624664062	1315.642664062	22000.000	38000.000	0.3333
116	Waveform 1	1	1316.089330729	1316.091330729	22000.000	38000.000	0.6667
116	Spectrogram 1	1	1316.089330729	1316.091330729	22000.000	38000.000	0.6667
117	Waveform 1	1	1316.334664062	1316.338664062	22000.000	38000.000	0.6667
117	Spectrogram 1	1	1316.334664062	1316.338664062	22000.000	38000.000	0.6667
118	Waveform 1	1	1316.766664063	1316.767997396	22000.000	38000.000	1.0000
118	Spectrogram 1	1	1316.766664063	1316.767997396	22000.000	38000.000	1.0000
119	Waveform 1	1	1317.086664062	1317.095997396	22000.000	38000.000	0.2857
119	Spectrogram 1	1	1317.086664062	1317.095997396	22000.000	38000.000	0.2857
120	Waveform 1	1	1317.349997396	1317.363997396	22000.000	38000.000	0.2857
120	Spectrogram 1	1	1317.349997396	1317.363997396	22000.000	38000.000	0.2857
121	Waveform 1	1	1317.570664062	1317.576664062	22000.000	38000.000	0.5556
121	Spectrogram 1	1	1317.570664062	1317.576664062	22000.000	38000.000	0.5556
122	Waveform 1	1	1317.741330729	1317.749997396	22000.000	38000.000	0.3077
122	Spectrogram 1	1	1317.741330729	1317.749997396	22000.000	38000.000	0.3077
123	Waveform 1	1	1317.930664062	1317.941330729	22000.000	38000.000	0.1250
123	Spectrogram 1	1	1317.930664062	1317.941330729	22000.000	38000.000	0.1250
124	Waveform 1	1	1318.087330729	1318.092664063	22000.000	38000.000	0.5000
124	Spectrogram 1	1	1318.087330729	1318.092664063	22000.000	38000.000	0.5000
125	Waveform 1	1	1318.229997396	1318.236664063	22000.000	38000.000	0.2000
125	Spectrogram 1	1	1318.229997396	1318.236664063	22000.000	38000.000	0.2000
126	Waveform 1	1	1318.503997396	1318.505997396	22000.000	38000.000	0.6667
126	Spectrogram 1	1	1318.503997396	1318.505997396	22000.000	38000.000	0.6667
127	Waveform 1	1	1319.129330729	1319.135330729	22000.000	38000.000	0.3333
127	Spectrogram 1	1	1319.129330729	1319.135330729	22000.000	38000.000	0.3333
128	Waveform 1	1	1320.176664062	1320.180664062	22000.000	38000.000	0.6667
128	Spectrogram 1	1	1320.176664062	1320.180664062	22000.000	38000.000	0.6667
129	Waveform 1	1	1320.659330729	1320.661330729	22000.000	38000.000	0.6667
129	Spectrogram 1	1	1320.659330729	1320.661330729	22000.000	38000.000	0.6667
130	Waveform 1	1	1320.847997396	1320.855997396	22000.000	38000.000	0.5833
130	Spectrogram 1	1	1320.847997396	1320.855997396	22000.000	38000.000	0.5833
131	Waveform 1	1	1320.999330729	1321.012664062	22000.000	38000.000	0.3000
131	Spectrogram 1	1	1320.999330729	1321.012664062	22000.000	38000.000	0.3000
132	Waveform 1	1	1321.341997396	1321.356664062	22000.000	38000.000	0.3636
132	Spectrogram 1	1	1321.341997396	1321.356664062	22000.000	38000.000	0.3636
133	Waveform 1	1	1321.521997396	1321.625997396	22000.000	38000.000	0.1026
133	Spectrogram 1	1	1321.521997396	1321.625997396	22000.000	38000.000	0.1026
134	Waveform 1	1	1321.830664062	1321.839997396	22000.000	38000.000	0.5000
134	Spectrogram 1	1	1321.830664062	1321.839997396	22000.000	38000.000	0.5000
135	Waveform 1	1	1322.049330729	1322.077330729	22000.000	38000.000	0.2857
135	Spectrogram 1	1	1322.049330729	1322.077330729	22000.000	38000.000	0.2857
136	Waveform 1	1	1322.285330729	1322.299330729	22000.000	38000.000	0.4762
136	Spectrogram 1	1	1322.285330729	1322.299330729	22000.000	38000.000	0.4762
137	Waveform 1	1	1322.517330729	1322.540664062	22000.000	38000.000	0.2571
137	Spectrogram 1	1	1322.517330729	1322.540664062	22000.000	38000.000	0.2571
138	Waveform 1	1	1322.877997396	1322.900664063	22000.000	38000.000	0.2647
138	Spectrogram 1	1	1322.877997396	1322.900664063	22000.000	38000.000	0.2647
139	Waveform 1	1	1323.119330729	1323.164664062	22000.000	38000.000	0.1618
139	Spectrogram 1	1	1323.119330729	1323.164664062	22000.000	38000.000	0.1618
140	Waveform 1	1	1323.224664062	1323.237330729	22000.000	38000.000	0.3158
140	Spectrogram 1	1	1323.224664062	1323.237330729	22000.000	38000.000	0.3158
141	Waveform 1	1	1323.333330729	1323.346664062	22000.000	38000.000	0.1500
141	Spectrogram 1	1	1323.333330729	1323.346664062	22000.000	38000.000	0.1500
142	Waveform 1	1	1323.474664062	1323.500664062	22000.000	38000.000	0.2308
142	Spectrogram 1	1	1323.474664062	1323.500664062	22000.000	38000.000	0.2308
143	Waveform 1	1	1323.688664063	1323.706664062	22000.000	38000.000	0.2222
143	Spectrogram 1	1	1323.688664063	1323.706664062	22000.000	38000.000	0.2222
144	Waveform 1	1	1323.915330729	1323.929330729	22000.000	38000.000	0.3333
144	Spectrogram 1	1	1323.915330729	1323.929330729	22000.000	38000.000	0.3333
145	Waveform 1	1	1324.143997396	1324.145330729	22000.000	38000.000	1.0000
145	Spectrogram 1	1	1324.143997396	1324.145330729	22000.000	38000.000	1.0000
146	Waveform 1	1	1324.363330729	1324.403997396	22000.000	38000.000	0.0820
146	Spectrogram 1	1	1324.363330729	1324.403997396	22000.000	38000.000	0.0820
147	Waveform 1	1	1324.599997396	1324.626664062	22000.000	38000.000	0.2000
147	Spectrogram 1	1	1324.599997396	1324.626664062	22000.000	38000.000	0.2000
148	Waveform 1	1	1324.837330729	1324.907997396	22000.000	38000.000	0.1509
148	Spectrogram 1	1	1324.837330729	1324.907997396	22000.000	38000.000	0.1509
149	Waveform 1	1	1325.195330729	1325.238664062	22000.000	38000.000	0.2154
149	Spectrogram 1	1	1325.195330729	1325.238664062	22000.000	38000.000	0.2154
150	Waveform 1	1	1325.556664062	1325.621997396	22000.000	38000.000	0.3571
150	Spectrogram 1	1	1325.556664062	1325.621997396	22000.000	38000.000	0.3571
151	Waveform 1	1	1325.961997396	1325.965997396	22000.000	38000.000	0.3333
151	Spectrogram 1	1	1325.961997396	1325.965997396	22000.000	38000.000	0.3333
152	Waveform 1	1	1326.159997396	1326.217330729	22000.000	38000.000	0.3605
152	Spectrogram 1	1	1326.159997396	1326.217330729	22000.000	38000.000	0.3605
153	Waveform 1	1	1326.617997396	1326.675330729	22000.000	38000.000	0.2442
153	Spectrogram 1	1	1326.617997396	1326.675330729	22000.000	38000.000	0.2442
154	Waveform 1	1	1326.861997396	1326.881330729	22000.000	38000.000	0.2414
154	Spectrogram 1	1	1326.861997396	1326.881330729	22000.000	38000.000	0.2414
155	Waveform 1	1	1327.035997396	1327.039330729	22000.000	38000.000	0.8000
155	Spectrogram 1	1	1327.035997396	1327.039330729	22000.000	38000.000	0.8000
156	Waveform 1	1	1327.209330729	1327.271330729	22000.000	38000.000	0.1720
156	Spectrogram 1	1	1327.209330729	1327.271330729	22000.000	38000.000	0.1720
157	Waveform 1	1	1327.466664062	1327.485330729	22000.000	38000.000	0.1786
157	Spectrogram 1	1	1327.466664062	1327.485330729	22000.000	38000.000	0.1786
158	Waveform 1	1	1327.800664062	1327.859330729	22000.000	38000.000	0.2386
158	Spectrogram 1	1	1327.800664062	1327.859330729	22000.000	38000.000	0.2386
159	Waveform 1	1	1328.159330729	1328.175330729	22000.000	38000.000	0.1667
159	Spectrogram 1	1	1328.159330729	1328.175330729	22000.000	38000.000	0.1667
160	Waveform 1	1	1328.510664062	1328.561997396	22000.000	38000.000	0.1299
160	Spectrogram 1	1	1328.510664062	1328.561997396	22000.000	38000.000	0.1299
161	Waveform 1	1	1328.873330729	1328.940664062	22000.000	38000.000	0.0891
161	Spectrogram 1	1	1328.873330729	1328.940664062	22000.000	38000.000	0.0891
162	Waveform 1	1	1329.593997396	1329.641330729	22000.000	38000.000	0.1408
162	Spectrogram 1	1	1329.593997396	1329.641330729	22000.000	38000.000	0.1408
163	Waveform 1	1	1330.210664062	1330.218664063	22000.000	38000.000	0.2500
163	Spectrogram 1	1	1330.210664062	1330.218664063	22000.000	38000.000	0.2500
164	Waveform 1	1	1331.429330729	1331.433997396	22000.000	38000.000	0.2857
164	Spectrogram 1	1	1331.429330729	1331.433997396	22000.000	38000.000	0.2857
165	Waveform 1	1	1332.887330729	1332.888664062	22000.000	38000.000	1.0000
165	Spectrogram 1	1	1332.887330729	1332.888664062	22000.000	38000.000	1.0000
166	Waveform 1	1	1333.611330729	1333.612664063	22000.000	38000.000	1.0000
166	Spectrogram 1	1	1333.611330729	1333.612664063	22000.000	38000.000	1.0000
167	Waveform 1	1	1334.795997396	1334.809997396	22000.000	38000.000	0.2381
167	Spectrogram 1	1	1334.795997396	1334.809997396	22000.000	38000.000	0.2381
168	Waveform 1	1	1335.465997396	1335.473997396	22000.000	38000.000	0.5000
168	Spectrogram 1	1	1335.465997396	1335.473997396	22000.000	38000.000	0.5000
169	Waveform 1	1	1336.103997396	1336.120664062	22000.000	38000.000	0.2800
169	Spectrogram 1	1	1336.103997396	1336.120664062	22000.000	38000.000	0.2800
170	Waveform 1	1	1336.650664063	1336.663997396	22000.000	38000.000	0.2000
170	Spectrogram 1	1	1336.650664063	1336.663997396	22000.000	38000.000	0.2000
171	Waveform 1	1	1337.187330729	1337.193330729	22000.000	38000.000	0.5556
171	Spectrogram 1	1	1337.187330729	1337.193330729	22000.000	38000.000	0.5556
172	Waveform 1	1	1342.126664062	1342.129997396	22000.000	38000.000	0.4000
172	Spectrogram 1	1	1342.126664062	1342.129997396	22000.000	38000.000	0.4000
173	Waveform 1	1	1348.587330729	1348.589330729	22000.000	38000.000	0.6667
173	Spectrogram 1	1	1348.587330729	1348.589330729	22000.000	38000.000	0.6667
174	Waveform 1	1	1350.709997396	1350.712664062	22000.000	38000.000	0.5000
174	Spectrogram 1	1	1350.709997396	1350.712664062	22000.000	38000.000	0.5000
175	Waveform 1	1	1355.953997396	1355.955330729	22000.000	38000.000	1.0000
175	Spectrogram 1	1	1355.953997396	1355.955330729	22000.000	38000.000	1.0000
176	Waveform 1	1	1356.208664063	1356.230664062	22000.000	38000.000	0.1818
176	Spectrogram 1	1	1356.208664063	1356.230664062	22000.000	38000.000	0.1818
177	Waveform 1	1	1356.857997396	1356.866664062	22000.000	38000.000	0.3077
177	Spectrogram 1	1	1356.857997396	1356.866664062	22000.000	38000.000	0.3077
178	Waveform 1	1	1357.107330729	1357.125330729	22000.000	38000.000	0.2222
178	Spectrogram 1	1	1357.107330729	1357.125330729	22000.000	38000.000	0.2222
179	Waveform 1	1	1357.256664063	1357.257997396	22000.000	38000.000	1.0000
179	Spectrogram 1	1	1357.256664063	1357.257997396	22000.000	38000.000	1.0000
180	Waveform 1	1	1357.757330729	1357.763330729	22000.000	38000.000	0.3333
180	Spectrogram 1	1	1357.757330729	1357.763330729	22000.000	38000.000	0.3333
181	Waveform 1	1	1358.649997396	1358.665330729	22000.000	38000.000	0.1739
181	Spectrogram 1	1	1358.649997396	1358.665330729	22000.000	38000.000	0.1739
182	Waveform 1	1	1359.415330729	1359.425997396	22000.000	38000.000	0.3125
182	Spectrogram 1	1	1359.415330729	1359.425997396	22000.000	38000.000	0.3125
183	Waveform 1	1	1360.186664062	1360.205997396	22000.000	38000.000	0.1034
183	Spectrogram 1	1	1360.186664062	1360.205997396	22000.000	38000.000	0.1034
184	Waveform 1	1	1360.564664063	1360.589330729	22000.000	38000.000	0.1622
184	Spectrogram 1	1	1360.564664063	1360.589330729	22000.000	38000.000	0.1622
185	Waveform 1	1	1360.718664063	1360.723330729	22000.000	38000.000	0.2857
185	Spectrogram 1	1	1360.718664063	1360.723330729	22000.000	38000.000	0.2857
186	Waveform 1	1	1361.104664062	1361.121330729	22000.000	38000.000	0.2400
186	Spectrogram 1	1	1361.104664062	1361.121330729	22000.000	38000.000	0.2400
187	Waveform 1	1	1361.342664063	1361.359330729	22000.000	38000.000	0.4000
187	Spectrogram 1	1	1361.342664063	1361.359330729	22000.000	38000.000	0.4000
188	Waveform 1	1	1361.494664062	1361.520664062	22000.000	38000.000	0.1538
188	Spectrogram 1	1	1361.494664062	1361.520664062	22000.000	38000.000	0.1538
189	Waveform 1	1	1362.006664063	1362.015330729	22000.000	38000.000	0.3077
189	Spectrogram 1	1	1362.006664063	1362.015330729	22000.000	38000.000	0.3077
190	Waveform 1	1	1362.621997396	1362.660664063	22000.000	38000.000	0.1207
190	Spectrogram 1	1	1362.621997396	1362.660664063	22000.000	38000.000	0.1207
191	Waveform 1	1	1363.276664063	1363.285330729	22000.000	38000.000	0.2308
191	Spectrogram 1	1	1363.276664063	1363.285330729	22000.000	38000.000	0.2308
192	Waveform 1	1	1364.446664062	1364.447997396	22000.000	38000.000	1.0000
192	Spectrogram 1	1	1364.446664062	1364.447997396	22000.000	38000.000	1.0000
193	Waveform 1	1	1364.939330729	1364.941330729	22000.000	38000.000	0.6667
193	Spectrogram 1	1	1364.939330729	1364.941330729	22000.000	38000.000	0.6667
194	Waveform 1	1	1365.626664062	1365.633997396	22000.000	38000.000	0.2727
194	Spectrogram 1	1	1365.626664062	1365.633997396	22000.000	38000.000	0.2727
195	Waveform 1	1	1367.019330729	1367.021330729	22000.000	38000.000	1.0000
195	Spectrogram 1	1	1367.019330729	1367.021330729	22000.000	38000.000	1.0000
196	Waveform 1	1	1368.522664062	1368.523997396	22000.000	38000.000	1.0000
196	Spectrogram 1	1	1368.522664062	1368.523997396	22000.000	38000.000	1.0000
197	Waveform 1	1	1368.991997396	1368.994664062	22000.000	38000.000	1.0000
197	Spectrogram 1	1	1368.991997396	1368.994664062	22000.000	38000.000	1.0000
198	Waveform 1	1	1370.416664062	1370.418664062	22000.000	38000.000	0.6667
198	Spectrogram 1	1	1370.416664062	1370.418664062	22000.000	38000.000	0.6667
199	Waveform 1	1	1372.577997396	1372.605997396	22000.000	38000.000	0.0714
199	Spectrogram 1	1	1372.577997396	1372.605997396	22000.000	38000.000	0.0714
200	Waveform 1	1	1373.685330729	1373.691330729	22000.000	38000.000	0.3333
200	Spectrogram 1	1	1373.685330729	1373.691330729	22000.000	38000.000	0.3333
201	Waveform 1	1	1374.953997396	1374.958664063	22000.000	38000.000	0.2857
201	Spectrogram 1	1	1374.953997396	1374.958664063	22000.000	38000.000	0.2857
202	Waveform 1	1	1375.649997396	1375.669997396	22000.000	38000.000	0.1000
202	Spectrogram 1	1	1375.649997396	1375.669997396	22000.000	38000.000	0.1000
203	Waveform 1	1	1375.948664063	1375.953997396	22000.000	38000.000	0.3750
203	Spectrogram 1	1	1375.948664063	1375.953997396	22000.000	38000.000	0.3750
204	Waveform 1	1	1376.057330729	1376.082664063	22000.000	38000.000	0.1842
204	Spectrogram 1	1	1376.057330729	1376.082664063	22000.000	38000.000	0.1842
205	Waveform 1	1	1376.449997396	1376.463330729	22000.000	38000.000	0.1000
205	Spectrogram 1	1	1376.449997396	1376.463330729	22000.000	38000.000	0.1000
206	Waveform 1	1	1377.510664062	1377.520664062	22000.000	38000.000	0.1333
206	Spectrogram 1	1	1377.510664062	1377.520664062	22000.000	38000.000	0.1333
207	Waveform 1	1	1377.806664062	1377.819330729	22000.000	38000.000	0.1053
207	Spectrogram 1	1	1377.806664062	1377.819330729	22000.000	38000.000	0.1053
208	Waveform 1	1	1378.094664062	1378.096664062	22000.000	38000.000	1.0000
208	Spectrogram 1	1	1378.094664062	1378.096664062	22000.000	38000.000	1.0000
209	Waveform 1	1	1378.245997396	1378.281330729	22000.000	38000.000	0.0755
209	Spectrogram 1	1	1378.245997396	1378.281330729	22000.000	38000.000	0.0755
210	Waveform 1	1	1380.227997396	1380.233997396	22000.000	38000.000	0.3333
210	Spectrogram 1	1	1380.227997396	1380.233997396	22000.000	38000.000	0.3333
211	Waveform 1	1	1381.160664063	1381.168664062	22000.000	38000.000	0.1667
211	Spectrogram 1	1	1381.160664063	1381.168664062	22000.000	38000.000	0.1667
212	Waveform 1	1	1381.615330729	1381.618664062	22000.000	38000.000	0.6000
212	Spectrogram 1	1	1381.615330729	1381.618664062	22000.000	38000.000	0.6000
213	Waveform 1	1	1382.373330729	1382.374664062	22000.000	38000.000	1.0000
213	Spectrogram 1	1	1382.373330729	1382.374664062	22000.000	38000.000	1.0000
214	Waveform 1	1	1382.981330729	1382.982664062	22000.000	38000.000	1.0000
214	Spectrogram 1	1	1382.981330729	1382.982664062	22000.000	38000.000	1.0000
215	Waveform 1	1	1383.290664062	1383.334664062	22000.000	38000.000	0.0758
215	Spectrogram 1	1	1383.290664062	1383.334664062	22000.000	38000.000	0.0758
216	Waveform 1	1	1391.730664062	1391.738664062	22000.000	38000.000	0.1667
216	Spectrogram 1	1	1391.730664062	1391.738664062	22000.000	38000.000	0.1667
217	Waveform 1	1	1393.653997396	1393.665330729	22000.000	38000.000	0.1765
217	Spectrogram 1	1	1393.653997396	1393.665330729	22000.000	38000.000	0.1765
218	Waveform 1	1	1394.068664062	1394.078664062	22000.000	38000.000	0.2000
218	Spectrogram 1	1	1394.068664062	1394.078664062	22000.000	38000.000	0.2000
219	Waveform 1	1	1395.678664063	1395.683997396	22000.000	38000.000	0.3750
219	Spectrogram 1	1	1395.678664063	1395.683997396	22000.000	38000.000	0.3750
220	Waveform 1	1	1397.031997396	1397.033330729	22000.000	38000.000	1.0000
220	Spectrogram 1	1	1397.031997396	1397.033330729	22000.000	38000.000	1.0000
221	Waveform 1	1	1405.443330729	1405.445997396	22000.000	38000.000	0.5000
221	Spectrogram 1	1	1405.443330729	1405.445997396	22000.000	38000.000	0.5000
222	Waveform 1	1	1407.264664062	1407.266664063	22000.000	38000.000	0.6667
222	Spectrogram 1	1	1407.264664062	1407.266664063	22000.000	38000.000	0.6667
223	Waveform 1	1	1411.594664062	1411.595997396	22000.000	38000.000	1.0000
223	Spectrogram 1	1	1411.594664062	1411.595997396	22000.000	38000.000	1.0000
224	Waveform 1	1	1412.026664063	1412.027997396	22000.000	38000.000	1.0000
224	Spectrogram 1	1	1412.026664063	1412.027997396	22000.000	38000.000	1.0000
225	Waveform 1	1	1413.090664062	1413.091997396	22000.000	38000.000	1.0000
225	Spectrogram 1	1	1413.090664062	1413.091997396	22000.000	38000.000	1.0000
226	Waveform 1	1	1413.390664063	1413.391997396	22000.000	38000.000	1.0000
226	Spectrogram 1	1	1413.390664063	1413.391997396	22000.000	38000.000	1.0000
227	Waveform 1	1	1413.544664063	1413.549330729	22000.000	38000.000	0.8571
227	Spectrogram 1	1	1413.544664063	1413.549330729	22000.000	38000.000	0.8571
228	Waveform 1	1	1415.707330729	1415.708664063	22000.000	38000.000	1.0000
228	Spectrogram 1	1	1415.707330729	1415.708664063	22000.000	38000.000	1.0000
229	Waveform 1	1	1416.129330729	1416.134664062	22000.000	38000.000	0.3750
229	Spectrogram 1	1	1416.129330729	1416.134664062	22000.000	38000.000	0.3750
230	Waveform 1	1	1416.283330729	1416.287330729	22000.000	38000.000	0.6667
230	Spectrogram 1	1	1416.283330729	1416.287330729	22000.000	38000.000	0.6667
231	Waveform 1	1	1416.657330729	1416.659997396	22000.000	38000.000	0.5000
231	Spectrogram 1	1	1416.657330729	1416.659997396	22000.000	38000.000	0.5000
232	Waveform 1	1	1417.763997396	1417.771330729	22000.000	38000.000	0.3636
232	Spectrogram 1	1	1417.763997396	1417.771330729	22000.000	38000.000	0.3636
233	Waveform 1	1	1418.451997396	1418.455330729	22000.000	38000.000	0.8000
233	Spectrogram 1	1	1418.451997396	1418.455330729	22000.000	38000.000	0.8000
234	Waveform 1	1	1420.121997396	1420.128664062	22000.000	38000.000	0.3000
234	Spectrogram 1	1	1420.121997396	1420.128664062	22000.000	38000.000	0.3000
235	Waveform 1	1	1420.957997396	1420.961997396	22000.000	38000.000	1.0000
235	Spectrogram 1	1	1420.957997396	1420.961997396	22000.000	38000.000	1.0000
236	Waveform 1	1	1423.703997396	1423.707330729	22000.000	38000.000	0.6000
236	Spectrogram 1	1	1423.703997396	1423.707330729	22000.000	38000.000	0.6000
237	Waveform 1	1	1426.340664062	1426.345330729	22000.000	38000.000	0.7143
237	Spectrogram 1	1	1426.340664062	1426.345330729	22000.000	38000.000	0.7143
238	Waveform 1	1	1426.945330729	1426.950664062	22000.000	38000.000	0.5000
238	Spectrogram 1	1	1426.945330729	1426.950664062	22000.000	38000.000	0.5000
239	Waveform 1	1	1427.689997396	1427.710664062	22000.000	38000.000	0.0968
239	Spectrogram 1	1	1427.689997396	1427.710664062	22000.000	38000.000	0.0968
240	Waveform 1	1	1427.837997396	1427.839997396	22000.000	38000.000	1.0000
240	Spectrogram 1	1	1427.837997396	1427.839997396	22000.000	38000.000	1.0000
241	Waveform 1	1	1428.581330729	1428.582664063	22000.000	38000.000	1.0000
241	Spectrogram 1	1	1428.581330729	1428.582664063	22000.000	38000.000	1.0000
242	Waveform 1	1	1429.489330729	1429.505330729	22000.000	38000.000	0.1667
242	Spectrogram 1	1	1429.489330729	1429.505330729	22000.000	38000.000	0.1667
243	Waveform 1	1	1429.781330729	1429.813330729	22000.000	38000.000	0.0833
243	Spectrogram 1	1	1429.781330729	1429.813330729	22000.000	38000.000	0.0833
244	Waveform 1	1	1430.484664062	1430.516664063	22000.000	38000.000	0.2083
244	Spectrogram 1	1	1430.484664062	1430.516664063	22000.000	38000.000	0.2083
245	Waveform 1	1	1431.087330729	1431.091997396	22000.000	38000.000	0.5714
245	Spectrogram 1	1	1431.087330729	1431.091997396	22000.000	38000.000	0.5714
246	Waveform 1	1	1431.687997396	1431.719997396	22000.000	38000.000	0.1042
246	Spectrogram 1	1	1431.687997396	1431.719997396	22000.000	38000.000	0.1042
247	Waveform 1	1	1432.907330729	1432.918664062	22000.000	38000.000	0.1765
247	Spectrogram 1	1	1432.907330729	1432.918664062	22000.000	38000.000	0.1765
248	Waveform 1	1	1434.863997396	1434.869997396	22000.000	38000.000	0.2222
248	Spectrogram 1	1	1434.863997396	1434.869997396	22000.000	38000.000	0.2222
249	Waveform 1	1	1435.025997396	1435.028664062	22000.000	38000.000	0.5000
249	Spectrogram 1	1	1435.025997396	1435.028664062	22000.000	38000.000	0.5000
250	Waveform 1	1	1436.494664062	1436.496664063	22000.000	38000.000	0.6667
250	Spectrogram 1	1	1436.494664062	1436.496664063	22000.000	38000.000	0.6667
251	Waveform 1	1	1437.382664062	1437.383997396	22000.000	38000.000	1.0000
251	Spectrogram 1	1	1437.382664062	1437.383997396	22000.000	38000.000	1.0000
252	Waveform 1	1	1437.835330729	1437.837997396	22000.000	38000.000	0.7500
252	Spectrogram 1	1	1437.835330729	1437.837997396	22000.000	38000.000	0.7500
253	Waveform 1	1	1438.902664062	1438.904664062	22000.000	38000.000	0.6667
253	Spectrogram 1	1	1438.902664062	1438.904664062	22000.000	38000.000	0.6667
254	Waveform 1	1	1439.069997396	1439.071997396	22000.000	38000.000	1.0000
254	Spectrogram 1	1	1439.069997396	1439.071997396	22000.000	38000.000	1.0000
255	Waveform 1	1	1439.701330729	1439.702664062	22000.000	38000.000	1.0000
255	Spectrogram 1	1	1439.701330729	1439.702664062	22000.000	38000.000	1.0000
256	Waveform 1	1	1440.601997396	1440.605330729	22000.000	38000.000	0.4000
256	Spectrogram 1	1	1440.601997396	1440.605330729	22000.000	38000.000	0.4000
257	Waveform 1	1	1442.722664062	1442.725330729	22000.000	38000.000	0.7500
257	Spectrogram 1	1	1442.722664062	1442.725330729	22000.000	38000.000	0.7500
258	Waveform 1	1	1447.690664062	1447.692664062	22000.000	38000.000	0.6667
258	Spectrogram 1	1	1447.690664062	1447.692664062	22000.000	38000.000	0.6667
259	Waveform 1	1	1448.922664062	1448.930664062	22000.000	38000.000	0.2500
259	Spectrogram 1	1	1448.922664062	1448.930664062	22000.000	38000.000	0.2500
260	Waveform 1	1	1451.027997396	1451.035997396	22000.000	38000.000	0.2500
260	Spectrogram 1	1	1451.027997396	1451.035997396	22000.000	38000.000	0.2500
261	Waveform 1	1	1451.717330729	1451.719330729	22000.000	38000.000	0.6667
261	Spectrogram 1	1	1451.717330729	1451.719330729	22000.000	38000.000	0.6667
262	Waveform 1	1	1452.139330729	1452.174664062	22000.000	38000.000	0.2075
262	Spectrogram 1	1	1452.139330729	1452.174664062	22000.000	38000.000	0.2075
263	Waveform 1	1	1452.698664063	1452.700664062	22000.000	38000.000	1.0000
263	Spectrogram 1	1	1452.698664063	1452.700664062	22000.000	38000.000	1.0000
264	Waveform 1	1	1453.554664063	1453.587997396	22000.000	38000.000	0.1200
264	Spectrogram 1	1	1453.554664063	1453.587997396	22000.000	38000.000	0.1200
265	Waveform 1	1	1453.727330729	1453.732664062	22000.000	38000.000	0.2500
265	Spectrogram 1	1	1453.727330729	1453.732664062	22000.000	38000.000	0.2500
266	Waveform 1	1	1454.437330729	1454.459997396	22000.000	38000.000	0.2647
266	Spectrogram 1	1	1454.437330729	1454.459997396	22000.000	38000.000	0.2647
267	Waveform 1	1	1455.163997396	1455.178664063	22000.000	38000.000	0.2727
267	Spectrogram 1	1	1455.163997396	1455.178664063	22000.000	38000.000	0.2727
268	Waveform 1	1	1455.581997396	1455.603997396	22000.000	38000.000	0.2424
268	Spectrogram 1	1	1455.581997396	1455.603997396	22000.000	38000.000	0.2424
269	Waveform 1	1	1456.979330729	1456.983330729	22000.000	38000.000	0.8333
269	Spectrogram 1	1	1456.979330729	1456.983330729	22000.000	38000.000	0.8333
270	Waveform 1	1	1477.451330729	1477.453330729	22000.000	38000.000	1.0000
270	Spectrogram 1	1	1477.451330729	1477.453330729	22000.000	38000.000	1.0000
271	Waveform 1	1	1481.369997396	1481.375997396	22000.000	38000.000	0.2222
271	Spectrogram 1	1	1481.369997396	1481.375997396	22000.000	38000.000	0.2222
272	Waveform 1	1	1481.632664062	1481.648664062	22000.000	38000.000	0.0833
272	Spectrogram 1	1	1481.632664062	1481.648664062	22000.000	38000.000	0.0833
273	Waveform 1	1	1482.262664062	1482.263997396	22000.000	38000.000	1.0000
273	Spectrogram 1	1	1482.262664062	1482.263997396	22000.000	38000.000	1.0000
274	Waveform 1	1	1484.865330729	1484.866664062	22000.000	38000.000	1.0000
274	Spectrogram 1	1	1484.865330729	1484.866664062	22000.000	38000.000	1.0000
275	Waveform 1	1	1485.513330729	1485.514664062	22000.000	38000.000	1.0000
275	Spectrogram 1	1	1485.513330729	1485.514664062	22000.000	38000.000	1.0000
276	Waveform 1	1	1485.676664062	1485.678664063	22000.000	38000.000	0.6667
276	Spectrogram 1	1	1485.676664062	1485.678664063	22000.000	38000.000	0.6667
277	Waveform 1	1	1489.138664062	1489.141997396	22000.000	38000.000	0.4000
277	Spectrogram 1	1	1489.138664062	1489.141997396	22000.000	38000.000	0.4000
278	Waveform 1	1	1521.325997396	1521.336664062	22000.000	38000.000	0.1250
278	Spectrogram 1	1	1521.325997396	1521.336664062	22000.000	38000.000	0.1250
279	Waveform 1	1	1526.828664062	1526.844664062	22000.000	38000.000	0.2917
279	Spectrogram 1	1	1526.828664062	1526.844664062	22000.000	38000.000	0.2917
280	Waveform 1	1	1527.028664062	1527.031330729	22000.000	38000.000	0.5000
280	Spectrogram 1	1	1527.028664062	1527.031330729	22000.000	38000.000	0.5000
281	Waveform 1	1	1527.705330729	1527.709330729	22000.000	38000.000	0.3333
281	Spectrogram 1	1	1527.705330729	1527.709330729	22000.000	38000.000	0.3333
282	Waveform 1	1	1528.536664062	1528.561330729	22000.000	38000.000	0.2162
282	Spectrogram 1	1	1528.536664062	1528.561330729	22000.000	38000.000	0.2162
283	Waveform 1	1	1529.343997396	1529.347330729	22000.000	38000.000	0.4000
283	Spectrogram 1	1	1529.343997396	1529.347330729	22000.000	38000.000	0.4000
284	Waveform 1	1	1530.053997396	1530.061330729	22000.000	38000.000	0.2727
284	Spectrogram 1	1	1530.053997396	1530.061330729	22000.000	38000.000	0.2727
285	Waveform 1	1	1530.321997396	1530.333997396	22000.000	38000.000	0.2222
285	Spectrogram 1	1	1530.321997396	1530.333997396	22000.000	38000.000	0.2222
286	Waveform 1	1	1530.887997396	1530.889330729	22000.000	38000.000	1.0000
286	Spectrogram 1	1	1530.887997396	1530.889330729	22000.000	38000.000	1.0000
287	Waveform 1	1	1535.139997396	1535.141330729	22000.000	38000.000	1.0000
287	Spectrogram 1	1	1535.139997396	1535.141330729	22000.000	38000.000	1.0000
288	Waveform 1	1	1535.453330729	1535.486664063	22000.000	38000.000	0.1400
288	Spectrogram 1	1	1535.453330729	1535.486664063	22000.000	38000.000	0.1400
289	Waveform 1	1	1535.740664062	1535.777997396	22000.000	38000.000	0.1071
289	Spectrogram 1	1	1535.740664062	1535.777997396	22000.000	38000.000	0.1071
290	Waveform 1	1	1538.832664063	1538.857330729	22000.000	38000.000	0.1351
290	Spectrogram 1	1	1538.832664063	1538.857330729	22000.000	38000.000	0.1351
291	Waveform 1	1	1539.567330729	1539.581997396	22000.000	38000.000	0.3182
291	Spectrogram 1	1	1539.567330729	1539.581997396	22000.000	38000.000	0.3182
292	Waveform 1	1	1540.114664062	1540.134664062	22000.000	38000.000	0.1667
292	Spectrogram 1	1	1540.114664062	1540.134664062	22000.000	38000.000	0.1667
293	Waveform 1	1	1540.777997396	1540.781997396	22000.000	38000.000	0.5000
293	Spectrogram 1	1	1540.777997396	1540.781997396	22000.000	38000.000	0.5000
294	Waveform 1	1	1541.343330729	1541.353997396	22000.000	38000.000	0.1250
294	Spectrogram 1	1	1541.343330729	1541.353997396	22000.000	38000.000	0.1250
295	Waveform 1	1	1542.019330729	1542.029997396	22000.000	38000.000	0.2500
295	Spectrogram 1	1	1542.019330729	1542.029997396	22000.000	38000.000	0.2500
296	Waveform 1	1	1542.813330729	1542.819997396	22000.000	38000.000	0.5000
296	Spectrogram 1	1	1542.813330729	1542.819997396	22000.000	38000.000	0.5000
297	Waveform 1	1	1543.492664062	1543.509330729	22000.000	38000.000	0.1200
297	Spectrogram 1	1	1543.492664062	1543.509330729	22000.000	38000.000	0.1200
298	Waveform 1	1	1545.229997396	1545.233330729	22000.000	38000.000	0.4000
298	Spectrogram 1	1	1545.229997396	1545.233330729	22000.000	38000.000	0.4000
299	Waveform 1	1	1574.096664062	1574.098664062	22000.000	38000.000	0.6667
299	Spectrogram 1	1	1574.096664062	1574.098664062	22000.000	38000.000	0.6667
300	Waveform 1	1	1574.469997396	1574.477997396	22000.000	38000.000	0.1667
300	Spectrogram 1	1	1574.469997396	1574.477997396	22000.000	38000.000	0.1667
301	Waveform 1	1	1576.173330729	1576.179997396	22000.000	38000.000	0.2000
301	Spectrogram 1	1	1576.173330729	1576.179997396	22000.000	38000.000	0.2000
302	Waveform 1	1	1581.530664062	1581.531997396	22000.000	38000.000	1.0000
302	Spectrogram 1	1	1581.530664062	1581.531997396	22000.000	38000.000	1.0000
303	Waveform 1	1	1582.180664062	1582.195997396	22000.000	38000.000	0.0870
303	Spectrogram 1	1	1582.180664062	1582.195997396	22000.000	38000.000	0.0870
304	Waveform 1	1	1582.588664062	1582.591330729	22000.000	38000.000	0.5000
304	Spectrogram 1	1	1582.588664062	1582.591330729	22000.000	38000.000	0.5000
305	Waveform 1	1	1582.977330729	1582.997330729	22000.000	38000.000	0.2000
305	Spectrogram 1	1	1582.977330729	1582.997330729	22000.000	38000.000	0.2000
306	Waveform 1	1	1584.121997396	1584.143330729	22000.000	38000.000	0.1875
306	Spectrogram 1	1	1584.121997396	1584.143330729	22000.000	38000.000	0.1875
307	Waveform 1	1	1585.137997396	1585.153997396	22000.000	38000.000	0.3333
307	Spectrogram 1	1	1585.137997396	1585.153997396	22000.000	38000.000	0.3333
308	Waveform 1	1	1585.629997396	1585.639997396	22000.000	38000.000	0.2667
308	Spectrogram 1	1	1585.629997396	1585.639997396	22000.000	38000.000	0.2667
309	Waveform 1	1	1586.378664062	1586.393330729	22000.000	38000.000	0.4091
309	Spectrogram 1	1	1586.378664062	1586.393330729	22000.000	38000.000	0.4091
310	Waveform 1	1	1587.389330729	1587.424664062	22000.000	38000.000	0.1509
310	Spectrogram 1	1	1587.389330729	1587.424664062	22000.000	38000.000	0.1509
311	Waveform 1	1	1587.652664062	1587.672664062	22000.000	38000.000	0.3333
311	Spectrogram 1	1	1587.652664062	1587.672664062	22000.000	38000.000	0.3333
312	Waveform 1	1	1587.920664063	1587.923997396	22000.000	38000.000	0.8000
312	Spectrogram 1	1	1587.920664063	1587.923997396	22000.000	38000.000	0.8000
313	Waveform 1	1	1588.133330729	1588.141997396	22000.000	38000.000	0.4615
313	Spectrogram 1	1	1588.133330729	1588.141997396	22000.000	38000.000	0.4615
314	Waveform 1	1	1588.376664062	1588.398664062	22000.000	38000.000	0.2727
314	Spectrogram 1	1	1588.376664062	1588.398664062	22000.000	38000.000	0.2727
315	Waveform 1	1	1588.629330729	1588.659330729	22000.000	38000.000	0.3111
315	Spectrogram 1	1	1588.629330729	1588.659330729	22000.000	38000.000	0.3111
316	Waveform 1	1	1589.951330729	1589.971330729	22000.000	38000.000	0.5000
316	Spectrogram 1	1	1589.951330729	1589.971330729	22000.000	38000.000	0.5000
317	Waveform 1	1	1590.855330729	1590.877330729	22000.000	38000.000	0.2121
317	Spectrogram 1	1	1590.855330729	1590.877330729	22000.000	38000.000	0.2121
318	Waveform 1	1	1591.117330729	1591.129997396	22000.000	38000.000	0.4737
318	Spectrogram 1	1	1591.117330729	1591.129997396	22000.000	38000.000	0.4737
319	Waveform 1	1	1591.387330729	1591.389997396	22000.000	38000.000	0.5000
319	Spectrogram 1	1	1591.387330729	1591.389997396	22000.000	38000.000	0.5000
320	Waveform 1	1	1591.594664062	1591.603997396	22000.000	38000.000	0.2143
320	Spectrogram 1	1	1591.594664062	1591.603997396	22000.000	38000.000	0.2143
321	Waveform 1	1	1591.804664063	1591.823997396	22000.000	38000.000	0.2414
321	Spectrogram 1	1	1591.804664063	1591.823997396	22000.000	38000.000	0.2414
322	Waveform 1	1	1592.039997396	1592.046664062	22000.000	38000.000	0.2000
322	Spectrogram 1	1	1592.039997396	1592.046664062	22000.000	38000.000	0.2000
323	Waveform 1	1	1592.271997396	1592.291330729	22000.000	38000.000	0.4483
323	Spectrogram 1	1	1592.271997396	1592.291330729	22000.000	38000.000	0.4483
324	Waveform 1	1	1592.444664062	1592.475997396	22000.000	38000.000	0.1702
324	Spectrogram 1	1	1592.444664062	1592.475997396	22000.000	38000.000	0.1702
325	Waveform 1	1	1594.755997396	1594.777997396	22000.000	38000.000	0.1818
325	Spectrogram 1	1	1594.755997396	1594.777997396	22000.000	38000.000	0.1818
326	Waveform 1	1	1595.274664062	1595.305997396	22000.000	38000.000	0.2553
326	Spectrogram 1	1	1595.274664062	1595.305997396	22000.000	38000.000	0.2553
327	Waveform 1	1	1597.152664062	1597.172664062	22000.000	38000.000	0.4667
327	Spectrogram 1	1	1597.152664062	1597.172664062	22000.000	38000.000	0.4667
328	Waveform 1	1	1597.793330729	1597.813997396	22000.000	38000.000	0.1613
328	Spectrogram 1	1	1597.793330729	1597.813997396	22000.000	38000.000	0.1613
329	Waveform 1	1	1598.582664063	1598.593997396	22000.000	38000.000	0.3529
329	Spectrogram 1	1	1598.582664063	1598.593997396	22000.000	38000.000	0.3529
330	Waveform 1	1	1599.113997396	1599.119997396	22000.000	38000.000	0.2222
330	Spectrogram 1	1	1599.113997396	1599.119997396	22000.000	38000.000	0.2222
331	Waveform 1	1	1599.644664062	1599.674664062	22000.000	38000.000	0.1778
331	Spectrogram 1	1	1599.644664062	1599.674664062	22000.000	38000.000	0.1778
332	Waveform 1	1	1600.309997396	1600.318664062	22000.000	38000.000	0.3077
332	Spectrogram 1	1	1600.309997396	1600.318664062	22000.000	38000.000	0.3077
333	Waveform 1	1	1601.091330729	1601.105997396	22000.000	38000.000	0.2273
333	Spectrogram 1	1	1601.091330729	1601.105997396	22000.000	38000.000	0.2273
334	Waveform 1	1	1602.253997396	1602.273330729	22000.000	38000.000	0.2069
334	Spectrogram 1	1	1602.253997396	1602.273330729	22000.000	38000.000	0.2069
335	Waveform 1	1	1602.434664062	1602.441997396	22000.000	38000.000	0.3636
335	Spectrogram 1	1	1602.434664062	1602.441997396	22000.000	38000.000	0.3636
336	Waveform 1	1	1602.649330729	1602.667330729	22000.000	38000.000	0.1111
336	Spectrogram 1	1	1602.649330729	1602.667330729	22000.000	38000.000	0.1111
337	Waveform 1	1	1629.298664062	1629.300664062	22000.000	38000.000	0.6667
337	Spectrogram 1	1	1629.298664062	1629.300664062	22000.000	38000.000	0.6667
338	Waveform 1	1	1650.762664062	1650.763997396	22000.000	38000.000	1.0000
338	Spectrogram 1	1	1650.762664062	1650.763997396	22000.000	38000.000	1.0000
339	Waveform 1	1	1651.033997396	1651.036664062	22000.000	38000.000	0.5000
339	Spectrogram 1	1	1651.033997396	1651.036664062	22000.000	38000.000	0.5000
340	Waveform 1	1	1651.897330729	1651.904664062	22000.000	38000.000	0.1818
340	Spectrogram 1	1	1651.897330729	1651.904664062	22000.000	38000.000	0.1818
341	Waveform 1	1	1653.201330729	1653.205997396	22000.000	38000.000	0.2857
341	Spectrogram 1	1	1653.201330729	1653.205997396	22000.000	38000.000	0.2857
342	Waveform 1	1	1657.173330729	1657.175997396	22000.000	38000.000	0.5000
342	Spectrogram 1	1	1657.173330729	1657.175997396	22000.000	38000.000	0.5000
343	Waveform 1	1	1664.273330729	1664.279330729	22000.000	38000.000	0.3333
343	Spectrogram 1	1	1664.273330729	1664.279330729	22000.000	38000.000	0.3333
344	Waveform 1	1	1664.838664062	1664.849330729	22000.000	38000.000	0.3125
344	Spectrogram 1	1	1664.838664062	1664.849330729	22000.000	38000.000	0.3125
345	Waveform 1	1	1674.687330729	1674.689997396	22000.000	38000.000	0.5000
345	Spectrogram 1	1	1674.687330729	1674.689997396	22000.000	38000.000	0.5000
346	Waveform 1	1	1675.251997396	1675.254664062	22000.000	38000.000	0.5000
346	Spectrogram 1	1	1675.251997396	1675.254664062	22000.000	38000.000	0.5000
347	Waveform 1	1	1675.396664062	1675.399330729	22000.000	38000.000	0.5000
347	Spectrogram 1	1	1675.396664062	1675.399330729	22000.000	38000.000	0.5000
348	Waveform 1	1	1675.535997396	1675.545330729	22000.000	38000.000	0.2143
348	Spectrogram 1	1	1675.535997396	1675.545330729	22000.000	38000.000	0.2143
349	Waveform 1	1	1675.835997396	1675.840664062	22000.000	38000.000	0.5714
349	Spectrogram 1	1	1675.835997396	1675.840664062	22000.000	38000.000	0.5714
350	Waveform 1	1	1676.121997396	1676.134664062	22000.000	38000.000	0.4737
350	Spectrogram 1	1	1676.121997396	1676.134664062	22000.000	38000.000	0.4737
351	Waveform 1	1	1676.294664063	1676.299330729	22000.000	38000.000	0.8571
351	Spectrogram 1	1	1676.294664063	1676.299330729	22000.000	38000.000	0.8571
352	Waveform 1	1	1676.565997396	1676.573997396	22000.000	38000.000	0.3333
352	Spectrogram 1	1	1676.565997396	1676.573997396	22000.000	38000.000	0.3333
353	Waveform 1	1	1677.264664062	1677.282664062	22000.000	38000.000	0.2593
353	Spectrogram 1	1	1677.264664062	1677.282664062	22000.000	38000.000	0.2593
354	Waveform 1	1	1677.561330729	1677.579997396	22000.000	38000.000	0.1786
354	Spectrogram 1	1	1677.561330729	1677.579997396	22000.000	38000.000	0.1786
355	Waveform 1	1	1677.840664062	1677.859330729	22000.000	38000.000	0.5000
355	Spectrogram 1	1	1677.840664062	1677.859330729	22000.000	38000.000	0.5000
356	Waveform 1	1	1678.129330729	1678.147330729	22000.000	38000.000	0.3333
356	Spectrogram 1	1	1678.129330729	1678.147330729	22000.000	38000.000	0.3333
357	Waveform 1	1	1678.263997396	1678.277997396	22000.000	38000.000	0.4762
357	Spectrogram 1	1	1678.263997396	1678.277997396	22000.000	38000.000	0.4762
358	Waveform 1	1	1678.544664063	1678.559997396	22000.000	38000.000	0.4783
358	Spectrogram 1	1	1678.544664063	1678.559997396	22000.000	38000.000	0.4783
359	Waveform 1	1	1678.700664062	1678.722664062	22000.000	38000.000	0.4848
359	Spectrogram 1	1	1678.700664062	1678.722664062	22000.000	38000.000	0.4848
360	Waveform 1	1	1678.975330729	1678.983997396	22000.000	38000.000	0.8462
360	Spectrogram 1	1	1678.975330729	1678.983997396	22000.000	38000.000	0.8462
361	Waveform 1	1	1679.242664062	1679.275997396	22000.000	38000.000	0.4200
361	Spectrogram 1	1	1679.242664062	1679.275997396	22000.000	38000.000	0.4200
362	Waveform 1	1	1679.520664062	1679.529330729	22000.000	38000.000	0.2308
362	Spectrogram 1	1	1679.520664062	1679.529330729	22000.000	38000.000	0.2308
363	Waveform 1	1	1679.801330729	1679.836664062	22000.000	38000.000	0.3019
363	Spectrogram 1	1	1679.801330729	1679.836664062	22000.000	38000.000	0.3019
364	Waveform 1	1	1680.083330729	1680.099997396	22000.000	38000.000	0.2000
364	Spectrogram 1	1	1680.083330729	1680.099997396	22000.000	38000.000	0.2000
365	Waveform 1	1	1680.344664062	1680.363330729	22000.000	38000.000	0.3929
365	Spectrogram 1	1	1680.344664062	1680.363330729	22000.000	38000.000	0.3929
366	Waveform 1	1	1680.617997396	1680.653997396	22000.000	38000.000	0.2593
366	Spectrogram 1	1	1680.617997396	1680.653997396	22000.000	38000.000	0.2593
367	Waveform 1	1	1680.887330729	1680.907330729	22000.000	38000.000	0.3000
367	Spectrogram 1	1	1680.887330729	1680.907330729	22000.000	38000.000	0.3000
368	Waveform 1	1	1681.171997396	1681.187997396	22000.000	38000.000	0.4167
368	Spectrogram 1	1	1681.171997396	1681.187997396	22000.000	38000.000	0.4167
369	Waveform 1	1	1681.437997396	1681.443330729	22000.000	38000.000	0.5000
369	Spectrogram 1	1	1681.437997396	1681.443330729	22000.000	38000.000	0.5000
370	Waveform 1	1	1681.577330729	1681.588664062	22000.000	38000.000	0.4118
370	Spectrogram 1	1	1681.577330729	1681.588664062	22000.000	38000.000	0.4118
371	Waveform 1	1	1681.863997396	1681.873997396	22000.000	38000.000	0.3333
371	Spectrogram 1	1	1681.863997396	1681.873997396	22000.000	38000.000	0.3333
372	Waveform 1	1	1682.016664063	1682.023997396	22000.000	38000.000	0.5455
372	Spectrogram 1	1	1682.016664063	1682.023997396	22000.000	38000.000	0.5455
373	Waveform 1	1	1682.155997396	1682.181330729	22000.000	38000.000	0.2368
373	Spectrogram 1	1	1682.155997396	1682.181330729	22000.000	38000.000	0.2368
374	Waveform 1	1	1682.425330729	1682.440664062	22000.000	38000.000	0.3478
374	Spectrogram 1	1	1682.425330729	1682.440664062	22000.000	38000.000	0.3478
375	Waveform 1	1	1682.691330729	1682.737997396	22000.000	38000.000	0.2571
375	Spectrogram 1	1	1682.691330729	1682.737997396	22000.000	38000.000	0.2571
376	Waveform 1	1	1682.980664062	1682.992664062	22000.000	38000.000	0.1111
376	Spectrogram 1	1	1682.980664062	1682.992664062	22000.000	38000.000	0.1111
377	Waveform 1	1	1683.237330729	1683.277330729	22000.000	38000.000	0.1667
377	Spectrogram 1	1	1683.237330729	1683.277330729	22000.000	38000.000	0.1667
378	Waveform 1	1	1683.383330729	1683.411997396	22000.000	38000.000	0.3488
378	Spectrogram 1	1	1683.383330729	1683.411997396	22000.000	38000.000	0.3488
379	Waveform 1	1	1683.535330729	1683.544664063	22000.000	38000.000	0.3571
379	Spectrogram 1	1	1683.535330729	1683.544664063	22000.000	38000.000	0.3571
380	Waveform 1	1	1683.793997396	1683.836664062	22000.000	38000.000	0.3281
380	Spectrogram 1	1	1683.793997396	1683.836664062	22000.000	38000.000	0.3281
381	Waveform 1	1	1684.077997396	1684.089330729	22000.000	38000.000	0.4118
381	Spectrogram 1	1	1684.077997396	1684.089330729	22000.000	38000.000	0.4118
382	Waveform 1	1	1684.355330729	1684.374664062	22000.000	38000.000	0.6552
382	Spectrogram 1	1	1684.355330729	1684.374664062	22000.000	38000.000	0.6552
383	Waveform 1	1	1684.592664063	1684.605330729	22000.000	38000.000	0.4211
383	Spectrogram 1	1	1684.592664063	1684.605330729	22000.000	38000.000	0.4211
384	Waveform 1	1	1684.861330729	1684.903330729	22000.000	38000.000	0.2857
384	Spectrogram 1	1	1684.861330729	1684.903330729	22000.000	38000.000	0.2857
385	Waveform 1	1	1685.020664062	1685.027330729	22000.000	38000.000	0.2000
385	Spectrogram 1	1	1685.020664062	1685.027330729	22000.000	38000.000	0.2000
386	Waveform 1	1	1685.173997396	1685.184664062	22000.000	38000.000	0.1875
386	Spectrogram 1	1	1685.173997396	1685.184664062	22000.000	38000.000	0.1875
387	Waveform 1	1	1685.433997396	1685.485997396	22000.000	38000.000	0.2949
387	Spectrogram 1	1	1685.433997396	1685.485997396	22000.000	38000.000	0.2949
388	Waveform 1	1	1685.587330729	1685.663330729	22000.000	38000.000	0.1930
388	Spectrogram 1	1	1685.587330729	1685.663330729	22000.000	38000.000	0.1930
389	Waveform 1	1	1686.148664062	1686.186664062	22000.000	38000.000	0.3333
389	Spectrogram 1	1	1686.148664062	1686.186664062	22000.000	38000.000	0.3333
390	Waveform 1	1	1686.293330729	1686.308664062	22000.000	38000.000	0.7391
390	Spectrogram 1	1	1686.293330729	1686.308664062	22000.000	38000.000	0.7391
391	Waveform 1	1	1687.896664062	1687.945997396	22000.000	38000.000	0.2027
391	Spectrogram 1	1	1687.896664062	1687.945997396	22000.000	38000.000	0.2027
392	Waveform 1	1	1688.041997396	1688.043997396	22000.000	38000.000	0.6667
392	Spectrogram 1	1	1688.041997396	1688.043997396	22000.000	38000.000	0.6667
393	Waveform 1	1	1688.155330729	1688.194664062	22000.000	38000.000	0.2034
393	Spectrogram 1	1	1688.155330729	1688.194664062	22000.000	38000.000	0.2034
394	Waveform 1	1	1688.277997396	1688.283997396	22000.000	38000.000	0.2222
394	Spectrogram 1	1	1688.277997396	1688.283997396	22000.000	38000.000	0.2222
395	Waveform 1	1	1689.566664062	1689.602664063	22000.000	38000.000	0.2037
395	Spectrogram 1	1	1689.566664062	1689.602664063	22000.000	38000.000	0.2037
396	Waveform 1	1	1689.699997396	1689.727997396	22000.000	38000.000	0.2619
396	Spectrogram 1	1	1689.699997396	1689.727997396	22000.000	38000.000	0.2619
397	Waveform 1	1	1689.843330729	1689.853997396	22000.000	38000.000	0.5625
397	Spectrogram 1	1	1689.843330729	1689.853997396	22000.000	38000.000	0.5625
398	Waveform 1	1	1689.978664063	1689.993997396	22000.000	38000.000	0.6522
398	Spectrogram 1	1	1689.978664063	1689.993997396	22000.000	38000.000	0.6522
399	Waveform 1	1	1690.117997396	1690.172664062	22000.000	38000.000	0.4024
399	Spectrogram 1	1	1690.117997396	1690.172664062	22000.000	38000.000	0.4024
400	Waveform 1	1	1690.259330729	1690.289997396	22000.000	38000.000	0.2391
400	Spectrogram 1	1	1690.259330729	1690.289997396	22000.000	38000.000	0.2391
401	Waveform 1	1	1690.419997396	1690.476664063	22000.000	38000.000	0.1059
401	Spectrogram 1	1	1690.419997396	1690.476664063	22000.000	38000.000	0.1059
402	Waveform 1	1	1690.569997396	1690.600664062	22000.000	38000.000	0.1957
402	Spectrogram 1	1	1690.569997396	1690.600664062	22000.000	38000.000	0.1957
403	Waveform 1	1	1690.849997396	1690.865330729	22000.000	38000.000	0.3913
403	Spectrogram 1	1	1690.849997396	1690.865330729	22000.000	38000.000	0.3913
404	Waveform 1	1	1691.120664062	1691.155997396	22000.000	38000.000	0.3585
404	Spectrogram 1	1	1691.120664062	1691.155997396	22000.000	38000.000	0.3585
405	Waveform 1	1	1691.278664062	1691.307997396	22000.000	38000.000	0.3409
405	Spectrogram 1	1	1691.278664062	1691.307997396	22000.000	38000.000	0.3409
406	Waveform 1	1	1691.562664062	1691.583997396	22000.000	38000.000	0.1875
406	Spectrogram 1	1	1691.562664062	1691.583997396	22000.000	38000.000	0.1875
407	Waveform 1	1	1691.699997396	1691.720664062	22000.000	38000.000	0.3548
407	Spectrogram 1	1	1691.699997396	1691.720664062	22000.000	38000.000	0.3548
408	Waveform 1	1	1691.856664062	1691.863997396	22000.000	38000.000	0.1818
408	Spectrogram 1	1	1691.856664062	1691.863997396	22000.000	38000.000	0.1818
409	Waveform 1	1	1692.107330729	1692.112664063	22000.000	38000.000	0.2500
409	Spectrogram 1	1	1692.107330729	1692.112664063	22000.000	38000.000	0.2500
410	Waveform 1	1	1692.247997396	1692.270664062	22000.000	38000.000	0.4118
410	Spectrogram 1	1	1692.247997396	1692.270664062	22000.000	38000.000	0.4118
411	Waveform 1	1	1692.525997396	1692.537997396	22000.000	38000.000	0.2778
411	Spectrogram 1	1	1692.525997396	1692.537997396	22000.000	38000.000	0.2778
412	Waveform 1	1	1692.795330729	1692.859330729	22000.000	38000.000	0.4792
412	Spectrogram 1	1	1692.795330729	1692.859330729	22000.000	38000.000	0.4792
413	Waveform 1	1	1692.938664063	1692.971330729	22000.000	38000.000	0.3469
413	Spectrogram 1	1	1692.938664063	1692.971330729	22000.000	38000.000	0.3469
414	Waveform 1	1	1693.079997396	1693.117330729	22000.000	38000.000	0.4821
414	Spectrogram 1	1	1693.079997396	1693.117330729	22000.000	38000.000	0.4821
415	Waveform 1	1	1693.228664063	1693.253330729	22000.000	38000.000	0.2703
415	Spectrogram 1	1	1693.228664063	1693.253330729	22000.000	38000.000	0.2703
416	Waveform 1	1	1693.412664062	1693.426664062	22000.000	38000.000	0.4286
416	Spectrogram 1	1	1693.412664062	1693.426664062	22000.000	38000.000	0.4286
417	Waveform 1	1	1693.563997396	1693.577997396	22000.000	38000.000	0.3333
417	Spectrogram 1	1	1693.563997396	1693.577997396	22000.000	38000.000	0.3333
418	Waveform 1	1	1693.823330729	1693.873330729	22000.000	38000.000	0.2533
418	Spectrogram 1	1	1693.823330729	1693.873330729	22000.000	38000.000	0.2533
419	Waveform 1	1	1694.098664062	1694.129330729	22000.000	38000.000	0.2609
419	Spectrogram 1	1	1694.098664062	1694.129330729	22000.000	38000.000	0.2609
420	Waveform 1	1	1694.377997396	1694.394664062	22000.000	38000.000	0.1600
420	Spectrogram 1	1	1694.377997396	1694.394664062	22000.000	38000.000	0.1600
421	Waveform 1	1	1694.539330729	1694.546664062	22000.000	38000.000	0.1818
421	Spectrogram 1	1	1694.539330729	1694.546664062	22000.000	38000.000	0.1818
422	Waveform 1	1	1694.677330729	1694.703997396	22000.000	38000.000	0.3500
422	Spectrogram 1	1	1694.677330729	1694.703997396	22000.000	38000.000	0.3500
423	Waveform 1	1	1695.344664062	1695.350664062	22000.000	38000.000	0.3333
423	Spectrogram 1	1	1695.344664062	1695.350664062	22000.000	38000.000	0.3333
424	Waveform 1	1	1695.905330729	1695.930664062	22000.000	38000.000	0.3421
424	Spectrogram 1	1	1695.905330729	1695.930664062	22000.000	38000.000	0.3421
425	Waveform 1	1	1696.179997396	1696.192664062	22000.000	38000.000	0.3158
425	Spectrogram 1	1	1696.179997396	1696.192664062	22000.000	38000.000	0.3158
426	Waveform 1	1	1696.455997396	1696.459330729	22000.000	38000.000	0.4000
426	Spectrogram 1	1	1696.455997396	1696.459330729	22000.000	38000.000	0.4000
427	Waveform 1	1	1696.751997396	1696.765330729	22000.000	38000.000	0.1500
427	Spectrogram 1	1	1696.751997396	1696.765330729	22000.000	38000.000	0.1500
428	Waveform 1	1	1697.315997396	1697.329997396	22000.000	38000.000	0.3333
428	Spectrogram 1	1	1697.315997396	1697.329997396	22000.000	38000.000	0.3333
429	Waveform 1	1	1697.649997396	1697.667330729	22000.000	38000.000	0.0769
429	Spectrogram 1	1	1697.649997396	1697.667330729	22000.000	38000.000	0.0769
430	Waveform 1	1	1698.067330729	1698.073330729	22000.000	38000.000	0.2222
430	Spectrogram 1	1	1698.067330729	1698.073330729	22000.000	38000.000	0.2222
431	Waveform 1	1	1699.376664062	1699.383330729	22000.000	38000.000	0.2000
431	Spectrogram 1	1	1699.376664062	1699.383330729	22000.000	38000.000	0.2000
432	Waveform 1	1	1712.589997396	1712.603330729	22000.000	38000.000	0.1500
432	Spectrogram 1	1	1712.589997396	1712.603330729	22000.000	38000.000	0.1500
433	Waveform 1	1	1712.973330729	1712.974664062	22000.000	38000.000	1.0000
433	Spectrogram 1	1	1712.973330729	1712.974664062	22000.000	38000.000	1.0000
434	Waveform 1	1	1713.351330729	1713.356664062	22000.000	38000.000	0.5000
434	Spectrogram 1	1	1713.351330729	1713.356664062	22000.000	38000.000	0.5000
435	Waveform 1	1	1713.873330729	1713.883330729	22000.000	38000.000	0.2667
435	Spectrogram 1	1	1713.873330729	1713.883330729	22000.000	38000.000	0.2667
436	Waveform 1	1	1714.644664062	1714.653997396	22000.000	38000.000	0.5714
436	Spectrogram 1	1	1714.644664062	1714.653997396	22000.000	38000.000	0.5714
437	Waveform 1	1	1715.010664062	1715.037997396	22000.000	38000.000	0.1951
437	Spectrogram 1	1	1715.010664062	1715.037997396	22000.000	38000.000	0.1951
438	Waveform 1	1	1715.242664062	1715.299997396	22000.000	38000.000	0.1395
438	Spectrogram 1	1	1715.242664062	1715.299997396	22000.000	38000.000	0.1395
439	Waveform 1	1	1715.414664062	1715.429330729	22000.000	38000.000	0.3182
439	Spectrogram 1	1	1715.414664062	1715.429330729	22000.000	38000.000	0.3182
440	Waveform 1	1	1715.662664062	1715.665997396	22000.000	38000.000	0.6000
440	Spectrogram 1	1	1715.662664062	1715.665997396	22000.000	38000.000	0.6000
441	Waveform 1	1	1715.925330729	1715.947997396	22000.000	38000.000	0.3235
441	Spectrogram 1	1	1715.925330729	1715.947997396	22000.000	38000.000	0.3235
442	Waveform 1	1	1716.309330729	1716.331997396	22000.000	38000.000	0.5000
442	Spectrogram 1	1	1716.309330729	1716.331997396	22000.000	38000.000	0.5000
443	Waveform 1	1	1716.568664062	1716.588664062	22000.000	38000.000	0.5667
443	Spectrogram 1	1	1716.568664062	1716.588664062	22000.000	38000.000	0.5667
444	Waveform 1	1	1716.825330729	1716.830664062	22000.000	38000.000	0.5000
444	Spectrogram 1	1	1716.825330729	1716.830664062	22000.000	38000.000	0.5000
445	Waveform 1	1	1717.069997396	1717.107997396	22000.000	38000.000	0.1930
445	Spectrogram 1	1	1717.069997396	1717.107997396	22000.000	38000.000	0.1930
446	Waveform 1	1	1717.226664063	1717.257330729	22000.000	38000.000	0.1304
446	Spectrogram 1	1	1717.226664063	1717.257330729	22000.000	38000.000	0.1304
447	Waveform 1	1	1717.488664062	1717.507997396	22000.000	38000.000	0.2759
447	Spectrogram 1	1	1717.488664062	1717.507997396	22000.000	38000.000	0.2759
448	Waveform 1	1	1717.741330729	1717.772664062	22000.000	38000.000	0.3191
448	Spectrogram 1	1	1717.741330729	1717.772664062	22000.000	38000.000	0.3191
449	Waveform 1	1	1718.011330729	1718.020664062	22000.000	38000.000	0.2143
449	Spectrogram 1	1	1718.011330729	1718.020664062	22000.000	38000.000	0.2143
450	Waveform 1	1	1718.269330729	1718.300664062	22000.000	38000.000	0.2766
450	Spectrogram 1	1	1718.269330729	1718.300664062	22000.000	38000.000	0.2766
451	Waveform 1	1	1718.531997396	1718.570664062	22000.000	38000.000	0.3276
451	Spectrogram 1	1	1718.531997396	1718.570664062	22000.000	38000.000	0.3276
452	Waveform 1	1	1719.179330729	1719.206664062	22000.000	38000.000	0.1220
452	Spectrogram 1	1	1719.179330729	1719.206664062	22000.000	38000.000	0.1220
453	Waveform 1	1	1719.435997396	1719.467330729	22000.000	38000.000	0.2128
453	Spectrogram 1	1	1719.435997396	1719.467330729	22000.000	38000.000	0.2128
454	Waveform 1	1	1719.947330729	1719.974664062	22000.000	38000.000	0.4146
454	Spectrogram 1	1	1719.947330729	1719.974664062	22000.000	38000.000	0.4146
455	Waveform 1	1	1720.340664062	1720.345997396	22000.000	38000.000	0.2500
455	Spectrogram 1	1	1720.340664062	1720.345997396	22000.000	38000.000	0.2500
456	Waveform 1	1	1720.587330729	1720.607330729	22000.000	38000.000	0.5333
456	Spectrogram 1	1	1720.587330729	1720.607330729	22000.000	38000.000	0.5333
457	Waveform 1	1	1720.705997396	1720.743330729	22000.000	38000.000	0.3036
457	Spectrogram 1	1	1720.705997396	1720.743330729	22000.000	38000.000	0.3036
458	Waveform 1	1	1721.260664062	1721.291330729	22000.000	38000.000	0.2391
458	Spectrogram 1	1	1721.260664062	1721.291330729	22000.000	38000.000	0.2391
459	Waveform 1	1	1721.791997396	1721.827330729	22000.000	38000.000	0.3208
459	Spectrogram 1	1	1721.791997396	1721.827330729	22000.000	38000.000	0.3208
460	Waveform 1	1	1722.656664062	1722.697330729	22000.000	38000.000	0.1803
460	Spectrogram 1	1	1722.656664062	1722.697330729	22000.000	38000.000	0.1803
461	Waveform 1	1	1722.924664062	1722.941330729	22000.000	38000.000	0.3200
461	Spectrogram 1	1	1722.924664062	1722.941330729	22000.000	38000.000	0.3200
462	Waveform 1	1	1723.963330729	1723.999997396	22000.000	38000.000	0.2545
462	Spectrogram 1	1	1723.963330729	1723.999997396	22000.000	38000.000	0.2545
463	Waveform 1	1	1724.445997396	1724.468664063	22000.000	38000.000	0.4118
463	Spectrogram 1	1	1724.445997396	1724.468664063	22000.000	38000.000	0.4118
464	Waveform 1	1	1724.941330729	1724.956664062	22000.000	38000.000	0.3913
464	Spectrogram 1	1	1724.941330729	1724.956664062	22000.000	38000.000	0.3913
465	Waveform 1	1	1725.213330729	1725.236664063	22000.000	38000.000	0.3143
465	Spectrogram 1	1	1725.213330729	1725.236664063	22000.000	38000.000	0.3143
466	Waveform 1	1	1725.726664063	1725.776664063	22000.000	38000.000	0.2133
466	Spectrogram 1	1	1725.726664063	1725.776664063	22000.000	38000.000	0.2133
467	Waveform 1	1	1726.002664062	1726.011330729	22000.000	38000.000	0.1538
467	Spectrogram 1	1	1726.002664062	1726.011330729	22000.000	38000.000	0.1538
468	Waveform 1	1	1726.383330729	1726.405330729	22000.000	38000.000	0.2727
468	Spectrogram 1	1	1726.383330729	1726.405330729	22000.000	38000.000	0.2727
469	Waveform 1	1	1726.773997396	1726.801330729	22000.000	38000.000	0.4146
469	Spectrogram 1	1	1726.773997396	1726.801330729	22000.000	38000.000	0.4146
470	Waveform 1	1	1727.567330729	1727.595997396	22000.000	38000.000	0.1860
470	Spectrogram 1	1	1727.567330729	1727.595997396	22000.000	38000.000	0.1860
471	Waveform 1	1	1727.833997396	1727.839997396	22000.000	38000.000	0.2222
471	Spectrogram 1	1	1727.833997396	1727.839997396	22000.000	38000.000	0.2222
472	Waveform 1	1	1728.245997396	1728.270664062	22000.000	38000.000	0.1622
472	Spectrogram 1	1	1728.245997396	1728.270664062	22000.000	38000.000	0.1622
473	Waveform 1	1	1728.769997396	1728.785330729	22000.000	38000.000	0.3913
473	Spectrogram 1	1	1728.769997396	1728.785330729	22000.000	38000.000	0.3913
474	Waveform 1	1	1728.975997396	1728.983330729	22000.000	38000.000	0.1818
474	Spectrogram 1	1	1728.975997396	1728.983330729	22000.000	38000.000	0.1818
475	Waveform 1	1	1729.312664062	1729.334664062	22000.000	38000.000	0.1818
475	Spectrogram 1	1	1729.312664062	1729.334664062	22000.000	38000.000	0.1818
476	Waveform 1	1	1729.535330729	1729.541997396	22000.000	38000.000	0.3000
476	Spectrogram 1	1	1729.535330729	1729.541997396	22000.000	38000.000	0.3000
477	Waveform 1	1	1729.846664062	1729.850664062	22000.000	38000.000	0.5000
477	Spectrogram 1	1	1729.846664062	1729.850664062	22000.000	38000.000	0.5000
478	Waveform 1	1	1730.371330729	1730.385330729	22000.000	38000.000	0.2381
478	Spectrogram 1	1	1730.371330729	1730.385330729	22000.000	38000.000	0.2381
479	Waveform 1	1	1731.181330729	1731.186664062	22000.000	38000.000	0.3750
479	Spectrogram 1	1	1731.181330729	1731.186664062	22000.000	38000.000	0.3750
480	Waveform 1	1	1733.695330729	1733.708664063	22000.000	38000.000	0.1500
480	Spectrogram 1	1	1733.695330729	1733.708664063	22000.000	38000.000	0.1500
481	Waveform 1	1	1746.175330729	1746.189330729	22000.000	38000.000	0.2857
481	Spectrogram 1	1	1746.175330729	1746.189330729	22000.000	38000.000	0.2857
482	Waveform 1	1	1746.871330729	1746.879997396	22000.000	38000.000	0.5385
482	Spectrogram 1	1	1746.871330729	1746.879997396	22000.000	38000.000	0.5385
483	Waveform 1	1	1748.285997396	1748.287997396	22000.000	38000.000	0.6667
483	Spectrogram 1	1	1748.285997396	1748.287997396	22000.000	38000.000	0.6667
484	Waveform 1	1	1748.976664063	1748.986664063	22000.000	38000.000	0.2667
484	Spectrogram 1	1	1748.976664063	1748.986664063	22000.000	38000.000	0.2667
485	Waveform 1	1	1749.791997396	1749.795330729	22000.000	38000.000	0.4000
485	Spectrogram 1	1	1749.791997396	1749.795330729	22000.000	38000.000	0.4000
486	Waveform 1	1	1750.481997396	1750.492664062	22000.000	38000.000	0.2500
486	Spectrogram 1	1	1750.481997396	1750.492664062	22000.000	38000.000	0.2500
487	Waveform 1	1	1753.155997396	1753.163330729	22000.000	38000.000	0.3636
487	Spectrogram 1	1	1753.155997396	1753.163330729	22000.000	38000.000	0.3636
488	Waveform 1	1	1753.711997396	1753.717997396	22000.000	38000.000	0.3333
488	Spectrogram 1	1	1753.711997396	1753.717997396	22000.000	38000.000	0.3333
489	Waveform 1	1	1756.161997396	1756.170664063	22000.000	38000.000	0.2308
489	Spectrogram 1	1	1756.161997396	1756.170664063	22000.000	38000.000	0.2308
490	Waveform 1	1	1756.862664063	1756.868664062	22000.000	38000.000	0.2222
490	Spectrogram 1	1	1756.862664063	1756.868664062	22000.000	38000.000	0.2222
491	Waveform 1	1	1759.255330729	1759.269330729	22000.000	38000.000	0.6190
491	Spectrogram 1	1	1759.255330729	1759.269330729	22000.000	38000.000	0.6190
492	Waveform 1	1	1759.977997396	1759.986664063	22000.000	38000.000	0.3077
492	Spectrogram 1	1	1759.977997396	1759.986664063	22000.000	38000.000	0.3077
493	Waveform 1	1	1760.417997396	1760.424664062	22000.000	38000.000	0.3000
493	Spectrogram 1	1	1760.417997396	1760.424664062	22000.000	38000.000	0.3000
494	Waveform 1	1	1760.837330729	1760.859997396	22000.000	38000.000	0.2353
494	Spectrogram 1	1	1760.837330729	1760.859997396	22000.000	38000.000	0.2353
495	Waveform 1	1	1761.019997396	1761.037330729	22000.000	38000.000	0.4615
495	Spectrogram 1	1	1761.019997396	1761.037330729	22000.000	38000.000	0.4615
496	Waveform 1	1	1761.213997396	1761.243997396	22000.000	38000.000	0.1778
496	Spectrogram 1	1	1761.213997396	1761.243997396	22000.000	38000.000	0.1778
497	Waveform 1	1	1761.792664062	1761.815997396	22000.000	38000.000	0.1429
497	Spectrogram 1	1	1761.792664062	1761.815997396	22000.000	38000.000	0.1429
498	Waveform 1	1	1762.512664062	1762.515330729	22000.000	38000.000	0.5000
498	Spectrogram 1	1	1762.512664062	1762.515330729	22000.000	38000.000	0.5000
499	Waveform 1	1	1763.113330729	1763.129330729	22000.000	38000.000	0.1250
499	Spectrogram 1	1	1763.113330729	1763.129330729	22000.000	38000.000	0.1250
500	Waveform 1	1	1764.297997396	1764.305997396	22000.000	38000.000	0.1667
500	Spectrogram 1	1	1764.297997396	1764.305997396	22000.000	38000.000	0.1667
501	Waveform 1	1	1765.042664062	1765.071330729	22000.000	38000.000	0.0930
501	Spectrogram 1	1	1765.042664062	1765.071330729	22000.000	38000.000	0.0930
502	Waveform 1	1	1765.775997396	1765.797997396	22000.000	38000.000	0.0909
502	Spectrogram 1	1	1765.775997396	1765.797997396	22000.000	38000.000	0.0909
503	Waveform 1	1	1766.489997396	1766.515330729	22000.000	38000.000	0.2368
503	Spectrogram 1	1	1766.489997396	1766.515330729	22000.000	38000.000	0.2368
504	Waveform 1	1	1766.779330729	1766.803997396	22000.000	38000.000	0.1351
504	Spectrogram 1	1	1766.779330729	1766.803997396	22000.000	38000.000	0.1351
505	Waveform 1	1	1767.818664062	1767.819997396	22000.000	38000.000	1.0000
505	Spectrogram 1	1	1767.818664062	1767.819997396	22000.000	38000.000	1.0000
506	Waveform 1	1	1768.433330729	1768.459997396	22000.000	38000.000	0.2500
506	Spectrogram 1	1	1768.433330729	1768.459997396	22000.000	38000.000	0.2500
507	Waveform 1	1	1769.013330729	1769.032664062	22000.000	38000.000	0.2069
507	Spectrogram 1	1	1769.013330729	1769.032664062	22000.000	38000.000	0.2069
508	Waveform 1	1	1770.557997396	1770.580664062	22000.000	38000.000	0.2353
508	Spectrogram 1	1	1770.557997396	1770.580664062	22000.000	38000.000	0.2353
509	Waveform 1	1	1771.110664062	1771.123997396	22000.000	38000.000	0.1500
509	Spectrogram 1	1	1771.110664062	1771.123997396	22000.000	38000.000	0.1500
510	Waveform 1	1	1771.699330729	1771.700664062	22000.000	38000.000	1.0000
510	Spectrogram 1	1	1771.699330729	1771.700664062	22000.000	38000.000	1.0000
511	Waveform 1	1	1772.252664062	1772.266664063	22000.000	38000.000	0.3333
511	Spectrogram 1	1	1772.252664062	1772.266664063	22000.000	38000.000	0.3333
512	Waveform 1	1	1772.431330729	1772.437330729	22000.000	38000.000	0.2222
512	Spectrogram 1	1	1772.431330729	1772.437330729	22000.000	38000.000	0.2222
513	Waveform 1	1	1775.311997396	1775.333330729	22000.000	38000.000	0.3750
513	Spectrogram 1	1	1775.311997396	1775.333330729	22000.000	38000.000	0.3750
514	Waveform 1	1	1775.842664063	1775.853997396	22000.000	38000.000	0.5294
514	Spectrogram 1	1	1775.842664063	1775.853997396	22000.000	38000.000	0.5294
515	Waveform 1	1	1776.348664062	1776.371997396	22000.000	38000.000	0.2571
515	Spectrogram 1	1	1776.348664062	1776.371997396	22000.000	38000.000	0.2571
516	Waveform 1	1	1776.752664062	1776.767330729	22000.000	38000.000	0.3182
516	Spectrogram 1	1	1776.752664062	1776.767330729	22000.000	38000.000	0.3182
517	Waveform 1	1	1777.027330729	1777.056664062	22000.000	38000.000	0.2045
517	Spectrogram 1	1	1777.027330729	1777.056664062	22000.000	38000.000	0.2045
518	Waveform 1	1	1777.319997396	1777.325330729	22000.000	38000.000	0.3750
518	Spectrogram 1	1	1777.319997396	1777.325330729	22000.000	38000.000	0.3750
519	Waveform 1	1	1777.580664062	1777.607997396	22000.000	38000.000	0.3659
519	Spectrogram 1	1	1777.580664062	1777.607997396	22000.000	38000.000	0.3659
520	Waveform 1	1	1777.858664062	1777.887330729	22000.000	38000.000	0.2093
520	Spectrogram 1	1	1777.858664062	1777.887330729	22000.000	38000.000	0.2093
521	Waveform 1	1	1778.117997396	1778.161330729	22000.000	38000.000	0.2615
521	Spectrogram 1	1	1778.117997396	1778.161330729	22000.000	38000.000	0.2615
522	Waveform 1	1	1778.664664062	1778.709997396	22000.000	38000.000	0.2647
522	Spectrogram 1	1	1778.664664062	1778.709997396	22000.000	38000.000	0.2647
523	Waveform 1	1	1779.235330729	1779.256664063	22000.000	38000.000	0.3125
523	Spectrogram 1	1	1779.235330729	1779.256664063	22000.000	38000.000	0.3125
524	Waveform 1	1	1779.825997396	1779.843997396	22000.000	38000.000	0.2222
524	Spectrogram 1	1	1779.825997396	1779.843997396	22000.000	38000.000	0.2222
525	Waveform 1	1	1780.112664063	1780.140664063	22000.000	38000.000	0.2857
525	Spectrogram 1	1	1780.112664063	1780.140664063	22000.000	38000.000	0.2857
526	Waveform 1	1	1780.539330729	1780.545997396	22000.000	38000.000	0.3000
526	Spectrogram 1	1	1780.539330729	1780.545997396	22000.000	38000.000	0.3000
527	Waveform 1	1	1780.830664062	1780.834664062	22000.000	38000.000	0.3333
527	Spectrogram 1	1	1780.830664062	1780.834664062	22000.000	38000.000	0.3333
528	Waveform 1	1	1780.955997396	1780.966664062	22000.000	38000.000	0.5000
528	Spectrogram 1	1	1780.955997396	1780.966664062	22000.000	38000.000	0.5000
529	Waveform 1	1	1781.506664063	1781.511330729	22000.000	38000.000	0.4286
529	Spectrogram 1	1	1781.506664063	1781.511330729	22000.000	38000.000	0.4286
530	Waveform 1	1	1782.075997396	1782.088664062	22000.000	38000.000	0.1579
530	Spectrogram 1	1	1782.075997396	1782.088664062	22000.000	38000.000	0.1579
531	Waveform 1	1	1786.919997396	1786.932664062	22000.000	38000.000	0.2105
531	Spectrogram 1	1	1786.919997396	1786.932664062	22000.000	38000.000	0.2105
532	Waveform 1	1	1787.335330729	1787.345330729	22000.000	38000.000	0.2000
532	Spectrogram 1	1	1787.335330729	1787.345330729	22000.000	38000.000	0.2000
533	Waveform 1	1	1787.757997396	1787.771997396	22000.000	38000.000	0.2857
533	Spectrogram 1	1	1787.757997396	1787.771997396	22000.000	38000.000	0.2857
534	Waveform 1	1	1788.922664062	1788.932664062	22000.000	38000.000	0.2000
534	Spectrogram 1	1	1788.922664062	1788.932664062	22000.000	38000.000	0.2000
535	Waveform 1	1	1789.060664062	1789.076664062	22000.000	38000.000	0.2917
535	Spectrogram 1	1	1789.060664062	1789.076664062	22000.000	38000.000	0.2917
536	Waveform 1	1	1789.255330729	1789.257330729	22000.000	38000.000	1.0000
536	Spectrogram 1	1	1789.255330729	1789.257330729	22000.000	38000.000	1.0000
537	Waveform 1	1	1789.506664063	1789.517997396	22000.000	38000.000	0.3529
537	Spectrogram 1	1	1789.506664063	1789.517997396	22000.000	38000.000	0.3529
538	Waveform 1	1	1789.679997396	1789.693330729	22000.000	38000.000	0.2000
538	Spectrogram 1	1	1789.679997396	1789.693330729	22000.000	38000.000	0.2000
539	Waveform 1	1	1790.246664063	1790.259997396	22000.000	38000.000	0.4000
539	Spectrogram 1	1	1790.246664063	1790.259997396	22000.000	38000.000	0.4000
540	Waveform 1	1	1790.790664062	1790.805997396	22000.000	38000.000	0.2174
540	Spectrogram 1	1	1790.790664062	1790.805997396	22000.000	38000.000	0.2174
541	Waveform 1	1	1790.945330729	1790.964664062	22000.000	38000.000	0.4483
541	Spectrogram 1	1	1790.945330729	1790.964664062	22000.000	38000.000	0.4483
542	Waveform 1	1	1791.108664062	1791.127997396	22000.000	38000.000	0.3793
542	Spectrogram 1	1	1791.108664062	1791.127997396	22000.000	38000.000	0.3793
543	Waveform 1	1	1791.561330729	1791.569997396	22000.000	38000.000	0.4615
543	Spectrogram 1	1	1791.561330729	1791.569997396	22000.000	38000.000	0.4615
544	Waveform 1	1	1791.839997396	1791.842664063	22000.000	38000.000	0.7500
544	Spectrogram 1	1	1791.839997396	1791.842664063	22000.000	38000.000	0.7500
545	Waveform 1	1	1792.100664062	1792.120664062	22000.000	38000.000	0.5333
545	Spectrogram 1	1	1792.100664062	1792.120664062	22000.000	38000.000	0.5333
546	Waveform 1	1	1792.391330729	1792.399997396	22000.000	38000.000	0.3077
546	Spectrogram 1	1	1792.391330729	1792.399997396	22000.000	38000.000	0.3077
547	Waveform 1	1	1792.647330729	1792.677330729	22000.000	38000.000	0.2000
547	Spectrogram 1	1	1792.647330729	1792.677330729	22000.000	38000.000	0.2000
