Selection	View	Channel	Begin Time (s)	End Time (s)	Low Freq (Hz)	High Freq (Hz)	Occupancy
1	Waveform 1	1	2.005330729	2.013997396	22000.000	38000.000	0.5385
1	Spectrogram 1	1	2.005330729	2.013997396	22000.000	38000.000	0.5385
2	Waveform 1	1	2.166664062	2.173997396	22000.000	38000.000	0.2727
2	Spectrogram 1	1	2.166664062	2.173997396	22000.000	38000.000	0.2727
3	Waveform 1	1	2.727997396	2.733997396	22000.000	38000.000	0.7778
3	Spectrogram 1	1	2.727997396	2.733997396	22000.000	38000.000	0.7778
4	Waveform 1	1	3.419997396	3.423330729	22000.000	38000.000	0.4000
4	Spectrogram 1	1	3.419997396	3.423330729	22000.000	38000.000	0.4000
5	Waveform 1	1	4.093997396	4.104664063	22000.000	38000.000	0.5000
5	Spectrogram 1	1	4.093997396	4.104664063	22000.000	38000.000	0.5000
6	Waveform 1	1	4.659997396	4.666664063	22000.000	38000.000	0.2000
6	Spectrogram 1	1	4.659997396	4.666664063	22000.000	38000.000	0.2000
7	Waveform 1	1	4.931330729	4.993330729	22000.000	38000.000	0.0753
7	Spectrogram 1	1	4.931330729	4.993330729	22000.000	38000.000	0.0753
8	Waveform 1	1	6.464664063	6.465997396	22000.000	38000.000	1.0000
8	Spectrogram 1	1	6.464664063	6.465997396	22000.000	38000.000	1.0000
9	Waveform 1	1	9.583997396	9.589997396	22000.000	38000.000	0.4444
9	Spectrogram 1	1	9.583997396	9.589997396	22000.000	38000.000	0.4444
10	Waveform 1	1	10.599330729	10.605330729	22000.000	38000.000	0.7778
10	Spectrogram 1	1	10.599330729	10.605330729	22000.000	38000.000	0.7778
11	Waveform 1	1	11.875997396	11.877330729	22000.000	38000.000	1.0000
11	Spectrogram 1	1	11.875997396	11.877330729	22000.000	38000.000	1.0000
12	Waveform 1	1	12.035330729	12.045330729	22000.000	38000.000	0.2000
12	Spectrogram 1	1	12.035330729	12.045330729	22000.000	38000.000	0.2000
13	Waveform 1	1	12.285997396	12.295330729	22000.000	38000.000	0.3571
13	Spectrogram 1	1	12.285997396	12.295330729	22000.000	38000.000	0.3571
14	Waveform 1	1	12.454664063	12.465330729	22000.000	38000.000	0.1875
14	Spectrogram 1	1	12.454664063	12.465330729	22000.000	38000.000	0.1875
15	Waveform 1	1	12.711997396	12.713997396	22000.000	38000.000	1.0000
15	Spectrogram 1	1	12.711997396	12.713997396	22000.000	38000.000	1.0000
16	Waveform 1	1	13.004664062	13.011997396	22000.000	38000.000	0.7273
16	Spectrogram 1	1	13.004664062	13.011997396	22000.000	38000.000	0.7273
17	Waveform 1	1	13.712664063	13.717330729	22000.000	38000.000	0.5714
17	Spectrogram 1	1	13.712664063	13.717330729	22000.000	38000.000	0.5714
18	Waveform 1	1	13.848664063	13.849997396	22000.000	38000.000	1.0000
18	Spectrogram 1	1	13.848664063	13.849997396	22000.000	38000.000	1.0000
19	Waveform 1	1	14.629997396	14.637330729	22000.000	38000.000	0.4545
19	Spectrogram 1	1	14.629997396	14.637330729	22000.000	38000.000	0.4545
20	Waveform 1	1	15.051330729	15.057997396	22000.000	38000.000	0.6000
20	Spectrogram 1	1	15.051330729	15.057997396	22000.000	38000.000	0.6000
21	Waveform 1	1	15.339330729	15.371997396	22000.000	38000.000	0.1633
21	Spectrogram 1	1	15.339330729	15.371997396	22000.000	38000.000	0.1633
22	Waveform 1	1	15.885330729	15.889997396	22000.000	38000.000	1.0000
22	Spectrogram 1	1	15.885330729	15.889997396	22000.000	38000.000	1.0000
23	Waveform 1	1	16.037330729	16.042664063	22000.000	38000.000	0.5000
23	Spectrogram 1	1	16.037330729	16.042664063	22000.000	38000.000	0.5000
24	Waveform 1	1	16.175997396	16.177330729	22000.000	38000.000	1.0000
24	Spectrogram 1	1	16.175997396	16.177330729	22000.000	38000.000	1.0000
25	Waveform 1	1	16.298664062	16.305330729	22000.000	38000.000	0.5000
25	Spectrogram 1	1	16.298664062	16.305330729	22000.000	38000.000	0.5000
26	Waveform 1	1	16.547330729	16.599330729	22000.000	38000.000	0.0897
26	Spectrogram 1	1	16.547330729	16.599330729	22000.000	38000.000	0.0897
27	Waveform 1	1	16.888664063	16.891997396	22000.000	38000.000	1.0000
27	Spectrogram 1	1	16.888664063	16.891997396	22000.000	38000.000	1.0000
28	Waveform 1	1	17.073330729	17.075997396	22000.000	38000.000	0.7500
28	Spectrogram 1	1	17.073330729	17.075997396	22000.000	38000.000	0.7500
29	Waveform 1	1	17.445997396	17.460664063	22000.000	38000.000	0.2727
29	Spectrogram 1	1	17.445997396	17.460664063	22000.000	38000.000	0.2727
30	Waveform 1	1	17.596664063	17.600664063	22000.000	38000.000	0.5000
30	Spectrogram 1	1	17.596664063	17.600664063	22000.000	38000.000	0.5000
31	Waveform 1	1	17.847997396	17.873330729	22000.000	38000.000	0.1842
31	Spectrogram 1	1	17.847997396	17.873330729	22000.000	38000.000	0.1842
32	Waveform 1	1	18.696664063	18.697997396	22000.000	38000.000	1.0000
32	Spectrogram 1	1	18.696664063	18.697997396	22000.000	38000.000	1.0000
33	Waveform 1	1	18.967997396	18.973997396	22000.000	38000.000	0.3333
33	Spectrogram 1	1	18.967997396	18.973997396	22000.000	38000.000	0.3333
34	Waveform 1	1	19.847330729	19.848664062	22000.000	38000.000	1.0000
34	Spectrogram 1	1	19.847330729	19.848664062	22000.000	38000.000	1.0000
35	Waveform 1	1	20.102664063	20.108664063	22000.000	38000.000	0.7778
35	Spectrogram 1	1	20.102664063	20.108664063	22000.000	38000.000	0.7778
36	Waveform 1	1	20.888664063	20.905997396	22000.000	38000.000	0.3462
36	Spectrogram 1	1	20.888664063	20.905997396	22000.000	38000.000	0.3462
37	Waveform 1	1	21.147997396	21.149330729	22000.000	38000.000	1.0000
37	Spectrogram 1	1	21.147997396	21.149330729	22000.000	38000.000	1.0000
38	Waveform 1	1	21.275997396	21.280664063	22000.000	38000.000	0.2857
38	Spectrogram 1	1	21.275997396	21.280664063	22000.000	38000.000	0.2857
39	Waveform 1	1	21.415997396	21.425997396	22000.000	38000.000	0.1333
39	Spectrogram 1	1	21.415997396	21.425997396	22000.000	38000.000	0.1333
40	Waveform 1	1	21.536664063	21.539330729	22000.000	38000.000	0.7500
40	Spectrogram 1	1	21.536664063	21.539330729	22000.000	38000.000	0.7500
41	Waveform 1	1	21.663997396	21.666664063	22000.000	38000.000	1.0000
41	Spectrogram 1	1	21.663997396	21.666664063	22000.000	38000.000	1.0000
42	Waveform 1	1	22.373330729	22.383997396	22000.000	38000.000	0.3125
42	Spectrogram 1	1	22.373330729	22.383997396	22000.000	38000.000	0.3125
43	Waveform 1	1	22.468664063	22.546664062	22000.000	38000.000	0.1026
43	Spectrogram 1	1	22.468664063	22.546664062	22000.000	38000.000	0.1026
44	Waveform 1	1	22.931997396	22.943997396	22000.000	38000.000	0.3333
44	Spectrogram 1	1	22.931997396	22.943997396	22000.000	38000.000	0.3333
45	Waveform 1	1	23.004664063	23.005997396	22000.000	38000.000	1.0000
45	Spectrogram 1	1	23.004664063	23.005997396	22000.000	38000.000	1.0000
46	Waveform 1	1	23.209330729	23.222664063	22000.000	38000.000	0.4500
46	Spectrogram 1	1	23.209330729	23.222664063	22000.000	38000.000	0.4500
47	Waveform 1	1	23.618664062	23.627997396	22000.000	38000.000	0.4286
47	Spectrogram 1	1	23.618664062	23.627997396	22000.000	38000.000	0.4286
48	Waveform 1	1	24.027997396	24.049997396	22000.000	38000.000	0.3939
48	Spectrogram 1	1	24.027997396	24.049997396	22000.000	38000.000	0.3939
49	Waveform 1	1	24.171330729	24.180664062	22000.000	38000.000	0.1429
49	Spectrogram 1	1	24.171330729	24.180664062	22000.000	38000.000	0.1429
50	Waveform 1	1	24.580664062	24.589330729	22000.000	38000.000	0.3077
50	Spectrogram 1	1	24.580664062	24.589330729	22000.000	38000.000	0.3077
51	Waveform 1	1	24.702664063	24.739330729	22000.000	38000.000	0.1091
51	Spectrogram 1	1	24.702664063	24.739330729	22000.000	38000.000	0.1091
52	Waveform 1	1	25.009997396	25.022664062	22000.000	38000.000	0.3684
52	Spectrogram 1	1	25.009997396	25.022664062	22000.000	38000.000	0.3684
53	Waveform 1	1	25.277997396	25.289330729	22000.000	38000.000	0.4706
53	Spectrogram 1	1	25.277997396	25.289330729	22000.000	38000.000	0.4706
54	Waveform 1	1	25.455330729	25.477330729	22000.000	38000.000	0.1515
54	Spectrogram 1	1	25.455330729	25.477330729	22000.000	38000.000	0.1515
55	Waveform 1	1	25.551997396	25.564664063	22000.000	38000.000	0.3158
55	Spectrogram 1	1	25.551997396	25.564664063	22000.000	38000.000	0.3158
56	Waveform 1	1	25.982664062	25.993997396	22000.000	38000.000	0.4706
56	Spectrogram 1	1	25.982664062	25.993997396	22000.000	38000.000	0.4706
57	Waveform 1	1	26.357330729	26.409997396	22000.000	38000.000	0.0886
57	Spectrogram 1	1	26.357330729	26.409997396	22000.000	38000.000	0.0886
58	Waveform 1	1	26.686664063	26.691330729	22000.000	38000.000	0.2857
58	Spectrogram 1	1	26.686664063	26.691330729	22000.000	38000.000	0.2857
59	Waveform 1	1	26.910664063	26.926664062	22000.000	38000.000	0.2500
59	Spectrogram 1	1	26.910664063	26.926664062	22000.000	38000.000	0.2500
60	Waveform 1	1	27.097997396	27.115997396	22000.000	38000.000	0.3333
60	Spectrogram 1	1	27.097997396	27.115997396	22000.000	38000.000	0.3333
61	Waveform 1	1	27.458664062	27.527330729	22000.000	38000.000	0.1262
61	Spectrogram 1	1	27.458664062	27.527330729	22000.000	38000.000	0.1262
62	Waveform 1	1	27.629997396	27.634664063	22000.000	38000.000	0.5714
62	Spectrogram 1	1	27.629997396	27.634664063	22000.000	38000.000	0.5714
63	Waveform 1	1	27.991997396	28.005997396	22000.000	38000.000	0.3810
63	Spectrogram 1	1	27.991997396	28.005997396	22000.000	38000.000	0.3810
64	Waveform 1	1	28.525997396	28.549997396	22000.000	38000.000	0.4444
64	Spectrogram 1	1	28.525997396	28.549997396	22000.000	38000.000	0.4444
65	Waveform 1	1	28.801997396	28.805997396	22000.000	38000.000	0.3333
65	Spectrogram 1	1	28.801997396	28.805997396	22000.000	38000.000	0.3333
66	Waveform 1	1	29.349997396	29.380664062	22000.000	38000.000	0.1304
66	Spectrogram 1	1	29.349997396	29.380664062	22000.000	38000.000	0.1304
67	Waveform 1	1	29.897330729	29.982664062	22000.000	38000.000	0.0859
67	Spectrogram 1	1	29.897330729	29.982664062	22000.000	38000.000	0.0859
68	Waveform 1	1	30.228664063	30.231997396	22000.000	38000.000	0.6000
68	Spectrogram 1	1	30.228664063	30.231997396	22000.000	38000.000	0.6000
69	Waveform 1	1	30.428664063	30.439997396	22000.000	38000.000	0.2941
69	Spectrogram 1	1	30.428664063	30.439997396	22000.000	38000.000	0.2941
70	Waveform 1	1	30.623330729	30.632664063	22000.000	38000.000	0.4286
70	Spectrogram 1	1	30.623330729	30.632664063	22000.000	38000.000	0.4286
71	Waveform 1	1	30.980664063	30.993330729	22000.000	38000.000	0.3158
71	Spectrogram 1	1	30.980664063	30.993330729	22000.000	38000.000	0.3158
72	Waveform 1	1	31.303330729	31.319330729	22000.000	38000.000	0.2500
72	Spectrogram 1	1	31.303330729	31.319330729	22000.000	38000.000	0.2500
73	Waveform 1	1	31.529997396	31.594664063	22000.000	38000.000	0.0825
73	Spectrogram 1	1	31.529997396	31.594664063	22000.000	38000.000	0.0825
74	Waveform 1	1	31.804664062	31.831997396	22000.000	38000.000	0.2683
74	Spectrogram 1	1	31.804664062	31.831997396	22000.000	38000.000	0.2683
75	Waveform 1	1	31.984664063	32.003330729	22000.000	38000.000	0.3214
75	Spectrogram 1	1	31.984664063	32.003330729	22000.000	38000.000	0.3214
76	Waveform 1	1	32.285330729	32.365997396	22000.000	38000.000	0.1074
76	Spectrogram 1	1	32.285330729	32.365997396	22000.000	38000.000	0.1074
77	Waveform 1	1	32.815997396	32.828664063	22000.000	38000.000	0.4737
77	Spectrogram 1	1	32.815997396	32.828664063	22000.000	38000.000	0.4737
78	Waveform 1	1	32.899997396	32.925997396	22000.000	38000.000	0.2051
78	Spectrogram 1	1	32.899997396	32.925997396	22000.000	38000.000	0.2051
79	Waveform 1	1	33.229997396	33.237997396	22000.000	38000.000	0.2500
79	Spectrogram 1	1	33.229997396	33.237997396	22000.000	38000.000	0.2500
80	Waveform 1	1	33.374664063	33.392664063	22000.000	38000.000	0.4444
80	Spectrogram 1	1	33.374664063	33.392664063	22000.000	38000.000	0.4444
81	Waveform 1	1	33.529997396	33.580664062	22000.000	38000.000	0.1842
81	Spectrogram 1	1	33.529997396	33.580664062	22000.000	38000.000	0.1842
82	Waveform 1	1	34.328664063	34.332664063	22000.000	38000.000	0.5000
82	Spectrogram 1	1	34.328664063	34.332664063	22000.000	38000.000	0.5000
83	Waveform 1	1	34.477330729	34.484664063	22000.000	38000.000	0.7273
83	Spectrogram 1	1	34.477330729	34.484664063	22000.000	38000.000	0.7273
84	Waveform 1	1	34.798664063	34.820664063	22000.000	38000.000	0.2121
84	Spectrogram 1	1	34.798664063	34.820664063	22000.000	38000.000	0.2121
85	Waveform 1	1	35.244664063	35.273330729	22000.000	38000.000	0.1163
85	Spectrogram 1	1	35.244664063	35.273330729	22000.000	38000.000	0.1163
86	Waveform 1	1	35.599330729	35.653997396	22000.000	38000.000	0.1341
86	Spectrogram 1	1	35.599330729	35.653997396	22000.000	38000.000	0.1341
87	Waveform 1	1	35.917997396	35.933997396	22000.000	38000.000	0.2500
87	Spectrogram 1	1	35.917997396	35.933997396	22000.000	38000.000	0.2500
88	Waveform 1	1	36.200664063	36.232664062	22000.000	38000.000	0.2500
88	Spectrogram 1	1	36.200664063	36.232664062	22000.000	38000.000	0.2500
89	Waveform 1	1	36.605997396	36.627997396	22000.000	38000.000	0.3333
89	Spectrogram 1	1	36.605997396	36.627997396	22000.000	38000.000	0.3333
90	Waveform 1	1	37.011330729	37.033997396	22000.000	38000.000	0.2059
90	Spectrogram 1	1	37.011330729	37.033997396	22000.000	38000.000	0.2059
91	Waveform 1	1	37.135330729	37.180664062	22000.000	38000.000	0.0735
91	Spectrogram 1	1	37.135330729	37.180664062	22000.000	38000.000	0.0735
92	Waveform 1	1	37.579997396	37.653330729	22000.000	38000.000	0.1727
92	Spectrogram 1	1	37.579997396	37.653330729	22000.000	38000.000	0.1727
93	Waveform 1	1	37.864664062	37.877997396	22000.000	38000.000	0.4000
93	Spectrogram 1	1	37.864664062	37.877997396	22000.000	38000.000	0.4000
94	Waveform 1	1	38.283330729	38.343330729	22000.000	38000.000	0.1778
94	Spectrogram 1	1	38.283330729	38.343330729	22000.000	38000.000	0.1778
95	Waveform 1	1	38.455997396	38.497997396	22000.000	38000.000	0.3810
95	Spectrogram 1	1	38.455997396	38.497997396	22000.000	38000.000	0.3810
96	Waveform 1	1	38.611997396	38.649330729	22000.000	38000.000	0.3750
96	Spectrogram 1	1	38.611997396	38.649330729	22000.000	38000.000	0.3750
97	Waveform 1	1	38.784664062	38.813997396	22000.000	38000.000	0.4773
97	Spectrogram 1	1	38.784664062	38.813997396	22000.000	38000.000	0.4773
98	Waveform 1	1	38.992664062	39.004664062	22000.000	38000.000	0.4444
98	Spectrogram 1	1	38.992664062	39.004664062	22000.000	38000.000	0.4444
99	Waveform 1	1	39.169997396	39.189997396	22000.000	38000.000	0.3667
99	Spectrogram 1	1	39.169997396	39.189997396	22000.000	38000.000	0.3667
100	Waveform 1	1	39.503997396	39.508664063	22000.000	38000.000	0.5714
100	Spectrogram 1	1	39.503997396	39.508664063	22000.000	38000.000	0.5714
101	Waveform 1	1	40.448664063	40.472664063	22000.000	38000.000	0.4167
101	Spectrogram 1	1	40.448664063	40.472664063	22000.000	38000.000	0.4167
102	Waveform 1	1	40.713330729	40.722664063	22000.000	38000.000	0.4286
102	Spectrogram 1	1	40.713330729	40.722664063	22000.000	38000.000	0.4286
103	Waveform 1	1	41.120664062	41.140664063	22000.000	38000.000	0.3333
103	Spectrogram 1	1	41.120664062	41.140664063	22000.000	38000.000	0.3333
104	Waveform 1	1	41.393997396	41.447330729	22000.000	38000.000	0.1500
104	Spectrogram 1	1	41.393997396	41.447330729	22000.000	38000.000	0.1500
105	Waveform 1	1	41.808664063	41.851997396	22000.000	38000.000	0.1692
105	Spectrogram 1	1	41.808664063	41.851997396	22000.000	38000.000	0.1692
106	Waveform 1	1	42.083997396	42.115330729	22000.000	38000.000	0.1489
106	Spectrogram 1	1	42.083997396	42.115330729	22000.000	38000.000	0.1489
107	Waveform 1	1	42.499330729	42.545997396	22000.000	38000.000	0.4286
107	Spectrogram 1	1	42.499330729	42.545997396	22000.000	38000.000	0.4286
108	Waveform 1	1	42.783330729	42.841330729	22000.000	38000.000	0.2069
108	Spectrogram 1	1	42.783330729	42.841330729	22000.000	38000.000	0.2069
109	Waveform 1	1	42.925330729	42.930664062	22000.000	38000.000	0.2500
109	Spectrogram 1	1	42.925330729	42.930664062	22000.000	38000.000	0.2500
110	Waveform 1	1	43.314664063	43.374664063	22000.000	38000.000	0.2000
110	Spectrogram 1	1	43.314664063	43.374664063	22000.000	38000.000	0.2000
111	Waveform 1	1	43.495330729	43.497330729	22000.000	38000.000	0.6667
111	Spectrogram 1	1	43.495330729	43.497330729	22000.000	38000.000	0.6667
112	Waveform 1	1	43.577997396	43.671997396	22000.000	38000.000	0.1418
112	Spectrogram 1	1	43.577997396	43.671997396	22000.000	38000.000	0.1418
113	Waveform 1	1	43.770664063	43.844664063	22000.000	38000.000	0.1532
113	Spectrogram 1	1	43.770664063	43.844664063	22000.000	38000.000	0.1532
114	Waveform 1	1	44.017330729	44.019997396	22000.000	38000.000	0.5000
114	Spectrogram 1	1	44.017330729	44.019997396	22000.000	38000.000	0.5000
115	Waveform 1	1	44.181997396	44.280664063	22000.000	38000.000	0.2162
115	Spectrogram 1	1	44.181997396	44.280664063	22000.000	38000.000	0.2162
116	Waveform 1	1	44.363330729	44.367997396	22000.000	38000.000	0.5714
116	Spectrogram 1	1	44.363330729	44.367997396	22000.000	38000.000	0.5714
117	Waveform 1	1	44.438664063	44.547997396	22000.000	38000.000	0.1159
117	Spectrogram 1	1	44.438664063	44.547997396	22000.000	38000.000	0.1159
118	Waveform 1	1	44.629330729	44.637997396	22000.000	38000.000	0.4615
118	Spectrogram 1	1	44.629330729	44.637997396	22000.000	38000.000	0.4615
119	Waveform 1	1	44.720664062	44.726664062	22000.000	38000.000	0.7778
119	Spectrogram 1	1	44.720664062	44.726664062	22000.000	38000.000	0.7778
120	Waveform 1	1	44.811330729	44.817330729	22000.000	38000.000	0.5556
120	Spectrogram 1	1	44.811330729	44.817330729	22000.000	38000.000	0.5556
121	Waveform 1	1	44.904664063	45.001997396	22000.000	38000.000	0.2466
121	Spectrogram 1	1	44.904664063	45.001997396	22000.000	38000.000	0.2466
122	Waveform 1	1	45.089997396	45.097997396	22000.000	38000.000	0.3333
122	Spectrogram 1	1	45.089997396	45.097997396	22000.000	38000.000	0.3333
123	Waveform 1	1	45.180664062	45.252664063	22000.000	38000.000	0.2685
123	Spectrogram 1	1	45.180664062	45.252664063	22000.000	38000.000	0.2685
124	Waveform 1	1	45.370664062	45.371997396	22000.000	38000.000	1.0000
124	Spectrogram 1	1	45.370664062	45.371997396	22000.000	38000.000	1.0000
125	Waveform 1	1	45.756664063	45.762664063	22000.000	38000.000	0.5556
125	Spectrogram 1	1	45.756664063	45.762664063	22000.000	38000.000	0.5556
126	Waveform 1	1	45.947997396	45.954664063	22000.000	38000.000	0.3000
126	Spectrogram 1	1	45.947997396	45.954664063	22000.000	38000.000	0.3000
127	Waveform 1	1	46.045997396	46.083330729	22000.000	38000.000	0.4286
127	Spectrogram 1	1	46.045997396	46.083330729	22000.000	38000.000	0.4286
128	Waveform 1	1	46.322664063	46.326664063	22000.000	38000.000	0.5000
128	Spectrogram 1	1	46.322664063	46.326664063	22000.000	38000.000	0.5000
129	Waveform 1	1	46.602664062	46.624664063	22000.000	38000.000	0.1818
129	Spectrogram 1	1	46.602664062	46.624664063	22000.000	38000.000	0.1818
130	Waveform 1	1	46.876664062	46.949330729	22000.000	38000.000	0.3578
130	Spectrogram 1	1	46.876664062	46.949330729	22000.000	38000.000	0.3578
131	Waveform 1	1	47.441330729	47.450664063	22000.000	38000.000	0.9286
131	Spectrogram 1	1	47.441330729	47.450664063	22000.000	38000.000	0.9286
132	Waveform 1	1	47.857330729	47.918664062	22000.000	38000.000	0.4130
132	Spectrogram 1	1	47.857330729	47.918664062	22000.000	38000.000	0.4130
133	Waveform 1	1	48.299330729	48.316664063	22000.000	38000.000	0.4231
133	Spectrogram 1	1	48.299330729	48.316664063	22000.000	38000.000	0.4231
134	Waveform 1	1	48.587330729	48.658664063	22000.000	38000.000	0.3178
134	Spectrogram 1	1	48.587330729	48.658664063	22000.000	38000.000	0.3178
135	Waveform 1	1	48.889330729	48.931997396	22000.000	38000.000	0.2500
135	Spectrogram 1	1	48.889330729	48.931997396	22000.000	38000.000	0.2500
136	Waveform 1	1	49.191330729	49.209997396	22000.000	38000.000	0.2143
136	Spectrogram 1	1	49.191330729	49.209997396	22000.000	38000.000	0.2143
137	Waveform 1	1	49.481997396	49.518664063	22000.000	38000.000	0.3273
137	Spectrogram 1	1	49.481997396	49.518664063	22000.000	38000.000	0.3273
138	Waveform 1	1	49.792664063	49.800664062	22000.000	38000.000	0.5000
138	Spectrogram 1	1	49.792664063	49.800664062	22000.000	38000.000	0.5000
139	Waveform 1	1	50.204664063	50.262664063	22000.000	38000.000	0.3103
139	Spectrogram 1	1	50.204664063	50.262664063	22000.000	38000.000	0.3103
140	Waveform 1	1	50.514664063	50.523997396	22000.000	38000.000	0.2143
140	Spectrogram 1	1	50.514664063	50.523997396	22000.000	38000.000	0.2143
141	Waveform 1	1	50.989997396	50.994664063	22000.000	38000.000	0.4286
141	Spectrogram 1	1	50.989997396	50.994664063	22000.000	38000.000	0.4286
142	Waveform 1	1	51.441330729	51.451330729	22000.000	38000.000	0.4667
142	Spectrogram 1	1	51.441330729	51.451330729	22000.000	38000.000	0.4667
143	Waveform 1	1	51.824664062	51.868664063	22000.000	38000.000	0.2576
143	Spectrogram 1	1	51.824664062	51.868664063	22000.000	38000.000	0.2576
144	Waveform 1	1	52.115330729	52.129330729	22000.000	38000.000	0.3333
144	Spectrogram 1	1	52.115330729	52.129330729	22000.000	38000.000	0.3333
145	Waveform 1	1	52.399997396	52.419997396	22000.000	38000.000	0.5000
145	Spectrogram 1	1	52.399997396	52.419997396	22000.000	38000.000	0.5000
146	Waveform 1	1	52.839330729	52.843997396	22000.000	38000.000	0.4286
146	Spectrogram 1	1	52.839330729	52.843997396	22000.000	38000.000	0.4286
147	Waveform 1	1	53.443997396	53.457997396	22000.000	38000.000	0.4286
147	Spectrogram 1	1	53.443997396	53.457997396	22000.000	38000.000	0.4286
148	Waveform 1	1	54.147997396	54.173997396	22000.000	38000.000	0.2051
148	Spectrogram 1	1	54.147997396	54.173997396	22000.000	38000.000	0.2051
149	Waveform 1	1	55.009997396	55.029330729	22000.000	38000.000	0.1379
149	Spectrogram 1	1	55.009997396	55.029330729	22000.000	38000.000	0.1379
150	Waveform 1	1	55.605330729	55.616664062	22000.000	38000.000	0.2941
150	Spectrogram 1	1	55.605330729	55.616664062	22000.000	38000.000	0.2941
151	Waveform 1	1	291.691330729	291.693997396	22000.000	38000.000	0.5000
151	Spectrogram 1	1	291.691330729	291.693997396	22000.000	38000.000	0.5000
152	Waveform 1	1	291.956664063	291.960664062	22000.000	38000.000	0.3333
152	Spectrogram 1	1	291.956664063	291.960664062	22000.000	38000.000	0.3333
153	Waveform 1	1	292.054664062	292.057330729	22000.000	38000.000	0.5000
153	Spectrogram 1	1	292.054664062	292.057330729	22000.000	38000.000	0.5000
154	Waveform 1	1	292.217330729	292.223997396	22000.000	38000.000	0.4000
154	Spectrogram 1	1	292.217330729	292.223997396	22000.000	38000.000	0.4000
155	Waveform 1	1	292.321330729	292.325997396	22000.000	38000.000	0.4286
155	Spectrogram 1	1	292.321330729	292.325997396	22000.000	38000.000	0.4286
156	Waveform 1	1	292.481997396	292.497330729	22000.000	38000.000	0.2609
156	Spectrogram 1	1	292.481997396	292.497330729	22000.000	38000.000	0.2609
157	Waveform 1	1	292.578664062	292.582664062	22000.000	38000.000	0.5000
157	Spectrogram 1	1	292.578664062	292.582664062	22000.000	38000.000	0.5000
158	Waveform 1	1	293.143997396	293.146664063	22000.000	38000.000	0.7500
158	Spectrogram 1	1	293.143997396	293.146664063	22000.000	38000.000	0.7500
159	Waveform 1	1	293.233997396	293.237330729	22000.000	38000.000	1.0000
159	Spectrogram 1	1	293.233997396	293.237330729	22000.000	38000.000	1.0000
160	Waveform 1	1	293.322664062	293.347997396	22000.000	38000.000	0.3421
160	Spectrogram 1	1	293.322664062	293.347997396	22000.000	38000.000	0.3421
161	Waveform 1	1	293.483330729	293.510664062	22000.000	38000.000	0.2683
161	Spectrogram 1	1	293.483330729	293.510664062	22000.000	38000.000	0.2683
162	Waveform 1	1	293.577997396	293.595997396	22000.000	38000.000	0.4074
162	Spectrogram 1	1	293.577997396	293.595997396	22000.000	38000.000	0.4074
163	Waveform 1	1	293.751330729	293.768664062	22000.000	38000.000	0.1538
163	Spectrogram 1	1	293.751330729	293.768664062	22000.000	38000.000	0.1538
164	Waveform 1	1	293.846664062	293.858664062	22000.000	38000.000	0.3889
164	Spectrogram 1	1	293.846664062	293.858664062	22000.000	38000.000	0.3889
165	Waveform 1	1	294.015997396	294.034664062	22000.000	38000.000	0.5357
165	Spectrogram 1	1	294.015997396	294.034664062	22000.000	38000.000	0.5357
166	Waveform 1	1	294.118664062	294.121997396	22000.000	38000.000	1.0000
166	Spectrogram 1	1	294.118664062	294.121997396	22000.000	38000.000	1.0000
167	Waveform 1	1	294.208664063	294.216664063	22000.000	38000.000	0.2500
167	Spectrogram 1	1	294.208664063	294.216664063	22000.000	38000.000	0.2500
168	Waveform 1	1	294.314664063	294.318664062	22000.000	38000.000	0.3333
168	Spectrogram 1	1	294.314664063	294.318664062	22000.000	38000.000	0.3333
169	Waveform 1	1	294.473330729	294.484664062	22000.000	38000.000	0.3529
169	Spectrogram 1	1	294.473330729	294.484664062	22000.000	38000.000	0.3529
170	Waveform 1	1	294.759330729	294.764664063	22000.000	38000.000	0.3750
170	Spectrogram 1	1	294.759330729	294.764664063	22000.000	38000.000	0.3750
171	Waveform 1	1	294.959330729	294.965997396	22000.000	38000.000	0.4000
171	Spectrogram 1	1	294.959330729	294.965997396	22000.000	38000.000	0.4000
172	Waveform 1	1	392.678664062	392.681330729	22000.000	38000.000	0.5000
172	Spectrogram 1	1	392.678664062	392.681330729	22000.000	38000.000	0.5000
173	Waveform 1	1	405.560664062	405.561997396	22000.000	38000.000	1.0000
173	Spectrogram 1	1	405.560664062	405.561997396	22000.000	38000.000	1.0000
174	Waveform 1	1	515.563997396	515.567997396	22000.000	38000.000	0.3333
174	Spectrogram 1	1	515.563997396	515.567997396	22000.000	38000.000	0.3333
175	Waveform 1	1	516.991330729	517.005997396	22000.000	38000.000	0.0909
175	Spectrogram 1	1	516.991330729	517.005997396	22000.000	38000.000	0.0909
176	Waveform 1	1	518.729330729	518.737997396	22000.000	38000.000	0.2308
176	Spectrogram 1	1	518.729330729	518.737997396	22000.000	38000.000	0.2308
177	Waveform 1	1	519.125997396	519.127330729	22000.000	38000.000	1.0000
177	Spectrogram 1	1	519.125997396	519.127330729	22000.000	38000.000	1.0000
178	Waveform 1	1	519.545997396	519.548664063	22000.000	38000.000	0.5000
178	Spectrogram 1	1	519.545997396	519.548664063	22000.000	38000.000	0.5000
179	Waveform 1	1	519.925330729	519.970664063	22000.000	38000.000	0.1765
179	Spectrogram 1	1	519.925330729	519.970664063	22000.000	38000.000	0.1765
180	Waveform 1	1	520.221997396	520.253330729	22000.000	38000.000	0.2340
180	Spectrogram 1	1	520.221997396	520.253330729	22000.000	38000.000	0.2340
181	Waveform 1	1	520.497997396	520.543997396	22000.000	38000.000	0.2899
181	Spectrogram 1	1	520.497997396	520.543997396	22000.000	38000.000	0.2899
182	Waveform 1	1	520.795330729	520.830664063	22000.000	38000.000	0.3208
182	Spectrogram 1	1	520.795330729	520.830664063	22000.000	38000.000	0.3208
183	Waveform 1	1	521.020664063	521.071330729	22000.000	38000.000	0.2632
183	Spectrogram 1	1	521.020664063	521.071330729	22000.000	38000.000	0.2632
184	Waveform 1	1	521.257997396	521.294664063	22000.000	38000.000	0.2364
184	Spectrogram 1	1	521.257997396	521.294664063	22000.000	38000.000	0.2364
185	Waveform 1	1	521.511997396	521.559997396	22000.000	38000.000	0.1806
185	Spectrogram 1	1	521.511997396	521.559997396	22000.000	38000.000	0.1806
186	Waveform 1	1	521.747997396	521.809330729	22000.000	38000.000	0.1630
186	Spectrogram 1	1	521.747997396	521.809330729	22000.000	38000.000	0.1630
187	Waveform 1	1	522.013330729	522.054664063	22000.000	38000.000	0.3871
187	Spectrogram 1	1	522.013330729	522.054664063	22000.000	38000.000	0.3871
188	Waveform 1	1	522.297330729	522.336664063	22000.000	38000.000	0.0847
188	Spectrogram 1	1	522.297330729	522.336664063	22000.000	38000.000	0.0847
189	Waveform 1	1	522.569330729	522.631997396	22000.000	38000.000	0.1170
189	Spectrogram 1	1	522.569330729	522.631997396	22000.000	38000.000	0.1170
190	Waveform 1	1	522.849330729	522.917997396	22000.000	38000.000	0.2136
190	Spectrogram 1	1	522.849330729	522.917997396	22000.000	38000.000	0.2136
191	Waveform 1	1	523.155330729	523.219330729	22000.000	38000.000	0.1667
191	Spectrogram 1	1	523.155330729	523.219330729	22000.000	38000.000	0.1667
192	Waveform 1	1	523.289997396	523.317997396	22000.000	38000.000	0.1667
192	Spectrogram 1	1	523.289997396	523.317997396	22000.000	38000.000	0.1667
193	Waveform 1	1	523.548664063	523.624664063	22000.000	38000.000	0.1491
193	Spectrogram 1	1	523.548664063	523.624664063	22000.000	38000.000	0.1491
194	Waveform 1	1	524.070664063	524.087330729	22000.000	38000.000	0.2400
194	Spectrogram 1	1	524.070664063	524.087330729	22000.000	38000.000	0.2400
195	Waveform 1	1	524.182664063	524.189997396	22000.000	38000.000	0.1818
195	Spectrogram 1	1	524.182664063	524.189997396	22000.000	38000.000	0.1818
196	Waveform 1	1	524.278664063	524.281330729	22000.000	38000.000	0.7500
196	Spectrogram 1	1	524.278664063	524.281330729	22000.000	38000.000	0.7500
197	Waveform 1	1	524.481330729	524.531330729	22000.000	38000.000	0.2400
197	Spectrogram 1	1	524.481330729	524.531330729	22000.000	38000.000	0.2400
198	Waveform 1	1	524.777997396	524.859330729	22000.000	38000.000	0.1475
198	Spectrogram 1	1	524.777997396	524.859330729	22000.000	38000.000	0.1475
199	Waveform 1	1	525.085330729	525.086664063	22000.000	38000.000	1.0000
199	Spectrogram 1	1	525.085330729	525.086664063	22000.000	38000.000	1.0000
200	Waveform 1	1	525.637997396	525.687997396	22000.000	38000.000	0.2533
200	Spectrogram 1	1	525.637997396	525.687997396	22000.000	38000.000	0.2533
201	Waveform 1	1	526.003997396	526.005997396	22000.000	38000.000	0.6667
201	Spectrogram 1	1	526.003997396	526.005997396	22000.000	38000.000	0.6667
202	Waveform 1	1	526.798664063	526.815330729	22000.000	38000.000	0.2800
202	Spectrogram 1	1	526.798664063	526.815330729	22000.000	38000.000	0.2800
203	Waveform 1	1	526.988664063	527.041330729	22000.000	38000.000	0.2152
203	Spectrogram 1	1	526.988664063	527.041330729	22000.000	38000.000	0.2152
204	Waveform 1	1	527.231330729	527.315997396	22000.000	38000.000	0.1811
204	Spectrogram 1	1	527.231330729	527.315997396	22000.000	38000.000	0.1811
205	Waveform 1	1	527.499997396	527.607330729	22000.000	38000.000	0.0932
205	Spectrogram 1	1	527.499997396	527.607330729	22000.000	38000.000	0.0932
206	Waveform 1	1	527.805997396	527.873997396	22000.000	38000.000	0.2255
206	Spectrogram 1	1	527.805997396	527.873997396	22000.000	38000.000	0.2255
207	Waveform 1	1	528.219330729	528.327330729	22000.000	38000.000	0.1420
207	Spectrogram 1	1	528.219330729	528.327330729	22000.000	38000.000	0.1420
208	Waveform 1	1	528.664664063	528.759997396	22000.000	38000.000	0.1259
208	Spectrogram 1	1	528.664664063	528.759997396	22000.000	38000.000	0.1259
209	Waveform 1	1	529.082664063	529.189997396	22000.000	38000.000	0.1304
209	Spectrogram 1	1	529.082664063	529.189997396	22000.000	38000.000	0.1304
210	Waveform 1	1	529.517997396	529.609330729	22000.000	38000.000	0.1825
210	Spectrogram 1	1	529.517997396	529.609330729	22000.000	38000.000	0.1825
211	Waveform 1	1	529.809330729	529.915997396	22000.000	38000.000	0.1812
211	Spectrogram 1	1	529.809330729	529.915997396	22000.000	38000.000	0.1812
212	Waveform 1	1	530.246664063	530.330664063	22000.000	38000.000	0.1032
212	Spectrogram 1	1	530.246664063	530.330664063	22000.000	38000.000	0.1032
213	Waveform 1	1	530.531997396	530.621997396	22000.000	38000.000	0.2074
213	Spectrogram 1	1	530.531997396	530.621997396	22000.000	38000.000	0.2074
214	Waveform 1	1	531.263997396	531.347330729	22000.000	38000.000	0.1520
214	Spectrogram 1	1	531.263997396	531.347330729	22000.000	38000.000	0.1520
215	Waveform 1	1	531.806664063	531.903997396	22000.000	38000.000	0.2466
215	Spectrogram 1	1	531.806664063	531.903997396	22000.000	38000.000	0.2466
216	Waveform 1	1	532.023997396	532.095330729	22000.000	38000.000	0.3271
216	Spectrogram 1	1	532.023997396	532.095330729	22000.000	38000.000	0.3271
217	Waveform 1	1	532.219330729	532.270664063	22000.000	38000.000	0.4935
217	Spectrogram 1	1	532.219330729	532.270664063	22000.000	38000.000	0.4935
218	Waveform 1	1	532.373330729	532.400664063	22000.000	38000.000	0.2439
218	Spectrogram 1	1	532.373330729	532.400664063	22000.000	38000.000	0.2439
219	Waveform 1	1	532.504664063	532.532664063	22000.000	38000.000	0.2619
219	Spectrogram 1	1	532.504664063	532.532664063	22000.000	38000.000	0.2619
220	Waveform 1	1	533.081997396	533.147330729	22000.000	38000.000	0.2143
220	Spectrogram 1	1	533.081997396	533.147330729	22000.000	38000.000	0.2143
221	Waveform 1	1	533.332664063	533.400664063	22000.000	38000.000	0.1275
221	Spectrogram 1	1	533.332664063	533.400664063	22000.000	38000.000	0.1275
222	Waveform 1	1	533.685997396	533.731997396	22000.000	38000.000	0.1594
222	Spectrogram 1	1	533.685997396	533.731997396	22000.000	38000.000	0.1594
223	Waveform 1	1	533.953997396	534.003330729	22000.000	38000.000	0.2027
223	Spectrogram 1	1	533.953997396	534.003330729	22000.000	38000.000	0.2027
224	Waveform 1	1	534.713997396	534.778664063	22000.000	38000.000	0.1134
224	Spectrogram 1	1	534.713997396	534.778664063	22000.000	38000.000	0.1134
225	Waveform 1	1	535.325330729	535.419330729	22000.000	38000.000	0.0922
225	Spectrogram 1	1	535.325330729	535.419330729	22000.000	38000.000	0.0922
226	Waveform 1	1	535.652664063	535.696664063	22000.000	38000.000	0.1364
226	Spectrogram 1	1	535.652664063	535.696664063	22000.000	38000.000	0.1364
227	Waveform 1	1	535.956664063	536.029997396	22000.000	38000.000	0.1091
227	Spectrogram 1	1	535.956664063	536.029997396	22000.000	38000.000	0.1091
228	Waveform 1	1	536.407330729	536.434664063	22000.000	38000.000	0.1951
228	Spectrogram 1	1	536.407330729	536.434664063	22000.000	38000.000	0.1951
229	Waveform 1	1	536.699330729	536.777330729	22000.000	38000.000	0.1538
229	Spectrogram 1	1	536.699330729	536.777330729	22000.000	38000.000	0.1538
230	Waveform 1	1	537.129997396	537.155997396	22000.000	38000.000	0.3077
230	Spectrogram 1	1	537.129997396	537.155997396	22000.000	38000.000	0.3077
231	Waveform 1	1	537.429330729	537.497997396	22000.000	38000.000	0.1359
231	Spectrogram 1	1	537.429330729	537.497997396	22000.000	38000.000	0.1359
232	Waveform 1	1	537.730664063	537.787330729	22000.000	38000.000	0.2235
232	Spectrogram 1	1	537.730664063	537.787330729	22000.000	38000.000	0.2235
233	Waveform 1	1	538.329997396	538.381997396	22000.000	38000.000	0.3077
233	Spectrogram 1	1	538.329997396	538.381997396	22000.000	38000.000	0.3077
234	Waveform 1	1	538.759330729	538.809997396	22000.000	38000.000	0.1447
234	Spectrogram 1	1	538.759330729	538.809997396	22000.000	38000.000	0.1447
235	Waveform 1	1	539.069330729	539.070664063	22000.000	38000.000	1.0000
235	Spectrogram 1	1	539.069330729	539.070664063	22000.000	38000.000	1.0000
236	Waveform 1	1	539.359997396	539.381997396	22000.000	38000.000	0.3939
236	Spectrogram 1	1	539.359997396	539.381997396	22000.000	38000.000	0.3939
237	Waveform 1	1	539.797997396	539.810664062	22000.000	38000.000	0.2632
237	Spectrogram 1	1	539.797997396	539.810664062	22000.000	38000.000	0.2632
238	Waveform 1	1	541.705997396	541.710664063	22000.000	38000.000	0.7143
238	Spectrogram 1	1	541.705997396	541.710664063	22000.000	38000.000	0.7143
239	Waveform 1	1	692.878664063	692.879997396	22000.000	38000.000	1.0000
239	Spectrogram 1	1	692.878664063	692.879997396	22000.000	38000.000	1.0000
240	Waveform 1	1	770.010664063	770.012664062	22000.000	38000.000	1.0000
240	Spectrogram 1	1	770.010664063	770.012664062	22000.000	38000.000	1.0000
241	Waveform 1	1	771.666664063	771.675330729	22000.000	38000.000	0.1538
241	Spectrogram 1	1	771.666664063	771.675330729	22000.000	38000.000	0.1538
242	Waveform 1	1	771.759997396	771.781997396	22000.000	38000.000	0.1818
242	Spectrogram 1	1	771.759997396	771.781997396	22000.000	38000.000	0.1818
243	Waveform 1	1	806.211997396	806.249330729	22000.000	38000.000	0.1250
243	Spectrogram 1	1	806.211997396	806.249330729	22000.000	38000.000	0.1250
244	Waveform 1	1	806.329997396	806.367330729	22000.000	38000.000	0.1429
244	Spectrogram 1	1	806.329997396	806.367330729	22000.000	38000.000	0.1429
245	Waveform 1	1	806.531997396	806.583997396	22000.000	38000.000	0.1282
245	Spectrogram 1	1	806.531997396	806.583997396	22000.000	38000.000	0.1282
246	Waveform 1	1	806.971330729	807.023997396	22000.000	38000.000	0.1266
246	Spectrogram 1	1	806.971330729	807.023997396	22000.000	38000.000	0.1266
247	Waveform 1	1	807.683997396	807.692664063	22000.000	38000.000	0.2308
247	Spectrogram 1	1	807.683997396	807.692664063	22000.000	38000.000	0.2308
248	Waveform 1	1	808.405997396	808.410664063	22000.000	38000.000	0.2857
248	Spectrogram 1	1	808.405997396	808.410664063	22000.000	38000.000	0.2857
249	Waveform 1	1	808.723330729	808.729997396	22000.000	38000.000	0.2000
249	Spectrogram 1	1	808.723330729	808.729997396	22000.000	38000.000	0.2000
250	Waveform 1	1	839.372664063	839.375330729	22000.000	38000.000	0.5000
250	Spectrogram 1	1	839.372664063	839.375330729	22000.000	38000.000	0.5000
251	Waveform 1	1	840.616664063	840.627330729	22000.000	38000.000	0.1250
251	Spectrogram 1	1	840.616664063	840.627330729	22000.000	38000.000	0.1250
252	Waveform 1	1	842.001330729	842.005997396	22000.000	38000.000	0.2857
252	Spectrogram 1	1	842.001330729	842.005997396	22000.000	38000.000	0.2857
253	Waveform 1	1	842.321330729	842.327330729	22000.000	38000.000	0.3333
253	Spectrogram 1	1	842.321330729	842.327330729	22000.000	38000.000	0.3333
254	Waveform 1	1	842.929997396	842.949330729	22000.000	38000.000	0.1379
254	Spectrogram 1	1	842.929997396	842.949330729	22000.000	38000.000	0.1379
255	Waveform 1	1	843.231997396	843.234664063	22000.000	38000.000	1.0000
255	Spectrogram 1	1	843.231997396	843.234664063	22000.000	38000.000	1.0000
256	Waveform 1	1	844.175330729	844.189330729	22000.000	38000.000	0.1905
256	Spectrogram 1	1	844.175330729	844.189330729	22000.000	38000.000	0.1905
257	Waveform 1	1	844.499997396	844.503997396	22000.000	38000.000	0.3333
257	Spectrogram 1	1	844.499997396	844.503997396	22000.000	38000.000	0.3333
258	Waveform 1	1	844.828664063	844.830664063	22000.000	38000.000	1.0000
258	Spectrogram 1	1	844.828664063	844.830664063	22000.000	38000.000	1.0000
259	Waveform 1	1	845.442664063	845.491997396	22000.000	38000.000	0.1081
259	Spectrogram 1	1	845.442664063	845.491997396	22000.000	38000.000	0.1081
260	Waveform 1	1	846.077997396	846.129997396	22000.000	38000.000	0.1282
260	Spectrogram 1	1	846.077997396	846.129997396	22000.000	38000.000	0.1282
261	Waveform 1	1	846.391997396	846.432664063	22000.000	38000.000	0.1803
261	Spectrogram 1	1	846.391997396	846.432664063	22000.000	38000.000	0.1803
262	Waveform 1	1	847.019997396	847.089997396	22000.000	38000.000	0.0857
262	Spectrogram 1	1	847.019997396	847.089997396	22000.000	38000.000	0.0857
263	Waveform 1	1	847.360664063	847.373330729	22000.000	38000.000	0.2105
263	Spectrogram 1	1	847.360664063	847.373330729	22000.000	38000.000	0.2105
264	Waveform 1	1	847.481330729	847.494664063	22000.000	38000.000	0.1000
264	Spectrogram 1	1	847.481330729	847.494664063	22000.000	38000.000	0.1000
265	Waveform 1	1	847.602664063	847.615330729	22000.000	38000.000	0.1579
265	Spectrogram 1	1	847.602664063	847.615330729	22000.000	38000.000	0.1579
266	Waveform 1	1	847.729330729	847.738664063	22000.000	38000.000	0.5000
266	Spectrogram 1	1	847.729330729	847.738664063	22000.000	38000.000	0.5000
267	Waveform 1	1	847.977330729	847.985997396	22000.000	38000.000	0.1538
267	Spectrogram 1	1	847.977330729	847.985997396	22000.000	38000.000	0.1538
268	Waveform 1	1	848.078664063	848.088664063	22000.000	38000.000	0.2000
268	Spectrogram 1	1	848.078664063	848.088664063	22000.000	38000.000	0.2000
269	Waveform 1	1	848.189997396	848.197997396	22000.000	38000.000	0.1667
269	Spectrogram 1	1	848.189997396	848.197997396	22000.000	38000.000	0.1667
270	Waveform 1	1	848.434664063	848.440664063	22000.000	38000.000	0.4444
270	Spectrogram 1	1	848.434664063	848.440664063	22000.000	38000.000	0.4444
271	Waveform 1	1	849.792664063	849.795997396	22000.000	38000.000	0.6000
271	Spectrogram 1	1	849.792664063	849.795997396	22000.000	38000.000	0.6000
272	Waveform 1	1	849.941997396	849.959997396	22000.000	38000.000	0.1111
272	Spectrogram 1	1	849.941997396	849.959997396	22000.000	38000.000	0.1111
273	Waveform 1	1	850.220664063	850.253997396	22000.000	38000.000	0.2000
273	Spectrogram 1	1	850.220664063	850.253997396	22000.000	38000.000	0.2000
274	Waveform 1	1	850.509330729	850.532664063	22000.000	38000.000	0.1714
274	Spectrogram 1	1	850.509330729	850.532664063	22000.000	38000.000	0.1714
275	Waveform 1	1	850.950664063	851.011997396	22000.000	38000.000	0.0870
275	Spectrogram 1	1	850.950664063	851.011997396	22000.000	38000.000	0.0870
276	Waveform 1	1	851.115330729	851.177997396	22000.000	38000.000	0.2021
276	Spectrogram 1	1	851.115330729	851.177997396	22000.000	38000.000	0.2021
277	Waveform 1	1	851.283330729	851.345330729	22000.000	38000.000	0.1505
277	Spectrogram 1	1	851.283330729	851.345330729	22000.000	38000.000	0.1505
278	Waveform 1	1	851.447997396	851.481330729	22000.000	38000.000	0.2600
278	Spectrogram 1	1	851.447997396	851.481330729	22000.000	38000.000	0.2600
279	Waveform 1	1	851.611330729	851.641997396	22000.000	38000.000	0.3478
279	Spectrogram 1	1	851.611330729	851.641997396	22000.000	38000.000	0.3478
280	Waveform 1	1	851.768664063	851.822664063	22000.000	38000.000	0.3210
280	Spectrogram 1	1	851.768664063	851.822664063	22000.000	38000.000	0.3210
281	Waveform 1	1	852.071997396	852.107997396	22000.000	38000.000	0.1481
281	Spectrogram 1	1	852.071997396	852.107997396	22000.000	38000.000	0.1481
282	Waveform 1	1	852.391330729	852.433330729	22000.000	38000.000	0.1429
282	Spectrogram 1	1	852.391330729	852.433330729	22000.000	38000.000	0.1429
283	Waveform 1	1	853.010664063	853.079997396	22000.000	38000.000	0.1827
283	Spectrogram 1	1	853.010664063	853.079997396	22000.000	38000.000	0.1827
284	Waveform 1	1	853.317330729	853.371330729	22000.000	38000.000	0.1111
284	Spectrogram 1	1	853.317330729	853.371330729	22000.000	38000.000	0.1111
285	Waveform 1	1	853.639997396	853.725997396	22000.000	38000.000	0.1008
285	Spectrogram 1	1	853.639997396	853.725997396	22000.000	38000.000	0.1008
286	Waveform 1	1	854.282664063	854.365330729	22000.000	38000.000	0.1129
286	Spectrogram 1	1	854.282664063	854.365330729	22000.000	38000.000	0.1129
287	Waveform 1	1	854.597330729	854.671997396	22000.000	38000.000	0.0893
287	Spectrogram 1	1	854.597330729	854.671997396	22000.000	38000.000	0.0893
288	Waveform 1	1	854.969997396	855.065997396	22000.000	38000.000	0.1250
288	Spectrogram 1	1	854.969997396	855.065997396	22000.000	38000.000	0.1250
289	Waveform 1	1	855.135330729	855.139330729	22000.000	38000.000	0.6667
289	Spectrogram 1	1	855.135330729	855.139330729	22000.000	38000.000	0.6667
290	Waveform 1	1	855.213330729	855.225997396	22000.000	38000.000	0.3684
290	Spectrogram 1	1	855.213330729	855.225997396	22000.000	38000.000	0.3684
291	Waveform 1	1	855.412664063	855.421330729	22000.000	38000.000	0.3077
291	Spectrogram 1	1	855.412664063	855.421330729	22000.000	38000.000	0.3077
292	Waveform 1	1	856.569997396	856.589330729	22000.000	38000.000	0.2414
292	Spectrogram 1	1	856.569997396	856.589330729	22000.000	38000.000	0.2414
293	Waveform 1	1	856.723997396	856.732664063	22000.000	38000.000	0.1538
293	Spectrogram 1	1	856.723997396	856.732664063	22000.000	38000.000	0.1538
294	Waveform 1	1	857.149997396	857.231330729	22000.000	38000.000	0.1066
294	Spectrogram 1	1	857.149997396	857.231330729	22000.000	38000.000	0.1066
295	Waveform 1	1	857.455997396	857.496664063	22000.000	38000.000	0.1475
295	Spectrogram 1	1	857.455997396	857.496664063	22000.000	38000.000	0.1475
296	Waveform 1	1	857.733997396	857.811997396	22000.000	38000.000	0.0855
296	Spectrogram 1	1	857.733997396	857.811997396	22000.000	38000.000	0.0855
297	Waveform 1	1	858.039997396	858.096664063	22000.000	38000.000	0.1294
297	Spectrogram 1	1	858.039997396	858.096664063	22000.000	38000.000	0.1294
298	Waveform 1	1	858.353330729	858.441330729	22000.000	38000.000	0.0833
298	Spectrogram 1	1	858.353330729	858.441330729	22000.000	38000.000	0.0833
299	Waveform 1	1	858.753997396	858.818664063	22000.000	38000.000	0.4124
299	Spectrogram 1	1	858.753997396	858.818664063	22000.000	38000.000	0.4124
300	Waveform 1	1	858.939997396	858.985330729	22000.000	38000.000	0.0735
300	Spectrogram 1	1	858.939997396	858.985330729	22000.000	38000.000	0.0735
301	Waveform 1	1	859.387330729	859.475330729	22000.000	38000.000	0.1288
301	Spectrogram 1	1	859.387330729	859.475330729	22000.000	38000.000	0.1288
302	Waveform 1	1	859.863997396	859.934664063	22000.000	38000.000	0.1887
302	Spectrogram 1	1	859.863997396	859.934664063	22000.000	38000.000	0.1887
303	Waveform 1	1	860.332664063	860.407330729	22000.000	38000.000	0.1696
303	Spectrogram 1	1	860.332664063	860.407330729	22000.000	38000.000	0.1696
304	Waveform 1	1	860.501330729	860.592664063	22000.000	38000.000	0.1533
304	Spectrogram 1	1	860.501330729	860.592664063	22000.000	38000.000	0.1533
305	Waveform 1	1	860.658664063	860.719997396	22000.000	38000.000	0.2391
305	Spectrogram 1	1	860.658664063	860.719997396	22000.000	38000.000	0.2391
306	Waveform 1	1	860.817330729	860.875997396	22000.000	38000.000	0.2500
306	Spectrogram 1	1	860.817330729	860.875997396	22000.000	38000.000	0.2500
307	Waveform 1	1	860.987330729	861.000664063	22000.000	38000.000	0.2500
307	Spectrogram 1	1	860.987330729	861.000664063	22000.000	38000.000	0.2500
308	Waveform 1	1	861.281330729	861.349997396	22000.000	38000.000	0.2524
308	Spectrogram 1	1	861.281330729	861.349997396	22000.000	38000.000	0.2524
309	Waveform 1	1	861.595330729	861.612664063	22000.000	38000.000	0.1154
309	Spectrogram 1	1	861.595330729	861.612664063	22000.000	38000.000	0.1154
310	Waveform 1	1	861.889997396	861.961997396	22000.000	38000.000	0.0926
310	Spectrogram 1	1	861.889997396	861.961997396	22000.000	38000.000	0.0926
311	Waveform 1	1	862.199330729	862.207330729	22000.000	38000.000	0.1667
311	Spectrogram 1	1	862.199330729	862.207330729	22000.000	38000.000	0.1667
312	Waveform 1	1	862.374664063	862.419997396	22000.000	38000.000	0.1618
312	Spectrogram 1	1	862.374664063	862.419997396	22000.000	38000.000	0.1618
313	Waveform 1	1	862.682664063	862.683997396	22000.000	38000.000	1.0000
313	Spectrogram 1	1	862.682664063	862.683997396	22000.000	38000.000	1.0000
314	Waveform 1	1	862.813330729	862.871997396	22000.000	38000.000	0.0909
314	Spectrogram 1	1	862.813330729	862.871997396	22000.000	38000.000	0.0909
315	Waveform 1	1	862.964664063	862.987997396	22000.000	38000.000	0.2000
315	Spectrogram 1	1	862.964664063	862.987997396	22000.000	38000.000	0.2000
316	Waveform 1	1	863.133997396	863.139997396	22000.000	38000.000	0.3333
316	Spectrogram 1	1	863.133997396	863.139997396	22000.000	38000.000	0.3333
317	Waveform 1	1	863.577330729	863.650664063	22000.000	38000.000	0.1091
317	Spectrogram 1	1	863.577330729	863.650664063	22000.000	38000.000	0.1091
318	Waveform 1	1	865.255997396	865.319997396	22000.000	38000.000	0.0729
318	Spectrogram 1	1	865.255997396	865.319997396	22000.000	38000.000	0.0729
319	Waveform 1	1	865.401997396	865.416664063	22000.000	38000.000	0.1818
319	Spectrogram 1	1	865.401997396	865.416664063	22000.000	38000.000	0.1818
320	Waveform 1	1	865.658664063	865.695330729	22000.000	38000.000	0.1455
320	Spectrogram 1	1	865.658664063	865.695330729	22000.000	38000.000	0.1455
321	Waveform 1	1	865.936664063	865.941997396	22000.000	38000.000	0.2500
321	Spectrogram 1	1	865.936664063	865.941997396	22000.000	38000.000	0.2500
322	Waveform 1	1	866.989997396	866.995997396	22000.000	38000.000	0.3333
322	Spectrogram 1	1	866.989997396	866.995997396	22000.000	38000.000	0.3333
323	Waveform 1	1	867.932664063	867.937997396	22000.000	38000.000	0.2500
323	Spectrogram 1	1	867.932664063	867.937997396	22000.000	38000.000	0.2500
324	Waveform 1	1	894.283330729	894.291330729	22000.000	38000.000	0.2500
324	Spectrogram 1	1	894.283330729	894.291330729	22000.000	38000.000	0.2500
325	Waveform 1	1	895.726664063	895.727997396	22000.000	38000.000	1.0000
325	Spectrogram 1	1	895.726664063	895.727997396	22000.000	38000.000	1.0000
326	Waveform 1	1	896.027997396	896.032664063	22000.000	38000.000	0.7143
326	Spectrogram 1	1	896.027997396	896.032664063	22000.000	38000.000	0.7143
327	Waveform 1	1	896.323997396	896.331997396	22000.000	38000.000	0.5833
327	Spectrogram 1	1	896.323997396	896.331997396	22000.000	38000.000	0.5833
328	Waveform 1	1	896.621997396	896.635997396	22000.000	38000.000	0.2857
328	Spectrogram 1	1	896.621997396	896.635997396	22000.000	38000.000	0.2857
329	Waveform 1	1	896.938664063	896.941330729	22000.000	38000.000	1.0000
329	Spectrogram 1	1	896.938664063	896.941330729	22000.000	38000.000	1.0000
330	Waveform 1	1	897.369997396	897.385330729	22000.000	38000.000	0.2174
330	Spectrogram 1	1	897.369997396	897.385330729	22000.000	38000.000	0.2174
331	Waveform 1	1	898.129997396	898.141330729	22000.000	38000.000	0.5882
331	Spectrogram 1	1	898.129997396	898.141330729	22000.000	38000.000	0.5882
332	Waveform 1	1	898.863330729	898.885997396	22000.000	38000.000	0.2647
332	Spectrogram 1	1	898.863330729	898.885997396	22000.000	38000.000	0.2647
333	Waveform 1	1	902.409330729	902.411997396	22000.000	38000.000	0.7500
333	Spectrogram 1	1	902.409330729	902.411997396	22000.000	38000.000	0.7500
334	Waveform 1	1	902.620664063	902.629997396	22000.000	38000.000	0.2857
334	Spectrogram 1	1	902.620664063	902.629997396	22000.000	38000.000	0.2857
335	Waveform 1	1	902.870664063	902.882664062	22000.000	38000.000	0.1667
335	Spectrogram 1	1	902.870664063	902.882664062	22000.000	38000.000	0.1667
336	Waveform 1	1	903.453330729	903.454664063	22000.000	38000.000	1.0000
336	Spectrogram 1	1	903.453330729	903.454664063	22000.000	38000.000	1.0000
337	Waveform 1	1	903.749330729	903.756664063	22000.000	38000.000	0.2727
337	Spectrogram 1	1	903.749330729	903.756664063	22000.000	38000.000	0.2727
338	Waveform 1	1	904.035997396	904.042664063	22000.000	38000.000	0.2000
338	Spectrogram 1	1	904.035997396	904.042664063	22000.000	38000.000	0.2000
339	Waveform 1	1	904.337997396	904.350664063	22000.000	38000.000	0.3684
339	Spectrogram 1	1	904.337997396	904.350664063	22000.000	38000.000	0.3684
340	Waveform 1	1	904.926664063	904.933997396	22000.000	38000.000	0.4545
340	Spectrogram 1	1	904.926664063	904.933997396	22000.000	38000.000	0.4545
341	Waveform 1	1	905.223997396	905.228664063	22000.000	38000.000	0.2857
341	Spectrogram 1	1	905.223997396	905.228664063	22000.000	38000.000	0.2857
342	Waveform 1	1	905.526664063	905.541330729	22000.000	38000.000	0.4545
342	Spectrogram 1	1	905.526664063	905.541330729	22000.000	38000.000	0.4545
343	Waveform 1	1	905.832664063	905.845330729	22000.000	38000.000	0.4211
343	Spectrogram 1	1	905.832664063	905.845330729	22000.000	38000.000	0.4211
344	Waveform 1	1	907.501997396	907.505997396	22000.000	38000.000	0.5000
344	Spectrogram 1	1	907.501997396	907.505997396	22000.000	38000.000	0.5000
345	Waveform 1	1	908.515997396	908.519330729	22000.000	38000.000	0.8000
345	Spectrogram 1	1	908.515997396	908.519330729	22000.000	38000.000	0.8000
346	Waveform 1	1	918.910664063	918.915330729	22000.000	38000.000	0.4286
346	Spectrogram 1	1	918.910664063	918.915330729	22000.000	38000.000	0.4286
347	Waveform 1	1	1478.059997396	1478.063997396	22000.000	38000.000	0.3333
347	Spectrogram 1	1	1478.059997396	1478.063997396	22000.000	38000.000	0.3333
348	Waveform 1	1	1480.065997396	1480.067997396	22000.000	38000.000	1.0000
348	Spectrogram 1	1	1480.065997396	1480.067997396	22000.000	38000.000	1.0000
349	Waveform 1	1	1480.164664062	1480.169997396	22000.000	38000.000	0.2500
349	Spectrogram 1	1	1480.164664062	1480.169997396	22000.000	38000.000	0.2500
350	Waveform 1	1	1670.077997396	1670.079330729	22000.000	38000.000	1.0000
350	Spectrogram 1	1	1670.077997396	1670.079330729	22000.000	38000.000	1.0000
