Selection	View	Channel	Begin Time (s)	End Time (s)	Low Freq (Hz)	High Freq (Hz)	Occupancy
1	Waveform 1	1	9.683997396	9.687997396	38000.000	81000.000	0.8333
1	Spectrogram 1	1	9.683997396	9.687997396	38000.000	81000.000	0.8333
2	Waveform 1	1	10.347330729	10.349997396	38000.000	81000.000	0.7500
2	Spectrogram 1	1	10.347330729	10.349997396	38000.000	81000.000	0.7500
3	Waveform 1	1	10.452664063	10.457330729	38000.000	81000.000	0.5714
3	Spectrogram 1	1	10.452664063	10.457330729	38000.000	81000.000	0.5714
4	Waveform 1	1	10.550664063	10.555997396	38000.000	81000.000	0.5000
4	Spectrogram 1	1	10.550664063	10.555997396	38000.000	81000.000	0.5000
5	Waveform 1	1	10.653997396	10.656664063	38000.000	81000.000	0.7500
5	Spectrogram 1	1	10.653997396	10.656664063	38000.000	81000.000	0.7500
6	Waveform 1	1	10.757330729	10.759997396	38000.000	81000.000	0.7500
6	Spectrogram 1	1	10.757330729	10.759997396	38000.000	81000.000	0.7500
7	Waveform 1	1	10.869330729	10.877330729	38000.000	81000.000	0.5833
7	Spectrogram 1	1	10.869330729	10.877330729	38000.000	81000.000	0.5833
8	Waveform 1	1	11.053997396	11.055330729	38000.000	81000.000	1.0000
8	Spectrogram 1	1	11.053997396	11.055330729	38000.000	81000.000	1.0000
9	Waveform 1	1	11.159330729	11.163997396	38000.000	81000.000	0.8571
9	Spectrogram 1	1	11.159330729	11.163997396	38000.000	81000.000	0.8571
10	Waveform 1	1	11.469997396	11.472664062	38000.000	81000.000	1.0000
10	Spectrogram 1	1	11.469997396	11.472664062	38000.000	81000.000	1.0000
11	Waveform 1	1	11.667997396	11.670664063	38000.000	81000.000	0.7500
11	Spectrogram 1	1	11.667997396	11.670664063	38000.000	81000.000	0.7500
12	Waveform 1	1	11.969330729	11.971997396	38000.000	81000.000	1.0000
12	Spectrogram 1	1	11.969330729	11.971997396	38000.000	81000.000	1.0000
13	Waveform 1	1	12.390664063	12.412664063	38000.000	81000.000	0.2121
13	Spectrogram 1	1	12.390664063	12.412664063	38000.000	81000.000	0.2121
14	Waveform 1	1	12.459330729	12.468664063	38000.000	81000.000	0.8571
14	Spectrogram 1	1	12.459330729	12.468664063	38000.000	81000.000	0.8571
15	Waveform 1	1	12.535997396	12.553997396	38000.000	81000.000	0.4815
15	Spectrogram 1	1	12.535997396	12.553997396	38000.000	81000.000	0.4815
16	Waveform 1	1	12.632664062	12.652664062	38000.000	81000.000	0.2000
16	Spectrogram 1	1	12.632664062	12.652664062	38000.000	81000.000	0.2000
17	Waveform 1	1	12.829997396	12.831330729	38000.000	81000.000	1.0000
17	Spectrogram 1	1	12.829997396	12.831330729	38000.000	81000.000	1.0000
18	Waveform 1	1	12.851330729	12.861997396	38000.000	81000.000	0.3125
18	Spectrogram 1	1	12.851330729	12.861997396	38000.000	81000.000	0.3125
19	Waveform 1	1	13.114664063	13.139330729	38000.000	81000.000	0.2973
19	Spectrogram 1	1	13.114664063	13.139330729	38000.000	81000.000	0.2973
20	Waveform 1	1	13.216664062	13.223997396	38000.000	81000.000	0.2727
20	Spectrogram 1	1	13.216664062	13.223997396	38000.000	81000.000	0.2727
21	Waveform 1	1	13.305997396	13.327997396	38000.000	81000.000	0.3636
21	Spectrogram 1	1	13.305997396	13.327997396	38000.000	81000.000	0.3636
22	Waveform 1	1	13.405997396	13.407330729	38000.000	81000.000	1.0000
22	Spectrogram 1	1	13.405997396	13.407330729	38000.000	81000.000	1.0000
23	Waveform 1	1	13.775997396	13.777330729	38000.000	81000.000	1.0000
23	Spectrogram 1	1	13.775997396	13.777330729	38000.000	81000.000	1.0000
24	Waveform 1	1	14.245330729	14.251997396	38000.000	81000.000	0.3000
24	Spectrogram 1	1	14.245330729	14.251997396	38000.000	81000.000	0.3000
25	Waveform 1	1	14.422664063	14.423997396	38000.000	81000.000	1.0000
25	Spectrogram 1	1	14.422664063	14.423997396	38000.000	81000.000	1.0000
26	Waveform 1	1	26.009330729	26.010664063	38000.000	81000.000	1.0000
26	Spectrogram 1	1	26.009330729	26.010664063	38000.000	81000.000	1.0000
27	Waveform 1	1	26.168664062	26.172664063	38000.000	81000.000	0.3333
27	Spectrogram 1	1	26.168664062	26.172664063	38000.000	81000.000	0.3333
28	Waveform 1	1	26.233330729	26.237330729	38000.000	81000.000	0.5000
28	Spectrogram 1	1	26.233330729	26.237330729	38000.000	81000.000	0.5000
29	Waveform 1	1	26.416664063	26.424664062	38000.000	81000.000	0.7500
29	Spectrogram 1	1	26.416664063	26.424664062	38000.000	81000.000	0.7500
30	Waveform 1	1	26.517997396	26.528664062	38000.000	81000.000	0.3750
30	Spectrogram 1	1	26.517997396	26.528664062	38000.000	81000.000	0.3750
31	Waveform 1	1	26.621997396	26.627997396	38000.000	81000.000	0.6667
31	Spectrogram 1	1	26.621997396	26.627997396	38000.000	81000.000	0.6667
32	Waveform 1	1	26.709997396	26.728664063	38000.000	81000.000	0.2500
32	Spectrogram 1	1	26.709997396	26.728664063	38000.000	81000.000	0.2500
33	Waveform 1	1	26.826664063	26.831997396	38000.000	81000.000	0.7500
33	Spectrogram 1	1	26.826664063	26.831997396	38000.000	81000.000	0.7500
34	Waveform 1	1	26.891997396	26.896664063	38000.000	81000.000	0.2857
34	Spectrogram 1	1	26.891997396	26.896664063	38000.000	81000.000	0.2857
35	Waveform 1	1	26.929330729	26.941330729	38000.000	81000.000	0.5000
35	Spectrogram 1	1	26.929330729	26.941330729	38000.000	81000.000	0.5000
36	Waveform 1	1	27.034664062	27.047997396	38000.000	81000.000	0.5500
36	Spectrogram 1	1	27.034664062	27.047997396	38000.000	81000.000	0.5500
37	Waveform 1	1	27.134664063	27.146664063	38000.000	81000.000	0.5556
37	Spectrogram 1	1	27.134664063	27.146664063	38000.000	81000.000	0.5556
38	Waveform 1	1	27.249330729	27.258664062	38000.000	81000.000	0.3571
38	Spectrogram 1	1	27.249330729	27.258664062	38000.000	81000.000	0.3571
39	Waveform 1	1	27.357997396	27.376664063	38000.000	81000.000	0.7143
39	Spectrogram 1	1	27.357997396	27.376664063	38000.000	81000.000	0.7143
40	Waveform 1	1	27.461997396	27.476664062	38000.000	81000.000	0.3636
40	Spectrogram 1	1	27.461997396	27.476664062	38000.000	81000.000	0.3636
41	Waveform 1	1	27.561997396	27.583997396	38000.000	81000.000	0.6364
41	Spectrogram 1	1	27.561997396	27.583997396	38000.000	81000.000	0.6364
42	Waveform 1	1	27.667997396	27.686664063	38000.000	81000.000	0.2857
42	Spectrogram 1	1	27.667997396	27.686664063	38000.000	81000.000	0.2857
43	Waveform 1	1	27.770664062	27.779330729	38000.000	81000.000	0.5385
43	Spectrogram 1	1	27.770664062	27.779330729	38000.000	81000.000	0.5385
44	Waveform 1	1	27.867997396	27.885997396	38000.000	81000.000	0.6667
44	Spectrogram 1	1	27.867997396	27.885997396	38000.000	81000.000	0.6667
45	Waveform 1	1	27.977330729	27.979330729	38000.000	81000.000	1.0000
45	Spectrogram 1	1	27.977330729	27.979330729	38000.000	81000.000	1.0000
46	Waveform 1	1	28.223997396	28.226664062	38000.000	81000.000	1.0000
46	Spectrogram 1	1	28.223997396	28.226664062	38000.000	81000.000	1.0000
47	Waveform 1	1	28.247997396	28.249330729	38000.000	81000.000	1.0000
47	Spectrogram 1	1	28.247997396	28.249330729	38000.000	81000.000	1.0000
48	Waveform 1	1	28.433330729	28.435997396	38000.000	81000.000	0.7500
48	Spectrogram 1	1	28.433330729	28.435997396	38000.000	81000.000	0.7500
49	Waveform 1	1	28.632664063	28.659330729	38000.000	81000.000	0.6000
49	Spectrogram 1	1	28.632664063	28.659330729	38000.000	81000.000	0.6000
50	Waveform 1	1	28.746664062	28.765997396	38000.000	81000.000	0.4138
50	Spectrogram 1	1	28.746664062	28.765997396	38000.000	81000.000	0.4138
51	Waveform 1	1	28.855997396	28.878664063	38000.000	81000.000	0.4706
51	Spectrogram 1	1	28.855997396	28.878664063	38000.000	81000.000	0.4706
52	Waveform 1	1	28.953330729	28.965330729	38000.000	81000.000	0.8889
52	Spectrogram 1	1	28.953330729	28.965330729	38000.000	81000.000	0.8889
53	Waveform 1	1	29.053997396	29.081330729	38000.000	81000.000	0.3902
53	Spectrogram 1	1	29.053997396	29.081330729	38000.000	81000.000	0.3902
54	Waveform 1	1	29.189330729	29.214664062	38000.000	81000.000	0.5526
54	Spectrogram 1	1	29.189330729	29.214664062	38000.000	81000.000	0.5526
55	Waveform 1	1	29.291330729	29.297997396	38000.000	81000.000	0.4000
55	Spectrogram 1	1	29.291330729	29.297997396	38000.000	81000.000	0.4000
56	Waveform 1	1	29.408664063	29.411330729	38000.000	81000.000	1.0000
56	Spectrogram 1	1	29.408664063	29.411330729	38000.000	81000.000	1.0000
57	Waveform 1	1	29.636664062	29.652664063	38000.000	81000.000	0.2917
57	Spectrogram 1	1	29.636664062	29.652664063	38000.000	81000.000	0.2917
58	Waveform 1	1	29.872664063	29.875330729	38000.000	81000.000	0.7500
58	Spectrogram 1	1	29.872664063	29.875330729	38000.000	81000.000	0.7500
59	Waveform 1	1	30.135330729	30.151330729	38000.000	81000.000	0.2917
59	Spectrogram 1	1	30.135330729	30.151330729	38000.000	81000.000	0.2917
60	Waveform 1	1	30.371997396	30.382664063	38000.000	81000.000	0.2500
60	Spectrogram 1	1	30.371997396	30.382664063	38000.000	81000.000	0.2500
61	Waveform 1	1	30.695330729	30.701330729	38000.000	81000.000	0.3333
61	Spectrogram 1	1	30.695330729	30.701330729	38000.000	81000.000	0.3333
62	Waveform 1	1	31.633330729	31.634664063	38000.000	81000.000	1.0000
62	Spectrogram 1	1	31.633330729	31.634664063	38000.000	81000.000	1.0000
63	Waveform 1	1	32.127330729	32.132664062	38000.000	81000.000	0.2500
63	Spectrogram 1	1	32.127330729	32.132664062	38000.000	81000.000	0.2500
64	Waveform 1	1	32.540664062	32.541997396	38000.000	81000.000	1.0000
64	Spectrogram 1	1	32.540664062	32.541997396	38000.000	81000.000	1.0000
65	Waveform 1	1	33.065997396	33.076664063	38000.000	81000.000	0.3125
65	Spectrogram 1	1	33.065997396	33.076664063	38000.000	81000.000	0.3125
66	Waveform 1	1	33.380664063	33.382664062	38000.000	81000.000	1.0000
66	Spectrogram 1	1	33.380664063	33.382664062	38000.000	81000.000	1.0000
67	Waveform 1	1	33.570664063	33.584664063	38000.000	81000.000	0.2857
67	Spectrogram 1	1	33.570664063	33.584664063	38000.000	81000.000	0.2857
68	Waveform 1	1	33.672664062	33.675997396	38000.000	81000.000	0.6000
68	Spectrogram 1	1	33.672664062	33.675997396	38000.000	81000.000	0.6000
69	Waveform 1	1	33.917997396	33.919330729	38000.000	81000.000	1.0000
69	Spectrogram 1	1	33.917997396	33.919330729	38000.000	81000.000	1.0000
70	Waveform 1	1	34.143330729	34.144664062	38000.000	81000.000	1.0000
70	Spectrogram 1	1	34.143330729	34.144664062	38000.000	81000.000	1.0000
71	Waveform 1	1	34.251330729	34.252664063	38000.000	81000.000	1.0000
71	Spectrogram 1	1	34.251330729	34.252664063	38000.000	81000.000	1.0000
72	Waveform 1	1	34.758664063	34.760664062	38000.000	81000.000	0.6667
72	Spectrogram 1	1	34.758664063	34.760664062	38000.000	81000.000	0.6667
73	Waveform 1	1	34.929330729	34.931330729	38000.000	81000.000	1.0000
73	Spectrogram 1	1	34.929330729	34.931330729	38000.000	81000.000	1.0000
74	Waveform 1	1	35.034664062	35.035997396	38000.000	81000.000	1.0000
74	Spectrogram 1	1	35.034664062	35.035997396	38000.000	81000.000	1.0000
75	Waveform 1	1	35.401330729	35.407997396	38000.000	81000.000	0.3000
75	Spectrogram 1	1	35.401330729	35.407997396	38000.000	81000.000	0.3000
76	Waveform 1	1	35.506664063	35.519330729	38000.000	81000.000	0.2105
76	Spectrogram 1	1	35.506664063	35.519330729	38000.000	81000.000	0.2105
77	Waveform 1	1	35.583997396	35.591330729	38000.000	81000.000	0.4545
77	Spectrogram 1	1	35.583997396	35.591330729	38000.000	81000.000	0.4545
78	Waveform 1	1	35.661997396	35.663997396	38000.000	81000.000	0.6667
78	Spectrogram 1	1	35.661997396	35.663997396	38000.000	81000.000	0.6667
79	Waveform 1	1	35.745997396	35.755997396	38000.000	81000.000	0.3333
79	Spectrogram 1	1	35.745997396	35.755997396	38000.000	81000.000	0.3333
80	Waveform 1	1	35.823997396	35.830664062	38000.000	81000.000	0.8000
80	Spectrogram 1	1	35.823997396	35.830664062	38000.000	81000.000	0.8000
81	Waveform 1	1	35.898664063	35.907997396	38000.000	81000.000	0.3571
81	Spectrogram 1	1	35.898664063	35.907997396	38000.000	81000.000	0.3571
82	Waveform 1	1	178.579330729	178.581330729	38000.000	81000.000	0.6667
82	Spectrogram 1	1	178.579330729	178.581330729	38000.000	81000.000	0.6667
83	Waveform 1	1	178.869330729	178.871330729	38000.000	81000.000	1.0000
83	Spectrogram 1	1	178.869330729	178.871330729	38000.000	81000.000	1.0000
84	Waveform 1	1	179.094664062	179.096664062	38000.000	81000.000	1.0000
84	Spectrogram 1	1	179.094664062	179.096664062	38000.000	81000.000	1.0000
85	Waveform 1	1	179.187330729	179.189997396	38000.000	81000.000	0.7500
85	Spectrogram 1	1	179.187330729	179.189997396	38000.000	81000.000	0.7500
86	Waveform 1	1	180.108664062	180.111330729	38000.000	81000.000	0.5000
86	Spectrogram 1	1	180.108664062	180.111330729	38000.000	81000.000	0.5000
87	Waveform 1	1	180.295330729	180.297330729	38000.000	81000.000	1.0000
87	Spectrogram 1	1	180.295330729	180.297330729	38000.000	81000.000	1.0000
88	Waveform 1	1	180.383997396	180.385997396	38000.000	81000.000	0.6667
88	Spectrogram 1	1	180.383997396	180.385997396	38000.000	81000.000	0.6667
89	Waveform 1	1	180.477997396	180.480664062	38000.000	81000.000	1.0000
89	Spectrogram 1	1	180.477997396	180.480664062	38000.000	81000.000	1.0000
90	Waveform 1	1	180.653330729	180.667330729	38000.000	81000.000	0.2857
90	Spectrogram 1	1	180.653330729	180.667330729	38000.000	81000.000	0.2857
91	Waveform 1	1	180.736664062	180.739997396	38000.000	81000.000	0.8000
91	Spectrogram 1	1	180.736664062	180.739997396	38000.000	81000.000	0.8000
92	Waveform 1	1	180.825330729	180.827997396	38000.000	81000.000	1.0000
92	Spectrogram 1	1	180.825330729	180.827997396	38000.000	81000.000	1.0000
93	Waveform 1	1	180.927997396	180.941997396	38000.000	81000.000	0.2381
93	Spectrogram 1	1	180.927997396	180.941997396	38000.000	81000.000	0.2381
94	Waveform 1	1	181.009997396	181.011330729	38000.000	81000.000	1.0000
94	Spectrogram 1	1	181.009997396	181.011330729	38000.000	81000.000	1.0000
95	Waveform 1	1	181.072664062	181.084664062	38000.000	81000.000	0.3333
95	Spectrogram 1	1	181.072664062	181.084664062	38000.000	81000.000	0.3333
96	Waveform 1	1	181.121997396	181.131330729	38000.000	81000.000	0.2143
96	Spectrogram 1	1	181.121997396	181.131330729	38000.000	81000.000	0.2143
97	Waveform 1	1	181.160664062	181.167330729	38000.000	81000.000	0.5000
97	Spectrogram 1	1	181.160664062	181.167330729	38000.000	81000.000	0.5000
98	Waveform 1	1	181.203330729	181.207997396	38000.000	81000.000	0.7143
98	Spectrogram 1	1	181.203330729	181.207997396	38000.000	81000.000	0.7143
99	Waveform 1	1	181.235330729	181.236664062	38000.000	81000.000	1.0000
99	Spectrogram 1	1	181.235330729	181.236664062	38000.000	81000.000	1.0000
100	Waveform 1	1	181.537330729	181.538664063	38000.000	81000.000	1.0000
100	Spectrogram 1	1	181.537330729	181.538664063	38000.000	81000.000	1.0000
101	Waveform 1	1	181.613997396	181.616664063	38000.000	81000.000	0.7500
101	Spectrogram 1	1	181.613997396	181.616664063	38000.000	81000.000	0.7500
102	Waveform 1	1	181.753997396	181.755997396	38000.000	81000.000	0.6667
102	Spectrogram 1	1	181.753997396	181.755997396	38000.000	81000.000	0.6667
103	Waveform 1	1	182.000664062	182.003330729	38000.000	81000.000	1.0000
103	Spectrogram 1	1	182.000664062	182.003330729	38000.000	81000.000	1.0000
104	Waveform 1	1	182.079330729	182.081330729	38000.000	81000.000	1.0000
104	Spectrogram 1	1	182.079330729	182.081330729	38000.000	81000.000	1.0000
105	Waveform 1	1	182.364664062	182.365997396	38000.000	81000.000	1.0000
105	Spectrogram 1	1	182.364664062	182.365997396	38000.000	81000.000	1.0000
106	Waveform 1	1	182.754664062	182.755997396	38000.000	81000.000	1.0000
106	Spectrogram 1	1	182.754664062	182.755997396	38000.000	81000.000	1.0000
107	Waveform 1	1	183.227330729	183.231997396	38000.000	81000.000	0.5714
107	Spectrogram 1	1	183.227330729	183.231997396	38000.000	81000.000	0.5714
108	Waveform 1	1	183.566664062	183.567997396	38000.000	81000.000	1.0000
108	Spectrogram 1	1	183.566664062	183.567997396	38000.000	81000.000	1.0000
