Selection	View	Channel	Begin Time (s)	End Time (s)	Low Freq (Hz)	High Freq (Hz)	Occupancy
1	Waveform 1	1	95.227997396	95.229330729	22000.000	38000.000	1.0000
1	Spectrogram 1	1	95.227997396	95.229330729	22000.000	38000.000	1.0000
2	Waveform 1	1	95.707330729	95.709997396	22000.000	38000.000	0.7500
2	Spectrogram 1	1	95.707330729	95.709997396	22000.000	38000.000	0.7500
3	Waveform 1	1	116.174664062	116.185997396	22000.000	38000.000	0.8235
3	Spectrogram 1	1	116.174664062	116.185997396	22000.000	38000.000	0.8235
4	Waveform 1	1	117.421330729	117.423330729	22000.000	38000.000	1.0000
4	Spectrogram 1	1	117.421330729	117.423330729	22000.000	38000.000	1.0000
5	Waveform 1	1	121.805330729	121.818664062	22000.000	38000.000	0.1000
5	Spectrogram 1	1	121.805330729	121.818664062	22000.000	38000.000	0.1000
6	Waveform 1	1	124.589330729	124.593330729	22000.000	38000.000	0.6667
6	Spectrogram 1	1	124.589330729	124.593330729	22000.000	38000.000	0.6667
7	Waveform 1	1	124.656664062	124.683997396	22000.000	38000.000	0.1220
7	Spectrogram 1	1	124.656664062	124.683997396	22000.000	38000.000	0.1220
8	Waveform 1	1	126.918664062	126.919997396	22000.000	38000.000	1.0000
8	Spectrogram 1	1	126.918664062	126.919997396	22000.000	38000.000	1.0000
9	Waveform 1	1	133.930664062	133.967997396	22000.000	38000.000	0.0714
9	Spectrogram 1	1	133.930664062	133.967997396	22000.000	38000.000	0.0714
10	Waveform 1	1	136.118664062	136.183330729	22000.000	38000.000	0.1753
10	Spectrogram 1	1	136.118664062	136.183330729	22000.000	38000.000	0.1753
11	Waveform 1	1	195.158664062	195.161997396	22000.000	38000.000	0.4000
11	Spectrogram 1	1	195.158664062	195.161997396	22000.000	38000.000	0.4000
12	Waveform 1	1	196.122664063	196.137330729	22000.000	38000.000	0.1818
12	Spectrogram 1	1	196.122664063	196.137330729	22000.000	38000.000	0.1818
13	Waveform 1	1	215.747330729	215.753330729	22000.000	38000.000	0.4444
13	Spectrogram 1	1	215.747330729	215.753330729	22000.000	38000.000	0.4444
14	Waveform 1	1	216.447997396	216.449330729	22000.000	38000.000	1.0000
14	Spectrogram 1	1	216.447997396	216.449330729	22000.000	38000.000	1.0000
15	Waveform 1	1	219.464664062	219.465997396	22000.000	38000.000	1.0000
15	Spectrogram 1	1	219.464664062	219.465997396	22000.000	38000.000	1.0000
16	Waveform 1	1	220.107330729	220.110664063	22000.000	38000.000	0.6000
16	Spectrogram 1	1	220.107330729	220.110664063	22000.000	38000.000	0.6000
17	Waveform 1	1	221.171330729	221.172664062	22000.000	38000.000	1.0000
17	Spectrogram 1	1	221.171330729	221.172664062	22000.000	38000.000	1.0000
18	Waveform 1	1	233.312664063	233.315997396	22000.000	38000.000	0.8000
18	Spectrogram 1	1	233.312664063	233.315997396	22000.000	38000.000	0.8000
19	Waveform 1	1	234.523330729	234.542664062	22000.000	38000.000	0.2069
19	Spectrogram 1	1	234.523330729	234.542664062	22000.000	38000.000	0.2069
20	Waveform 1	1	240.560664062	240.582664062	22000.000	38000.000	0.2121
20	Spectrogram 1	1	240.560664062	240.582664062	22000.000	38000.000	0.2121
21	Waveform 1	1	240.852664062	240.879330729	22000.000	38000.000	0.1000
21	Spectrogram 1	1	240.852664062	240.879330729	22000.000	38000.000	0.1000
22	Waveform 1	1	242.205997396	242.213330729	22000.000	38000.000	0.3636
22	Spectrogram 1	1	242.205997396	242.213330729	22000.000	38000.000	0.3636
23	Waveform 1	1	242.813330729	242.834664062	22000.000	38000.000	0.2500
23	Spectrogram 1	1	242.813330729	242.834664062	22000.000	38000.000	0.2500
24	Waveform 1	1	249.826664062	249.833330729	22000.000	38000.000	0.4000
24	Spectrogram 1	1	249.826664062	249.833330729	22000.000	38000.000	0.4000
25	Waveform 1	1	251.142664062	251.155997396	22000.000	38000.000	0.4500
25	Spectrogram 1	1	251.142664062	251.155997396	22000.000	38000.000	0.4500
26	Waveform 1	1	251.417330729	251.431330729	22000.000	38000.000	0.2381
26	Spectrogram 1	1	251.417330729	251.431330729	22000.000	38000.000	0.2381
27	Waveform 1	1	253.363330729	253.375997396	22000.000	38000.000	0.2105
27	Spectrogram 1	1	253.363330729	253.375997396	22000.000	38000.000	0.2105
28	Waveform 1	1	254.674664062	254.683997396	22000.000	38000.000	0.2143
28	Spectrogram 1	1	254.674664062	254.683997396	22000.000	38000.000	0.2143
29	Waveform 1	1	255.935330729	255.936664063	22000.000	38000.000	1.0000
29	Spectrogram 1	1	255.935330729	255.936664063	22000.000	38000.000	1.0000
30	Waveform 1	1	256.729330729	256.730664063	22000.000	38000.000	1.0000
30	Spectrogram 1	1	256.729330729	256.730664063	22000.000	38000.000	1.0000
31	Waveform 1	1	256.940664062	256.945997396	22000.000	38000.000	0.2500
31	Spectrogram 1	1	256.940664062	256.945997396	22000.000	38000.000	0.2500
32	Waveform 1	1	258.292664062	258.293997396	22000.000	38000.000	1.0000
32	Spectrogram 1	1	258.292664062	258.293997396	22000.000	38000.000	1.0000
33	Waveform 1	1	268.020664062	268.028664063	22000.000	38000.000	0.2500
33	Spectrogram 1	1	268.020664062	268.028664063	22000.000	38000.000	0.2500
34	Waveform 1	1	268.328664062	268.329997396	22000.000	38000.000	1.0000
34	Spectrogram 1	1	268.328664062	268.329997396	22000.000	38000.000	1.0000
35	Waveform 1	1	278.331997396	278.336664063	22000.000	38000.000	0.4286
35	Spectrogram 1	1	278.331997396	278.336664063	22000.000	38000.000	0.4286
36	Waveform 1	1	278.701997396	278.709330729	22000.000	38000.000	0.3636
36	Spectrogram 1	1	278.701997396	278.709330729	22000.000	38000.000	0.3636
37	Waveform 1	1	279.205997396	279.214664062	22000.000	38000.000	0.2308
37	Spectrogram 1	1	279.205997396	279.214664062	22000.000	38000.000	0.2308
38	Waveform 1	1	279.960664062	279.979330729	22000.000	38000.000	0.3571
38	Spectrogram 1	1	279.960664062	279.979330729	22000.000	38000.000	0.3571
39	Waveform 1	1	383.963997396	383.972664062	22000.000	38000.000	0.1538
39	Spectrogram 1	1	383.963997396	383.972664062	22000.000	38000.000	0.1538
40	Waveform 1	1	406.513997396	406.532664062	22000.000	38000.000	0.0714
40	Spectrogram 1	1	406.513997396	406.532664062	22000.000	38000.000	0.0714
41	Waveform 1	1	407.109330729	407.137997396	22000.000	38000.000	0.1163
41	Spectrogram 1	1	407.109330729	407.137997396	22000.000	38000.000	0.1163
42	Waveform 1	1	408.093330729	408.094664062	22000.000	38000.000	1.0000
42	Spectrogram 1	1	408.093330729	408.094664062	22000.000	38000.000	1.0000
43	Waveform 1	1	409.254664063	409.277330729	22000.000	38000.000	0.5000
43	Spectrogram 1	1	409.254664063	409.277330729	22000.000	38000.000	0.5000
44	Waveform 1	1	409.867330729	409.895330729	22000.000	38000.000	0.1905
44	Spectrogram 1	1	409.867330729	409.895330729	22000.000	38000.000	0.1905
45	Waveform 1	1	410.352664062	410.372664063	22000.000	38000.000	0.3667
45	Spectrogram 1	1	410.352664062	410.372664063	22000.000	38000.000	0.3667
46	Waveform 1	1	412.042664062	412.050664063	22000.000	38000.000	0.1667
46	Spectrogram 1	1	412.042664062	412.050664063	22000.000	38000.000	0.1667
47	Waveform 1	1	415.743997396	415.762664062	22000.000	38000.000	0.2143
47	Spectrogram 1	1	415.743997396	415.762664062	22000.000	38000.000	0.2143
48	Waveform 1	1	421.525997396	421.532664062	22000.000	38000.000	0.2000
48	Spectrogram 1	1	421.525997396	421.532664062	22000.000	38000.000	0.2000
49	Waveform 1	1	421.743330729	421.752664063	22000.000	38000.000	0.2143
49	Spectrogram 1	1	421.743330729	421.752664063	22000.000	38000.000	0.2143
50	Waveform 1	1	423.097997396	423.119330729	22000.000	38000.000	0.5000
50	Spectrogram 1	1	423.097997396	423.119330729	22000.000	38000.000	0.5000
51	Waveform 1	1	423.719997396	423.738664062	22000.000	38000.000	0.3571
51	Spectrogram 1	1	423.719997396	423.738664062	22000.000	38000.000	0.3571
52	Waveform 1	1	424.324664063	424.345330729	22000.000	38000.000	0.4194
52	Spectrogram 1	1	424.324664063	424.345330729	22000.000	38000.000	0.4194
53	Waveform 1	1	424.573997396	424.592664062	22000.000	38000.000	0.3214
53	Spectrogram 1	1	424.573997396	424.592664062	22000.000	38000.000	0.3214
54	Waveform 1	1	436.797330729	436.804664062	22000.000	38000.000	0.4545
54	Spectrogram 1	1	436.797330729	436.804664062	22000.000	38000.000	0.4545
55	Waveform 1	1	437.957997396	437.962664062	22000.000	38000.000	0.5714
55	Spectrogram 1	1	437.957997396	437.962664062	22000.000	38000.000	0.5714
56	Waveform 1	1	460.168664062	460.171330729	22000.000	38000.000	0.5000
56	Spectrogram 1	1	460.168664062	460.171330729	22000.000	38000.000	0.5000
57	Waveform 1	1	462.141330729	462.147330729	22000.000	38000.000	0.3333
57	Spectrogram 1	1	462.141330729	462.147330729	22000.000	38000.000	0.3333
58	Waveform 1	1	464.720664063	464.738664062	22000.000	38000.000	0.1111
58	Spectrogram 1	1	464.720664063	464.738664062	22000.000	38000.000	0.1111
59	Waveform 1	1	466.120664062	466.192664063	22000.000	38000.000	0.0741
59	Spectrogram 1	1	466.120664062	466.192664063	22000.000	38000.000	0.0741
60	Waveform 1	1	467.269330729	467.279997396	22000.000	38000.000	0.1250
60	Spectrogram 1	1	467.269330729	467.279997396	22000.000	38000.000	0.1250
61	Waveform 1	1	490.266664063	490.271997396	22000.000	38000.000	0.2500
61	Spectrogram 1	1	490.266664063	490.271997396	22000.000	38000.000	0.2500
62	Waveform 1	1	492.234664062	492.255330729	22000.000	38000.000	0.2258
62	Spectrogram 1	1	492.234664062	492.255330729	22000.000	38000.000	0.2258
63	Waveform 1	1	492.480664063	492.487997396	22000.000	38000.000	0.2727
63	Spectrogram 1	1	492.480664063	492.487997396	22000.000	38000.000	0.2727
64	Waveform 1	1	492.713330729	492.728664063	22000.000	38000.000	0.4783
64	Spectrogram 1	1	492.713330729	492.728664063	22000.000	38000.000	0.4783
65	Waveform 1	1	493.515997396	493.551997396	22000.000	38000.000	0.3519
65	Spectrogram 1	1	493.515997396	493.551997396	22000.000	38000.000	0.3519
66	Waveform 1	1	493.776664063	493.809997396	22000.000	38000.000	0.2600
66	Spectrogram 1	1	493.776664063	493.809997396	22000.000	38000.000	0.2600
67	Waveform 1	1	494.387997396	494.418664062	22000.000	38000.000	0.2174
67	Spectrogram 1	1	494.387997396	494.418664062	22000.000	38000.000	0.2174
68	Waveform 1	1	494.749997396	494.760664062	22000.000	38000.000	0.2500
68	Spectrogram 1	1	494.749997396	494.760664062	22000.000	38000.000	0.2500
69	Waveform 1	1	495.214664062	495.238664062	22000.000	38000.000	0.1944
69	Spectrogram 1	1	495.214664062	495.238664062	22000.000	38000.000	0.1944
70	Waveform 1	1	495.444664063	495.453330729	22000.000	38000.000	0.2308
70	Spectrogram 1	1	495.444664063	495.453330729	22000.000	38000.000	0.2308
71	Waveform 1	1	495.949997396	495.969330729	22000.000	38000.000	0.1724
71	Spectrogram 1	1	495.949997396	495.969330729	22000.000	38000.000	0.1724
72	Waveform 1	1	496.651330729	496.690664062	22000.000	38000.000	0.1695
72	Spectrogram 1	1	496.651330729	496.690664062	22000.000	38000.000	0.1695
73	Waveform 1	1	497.259997396	497.287997396	22000.000	38000.000	0.0952
73	Spectrogram 1	1	497.259997396	497.287997396	22000.000	38000.000	0.0952
74	Waveform 1	1	497.500664062	497.523330729	22000.000	38000.000	0.2941
74	Spectrogram 1	1	497.500664062	497.523330729	22000.000	38000.000	0.2941
75	Waveform 1	1	498.571330729	498.598664063	22000.000	38000.000	0.2927
75	Spectrogram 1	1	498.571330729	498.598664063	22000.000	38000.000	0.2927
76	Waveform 1	1	498.797330729	498.823997396	22000.000	38000.000	0.1750
76	Spectrogram 1	1	498.797330729	498.823997396	22000.000	38000.000	0.1750
77	Waveform 1	1	499.269997396	499.297997396	22000.000	38000.000	0.1429
77	Spectrogram 1	1	499.269997396	499.297997396	22000.000	38000.000	0.1429
78	Waveform 1	1	499.769330729	499.789997396	22000.000	38000.000	0.1290
78	Spectrogram 1	1	499.769330729	499.789997396	22000.000	38000.000	0.1290
79	Waveform 1	1	500.351330729	500.397997396	22000.000	38000.000	0.2857
79	Spectrogram 1	1	500.351330729	500.397997396	22000.000	38000.000	0.2857
80	Waveform 1	1	500.929330729	500.949997396	22000.000	38000.000	0.2903
80	Spectrogram 1	1	500.929330729	500.949997396	22000.000	38000.000	0.2903
81	Waveform 1	1	501.167330729	501.203330729	22000.000	38000.000	0.2407
81	Spectrogram 1	1	501.167330729	501.203330729	22000.000	38000.000	0.2407
82	Waveform 1	1	501.760664062	501.808664062	22000.000	38000.000	0.2083
82	Spectrogram 1	1	501.760664062	501.808664062	22000.000	38000.000	0.2083
83	Waveform 1	1	502.014664063	502.032664062	22000.000	38000.000	0.2963
83	Spectrogram 1	1	502.014664063	502.032664062	22000.000	38000.000	0.2963
84	Waveform 1	1	502.165330729	502.169997396	22000.000	38000.000	0.4286
84	Spectrogram 1	1	502.165330729	502.169997396	22000.000	38000.000	0.4286
85	Waveform 1	1	502.763330729	502.777997396	22000.000	38000.000	0.4091
85	Spectrogram 1	1	502.763330729	502.777997396	22000.000	38000.000	0.4091
86	Waveform 1	1	503.045330729	503.046664062	22000.000	38000.000	1.0000
86	Spectrogram 1	1	503.045330729	503.046664062	22000.000	38000.000	1.0000
87	Waveform 1	1	504.062664063	504.075330729	22000.000	38000.000	0.2632
87	Spectrogram 1	1	504.062664063	504.075330729	22000.000	38000.000	0.2632
88	Waveform 1	1	550.343997396	550.355330729	22000.000	38000.000	0.3529
88	Spectrogram 1	1	550.343997396	550.355330729	22000.000	38000.000	0.3529
89	Waveform 1	1	552.677997396	552.682664063	22000.000	38000.000	0.4286
89	Spectrogram 1	1	552.677997396	552.682664063	22000.000	38000.000	0.4286
90	Waveform 1	1	553.158664063	553.185997396	22000.000	38000.000	0.1707
90	Spectrogram 1	1	553.158664063	553.185997396	22000.000	38000.000	0.1707
91	Waveform 1	1	554.061330729	554.065997396	22000.000	38000.000	0.4286
91	Spectrogram 1	1	554.061330729	554.065997396	22000.000	38000.000	0.4286
92	Waveform 1	1	554.273997396	554.283997396	22000.000	38000.000	0.4000
92	Spectrogram 1	1	554.273997396	554.283997396	22000.000	38000.000	0.4000
93	Waveform 1	1	554.698664063	554.713997396	22000.000	38000.000	0.3478
93	Spectrogram 1	1	554.698664063	554.713997396	22000.000	38000.000	0.3478
94	Waveform 1	1	555.275330729	555.281997396	22000.000	38000.000	0.2000
94	Spectrogram 1	1	555.275330729	555.281997396	22000.000	38000.000	0.2000
95	Waveform 1	1	555.795330729	555.822664063	22000.000	38000.000	0.1707
95	Spectrogram 1	1	555.795330729	555.822664063	22000.000	38000.000	0.1707
96	Waveform 1	1	556.270664063	556.296664063	22000.000	38000.000	0.1538
96	Spectrogram 1	1	556.270664063	556.296664063	22000.000	38000.000	0.1538
97	Waveform 1	1	556.781330729	556.819997396	22000.000	38000.000	0.2069
97	Spectrogram 1	1	556.781330729	556.819997396	22000.000	38000.000	0.2069
98	Waveform 1	1	557.015997396	557.051330729	22000.000	38000.000	0.3774
98	Spectrogram 1	1	557.015997396	557.051330729	22000.000	38000.000	0.3774
99	Waveform 1	1	557.235330729	557.246664063	22000.000	38000.000	0.1765
99	Spectrogram 1	1	557.235330729	557.246664063	22000.000	38000.000	0.1765
100	Waveform 1	1	557.481997396	557.507997396	22000.000	38000.000	0.2051
100	Spectrogram 1	1	557.481997396	557.507997396	22000.000	38000.000	0.2051
101	Waveform 1	1	557.925330729	557.935330729	22000.000	38000.000	0.1333
101	Spectrogram 1	1	557.925330729	557.935330729	22000.000	38000.000	0.1333
102	Waveform 1	1	558.163997396	558.182664063	22000.000	38000.000	0.2500
102	Spectrogram 1	1	558.163997396	558.182664063	22000.000	38000.000	0.2500
103	Waveform 1	1	558.843997396	558.869330729	22000.000	38000.000	0.4211
103	Spectrogram 1	1	558.843997396	558.869330729	22000.000	38000.000	0.4211
104	Waveform 1	1	559.348664063	559.373997396	22000.000	38000.000	0.3421
104	Spectrogram 1	1	559.348664063	559.373997396	22000.000	38000.000	0.3421
105	Waveform 1	1	559.959997396	559.994664063	22000.000	38000.000	0.1346
105	Spectrogram 1	1	559.959997396	559.994664063	22000.000	38000.000	0.1346
106	Waveform 1	1	560.647330729	560.667330729	22000.000	38000.000	0.4667
106	Spectrogram 1	1	560.647330729	560.667330729	22000.000	38000.000	0.4667
107	Waveform 1	1	560.867330729	560.884664063	22000.000	38000.000	0.1538
107	Spectrogram 1	1	560.867330729	560.884664063	22000.000	38000.000	0.1538
108	Waveform 1	1	564.022664063	564.048664063	22000.000	38000.000	0.2564
108	Spectrogram 1	1	564.022664063	564.048664063	22000.000	38000.000	0.2564
109	Waveform 1	1	564.490664063	564.521330729	22000.000	38000.000	0.1087
109	Spectrogram 1	1	564.490664063	564.521330729	22000.000	38000.000	0.1087
110	Waveform 1	1	565.655997396	565.665330729	22000.000	38000.000	0.1429
110	Spectrogram 1	1	565.655997396	565.665330729	22000.000	38000.000	0.1429
111	Waveform 1	1	565.890664063	565.906664062	22000.000	38000.000	0.2083
111	Spectrogram 1	1	565.890664063	565.906664062	22000.000	38000.000	0.2083
112	Waveform 1	1	580.546664063	580.547997396	22000.000	38000.000	1.0000
112	Spectrogram 1	1	580.546664063	580.547997396	22000.000	38000.000	1.0000
113	Waveform 1	1	590.021997396	590.023330729	22000.000	38000.000	1.0000
113	Spectrogram 1	1	590.021997396	590.023330729	22000.000	38000.000	1.0000
114	Waveform 1	1	623.801997396	623.803997396	22000.000	38000.000	0.6667
114	Spectrogram 1	1	623.801997396	623.803997396	22000.000	38000.000	0.6667
115	Waveform 1	1	633.991997396	633.995997396	22000.000	38000.000	0.8333
115	Spectrogram 1	1	633.991997396	633.995997396	22000.000	38000.000	0.8333
116	Waveform 1	1	635.543997396	635.552664063	22000.000	38000.000	0.3077
116	Spectrogram 1	1	635.543997396	635.552664063	22000.000	38000.000	0.3077
117	Waveform 1	1	637.332664063	637.335997396	22000.000	38000.000	1.0000
117	Spectrogram 1	1	637.332664063	637.335997396	22000.000	38000.000	1.0000
118	Waveform 1	1	639.371330729	639.372664063	22000.000	38000.000	1.0000
118	Spectrogram 1	1	639.371330729	639.372664063	22000.000	38000.000	1.0000
119	Waveform 1	1	687.398664063	687.409330729	22000.000	38000.000	0.1250
119	Spectrogram 1	1	687.398664063	687.409330729	22000.000	38000.000	0.1250
120	Waveform 1	1	719.599997396	719.601997396	22000.000	38000.000	1.0000
120	Spectrogram 1	1	719.599997396	719.601997396	22000.000	38000.000	1.0000
121	Waveform 1	1	720.474664063	720.485997396	22000.000	38000.000	0.3529
121	Spectrogram 1	1	720.474664063	720.485997396	22000.000	38000.000	0.3529
122	Waveform 1	1	721.625330729	721.636664063	22000.000	38000.000	0.2941
122	Spectrogram 1	1	721.625330729	721.636664063	22000.000	38000.000	0.2941
123	Waveform 1	1	736.164664063	736.167330729	22000.000	38000.000	0.7500
123	Spectrogram 1	1	736.164664063	736.167330729	22000.000	38000.000	0.7500
124	Waveform 1	1	769.067997396	769.080664063	22000.000	38000.000	0.3684
124	Spectrogram 1	1	769.067997396	769.080664063	22000.000	38000.000	0.3684
125	Waveform 1	1	769.978664063	769.989997396	22000.000	38000.000	0.3529
125	Spectrogram 1	1	769.978664063	769.989997396	22000.000	38000.000	0.3529
126	Waveform 1	1	770.227997396	770.235330729	22000.000	38000.000	0.6364
126	Spectrogram 1	1	770.227997396	770.235330729	22000.000	38000.000	0.6364
127	Waveform 1	1	771.649330729	771.657997396	22000.000	38000.000	0.3077
127	Spectrogram 1	1	771.649330729	771.657997396	22000.000	38000.000	0.3077
128	Waveform 1	1	771.947330729	771.959330729	22000.000	38000.000	0.1111
128	Spectrogram 1	1	771.947330729	771.959330729	22000.000	38000.000	0.1111
129	Waveform 1	1	794.355997396	794.357330729	22000.000	38000.000	1.0000
129	Spectrogram 1	1	794.355997396	794.357330729	22000.000	38000.000	1.0000
130	Waveform 1	1	797.075330729	797.083997396	22000.000	38000.000	0.1538
130	Spectrogram 1	1	797.075330729	797.083997396	22000.000	38000.000	0.1538
131	Waveform 1	1	818.843330729	818.844664063	22000.000	38000.000	1.0000
131	Spectrogram 1	1	818.843330729	818.844664063	22000.000	38000.000	1.0000
132	Waveform 1	1	827.518664063	827.519997396	22000.000	38000.000	1.0000
132	Spectrogram 1	1	827.518664063	827.519997396	22000.000	38000.000	1.0000
133	Waveform 1	1	834.773330729	834.775330729	22000.000	38000.000	1.0000
133	Spectrogram 1	1	834.773330729	834.775330729	22000.000	38000.000	1.0000
134	Waveform 1	1	836.457997396	836.467330729	22000.000	38000.000	0.2143
134	Spectrogram 1	1	836.457997396	836.467330729	22000.000	38000.000	0.2143
135	Waveform 1	1	854.689997396	854.701997396	22000.000	38000.000	0.1667
135	Spectrogram 1	1	854.689997396	854.701997396	22000.000	38000.000	0.1667
136	Waveform 1	1	898.315330729	898.323330729	22000.000	38000.000	0.3333
136	Spectrogram 1	1	898.315330729	898.323330729	22000.000	38000.000	0.3333
137	Waveform 1	1	898.715997396	898.719330729	22000.000	38000.000	0.6000
137	Spectrogram 1	1	898.715997396	898.719330729	22000.000	38000.000	0.6000
138	Waveform 1	1	898.964664063	898.965997396	22000.000	38000.000	1.0000
138	Spectrogram 1	1	898.964664063	898.965997396	22000.000	38000.000	1.0000
139	Waveform 1	1	900.141997396	900.143330729	22000.000	38000.000	1.0000
139	Spectrogram 1	1	900.141997396	900.143330729	22000.000	38000.000	1.0000
140	Waveform 1	1	900.392664063	900.402664063	22000.000	38000.000	0.6667
140	Spectrogram 1	1	900.392664063	900.402664063	22000.000	38000.000	0.6667
141	Waveform 1	1	901.452664063	901.459330729	22000.000	38000.000	0.2000
141	Spectrogram 1	1	901.452664063	901.459330729	22000.000	38000.000	0.2000
142	Waveform 1	1	913.587997396	913.605330729	22000.000	38000.000	0.3077
142	Spectrogram 1	1	913.587997396	913.605330729	22000.000	38000.000	0.3077
143	Waveform 1	1	939.151330729	939.153997396	22000.000	38000.000	1.0000
143	Spectrogram 1	1	939.151330729	939.153997396	22000.000	38000.000	1.0000
144	Waveform 1	1	962.994664063	963.002664063	22000.000	38000.000	0.3333
144	Spectrogram 1	1	962.994664063	963.002664063	22000.000	38000.000	0.3333
145	Waveform 1	1	1023.507330729	1023.509330729	22000.000	38000.000	1.0000
145	Spectrogram 1	1	1023.507330729	1023.509330729	22000.000	38000.000	1.0000
146	Waveform 1	1	1024.285330729	1024.298664062	22000.000	38000.000	0.3000
146	Spectrogram 1	1	1024.285330729	1024.298664062	22000.000	38000.000	0.3000
147	Waveform 1	1	1025.581997396	1025.609997396	22000.000	38000.000	0.3810
147	Spectrogram 1	1	1025.581997396	1025.609997396	22000.000	38000.000	0.3810
148	Waveform 1	1	1026.431997396	1026.459330729	22000.000	38000.000	0.3415
148	Spectrogram 1	1	1026.431997396	1026.459330729	22000.000	38000.000	0.3415
149	Waveform 1	1	1027.829330729	1027.840664062	22000.000	38000.000	0.2941
149	Spectrogram 1	1	1027.829330729	1027.840664062	22000.000	38000.000	0.2941
150	Waveform 1	1	1028.212664062	1028.239997396	22000.000	38000.000	0.1463
150	Spectrogram 1	1	1028.212664062	1028.239997396	22000.000	38000.000	0.1463
151	Waveform 1	1	1028.855997396	1028.891330729	22000.000	38000.000	0.3396
151	Spectrogram 1	1	1028.855997396	1028.891330729	22000.000	38000.000	0.3396
152	Waveform 1	1	1029.540664062	1029.543997396	22000.000	38000.000	0.8000
152	Spectrogram 1	1	1029.540664062	1029.543997396	22000.000	38000.000	0.8000
153	Waveform 1	1	1030.189330729	1030.223330729	22000.000	38000.000	0.3333
153	Spectrogram 1	1	1030.189330729	1030.223330729	22000.000	38000.000	0.3333
154	Waveform 1	1	1030.799997396	1030.822664062	22000.000	38000.000	0.4412
154	Spectrogram 1	1	1030.799997396	1030.822664062	22000.000	38000.000	0.4412
155	Waveform 1	1	1030.947330729	1030.948664063	22000.000	38000.000	1.0000
155	Spectrogram 1	1	1030.947330729	1030.948664063	22000.000	38000.000	1.0000
156	Waveform 1	1	1031.731330729	1031.739997396	22000.000	38000.000	0.3077
156	Spectrogram 1	1	1031.731330729	1031.739997396	22000.000	38000.000	0.3077
157	Waveform 1	1	1033.481997396	1033.489330729	22000.000	38000.000	0.2727
157	Spectrogram 1	1	1033.481997396	1033.489330729	22000.000	38000.000	0.2727
158	Waveform 1	1	1035.356664062	1035.362664063	22000.000	38000.000	0.3333
158	Spectrogram 1	1	1035.356664062	1035.362664063	22000.000	38000.000	0.3333
159	Waveform 1	1	1036.421997396	1036.425330729	22000.000	38000.000	0.8000
159	Spectrogram 1	1	1036.421997396	1036.425330729	22000.000	38000.000	0.8000
160	Waveform 1	1	1044.087330729	1044.089997396	22000.000	38000.000	0.7500
160	Spectrogram 1	1	1044.087330729	1044.089997396	22000.000	38000.000	0.7500
161	Waveform 1	1	1046.466664062	1046.477997396	22000.000	38000.000	0.1176
161	Spectrogram 1	1	1046.466664062	1046.477997396	22000.000	38000.000	0.1176
162	Waveform 1	1	1047.152664062	1047.159997396	22000.000	38000.000	0.1818
162	Spectrogram 1	1	1047.152664062	1047.159997396	22000.000	38000.000	0.1818
163	Waveform 1	1	1050.076664062	1050.077997396	22000.000	38000.000	1.0000
163	Spectrogram 1	1	1050.076664062	1050.077997396	22000.000	38000.000	1.0000
164	Waveform 1	1	1116.675330729	1116.681997396	22000.000	38000.000	0.5000
164	Spectrogram 1	1	1116.675330729	1116.681997396	22000.000	38000.000	0.5000
165	Waveform 1	1	1117.387330729	1117.398664062	22000.000	38000.000	0.4706
165	Spectrogram 1	1	1117.387330729	1117.398664062	22000.000	38000.000	0.4706
166	Waveform 1	1	1130.522664062	1130.538664062	22000.000	38000.000	0.0833
166	Spectrogram 1	1	1130.522664062	1130.538664062	22000.000	38000.000	0.0833
167	Waveform 1	1	1131.283330729	1131.293330729	22000.000	38000.000	0.4667
167	Spectrogram 1	1	1131.283330729	1131.293330729	22000.000	38000.000	0.4667
168	Waveform 1	1	1131.558664062	1131.572664062	22000.000	38000.000	0.3810
168	Spectrogram 1	1	1131.558664062	1131.572664062	22000.000	38000.000	0.3810
169	Waveform 1	1	1136.877330729	1136.883330729	22000.000	38000.000	0.2222
169	Spectrogram 1	1	1136.877330729	1136.883330729	22000.000	38000.000	0.2222
170	Waveform 1	1	1137.534664063	1137.555330729	22000.000	38000.000	0.3548
170	Spectrogram 1	1	1137.534664063	1137.555330729	22000.000	38000.000	0.3548
171	Waveform 1	1	1139.545330729	1139.585997396	22000.000	38000.000	0.3770
171	Spectrogram 1	1	1139.545330729	1139.585997396	22000.000	38000.000	0.3770
172	Waveform 1	1	1139.817997396	1139.843997396	22000.000	38000.000	0.1538
172	Spectrogram 1	1	1139.817997396	1139.843997396	22000.000	38000.000	0.1538
173	Waveform 1	1	1140.367330729	1140.377330729	22000.000	38000.000	0.1333
173	Spectrogram 1	1	1140.367330729	1140.377330729	22000.000	38000.000	0.1333
174	Waveform 1	1	1140.703997396	1140.731997396	22000.000	38000.000	0.3571
174	Spectrogram 1	1	1140.703997396	1140.731997396	22000.000	38000.000	0.3571
175	Waveform 1	1	1140.973330729	1140.990664062	22000.000	38000.000	0.0769
175	Spectrogram 1	1	1140.973330729	1140.990664062	22000.000	38000.000	0.0769
176	Waveform 1	1	1141.233330729	1141.269330729	22000.000	38000.000	0.3333
176	Spectrogram 1	1	1141.233330729	1141.269330729	22000.000	38000.000	0.3333
177	Waveform 1	1	1141.494664062	1141.535330729	22000.000	38000.000	0.2295
177	Spectrogram 1	1	1141.494664062	1141.535330729	22000.000	38000.000	0.2295
178	Waveform 1	1	1142.111330729	1142.157330729	22000.000	38000.000	0.2754
178	Spectrogram 1	1	1142.111330729	1142.157330729	22000.000	38000.000	0.2754
179	Waveform 1	1	1142.828664062	1142.867330729	22000.000	38000.000	0.2586
179	Spectrogram 1	1	1142.828664062	1142.867330729	22000.000	38000.000	0.2586
180	Waveform 1	1	1143.071997396	1143.106664062	22000.000	38000.000	0.4038
180	Spectrogram 1	1	1143.071997396	1143.106664062	22000.000	38000.000	0.4038
181	Waveform 1	1	1143.579330729	1143.589330729	22000.000	38000.000	0.4000
181	Spectrogram 1	1	1143.579330729	1143.589330729	22000.000	38000.000	0.4000
182	Waveform 1	1	1143.814664063	1143.878664062	22000.000	38000.000	0.1979
182	Spectrogram 1	1	1143.814664063	1143.878664062	22000.000	38000.000	0.1979
183	Waveform 1	1	1144.320664062	1144.339330729	22000.000	38000.000	0.2857
183	Spectrogram 1	1	1144.320664062	1144.339330729	22000.000	38000.000	0.2857
184	Waveform 1	1	1144.555997396	1144.587997396	22000.000	38000.000	0.2500
184	Spectrogram 1	1	1144.555997396	1144.587997396	22000.000	38000.000	0.2500
185	Waveform 1	1	1144.807997396	1144.837330729	22000.000	38000.000	0.3182
185	Spectrogram 1	1	1144.807997396	1144.837330729	22000.000	38000.000	0.3182
186	Waveform 1	1	1145.332664063	1145.373997396	22000.000	38000.000	0.3065
186	Spectrogram 1	1	1145.332664063	1145.373997396	22000.000	38000.000	0.3065
187	Waveform 1	1	1145.949997396	1145.993330729	22000.000	38000.000	0.3385
187	Spectrogram 1	1	1145.949997396	1145.993330729	22000.000	38000.000	0.3385
188	Waveform 1	1	1146.481997396	1146.491997396	22000.000	38000.000	0.2667
188	Spectrogram 1	1	1146.481997396	1146.491997396	22000.000	38000.000	0.2667
189	Waveform 1	1	1147.903997396	1147.941330729	22000.000	38000.000	0.2143
189	Spectrogram 1	1	1147.903997396	1147.941330729	22000.000	38000.000	0.2143
190	Waveform 1	1	1148.601997396	1148.645997396	22000.000	38000.000	0.2727
190	Spectrogram 1	1	1148.601997396	1148.645997396	22000.000	38000.000	0.2727
191	Waveform 1	1	1149.472664062	1149.495997396	22000.000	38000.000	0.2000
191	Spectrogram 1	1	1149.472664062	1149.495997396	22000.000	38000.000	0.2000
192	Waveform 1	1	1149.969330729	1149.987997396	22000.000	38000.000	0.1786
192	Spectrogram 1	1	1149.969330729	1149.987997396	22000.000	38000.000	0.1786
193	Waveform 1	1	1164.305330729	1164.313330729	22000.000	38000.000	0.2500
193	Spectrogram 1	1	1164.305330729	1164.313330729	22000.000	38000.000	0.2500
194	Waveform 1	1	1164.809997396	1164.820664062	22000.000	38000.000	0.3125
194	Spectrogram 1	1	1164.809997396	1164.820664062	22000.000	38000.000	0.3125
195	Waveform 1	1	1168.043330729	1168.054664063	22000.000	38000.000	0.3529
195	Spectrogram 1	1	1168.043330729	1168.054664063	22000.000	38000.000	0.3529
196	Waveform 1	1	1188.617330729	1188.635997396	22000.000	38000.000	0.3214
196	Spectrogram 1	1	1188.617330729	1188.635997396	22000.000	38000.000	0.3214
197	Waveform 1	1	1189.835330729	1189.852664063	22000.000	38000.000	0.3462
197	Spectrogram 1	1	1189.835330729	1189.852664063	22000.000	38000.000	0.3462
198	Waveform 1	1	1190.091330729	1190.101997396	22000.000	38000.000	0.5000
198	Spectrogram 1	1	1190.091330729	1190.101997396	22000.000	38000.000	0.5000
199	Waveform 1	1	1190.717997396	1190.719330729	22000.000	38000.000	1.0000
199	Spectrogram 1	1	1190.717997396	1190.719330729	22000.000	38000.000	1.0000
200	Waveform 1	1	1191.343330729	1191.350664062	22000.000	38000.000	0.3636
200	Spectrogram 1	1	1191.343330729	1191.350664062	22000.000	38000.000	0.3636
201	Waveform 1	1	1192.164664062	1192.170664063	22000.000	38000.000	0.3333
201	Spectrogram 1	1	1192.164664062	1192.170664063	22000.000	38000.000	0.3333
202	Waveform 1	1	1192.425997396	1192.441997396	22000.000	38000.000	0.2500
202	Spectrogram 1	1	1192.425997396	1192.441997396	22000.000	38000.000	0.2500
203	Waveform 1	1	1193.069997396	1193.104664062	22000.000	38000.000	0.1923
203	Spectrogram 1	1	1193.069997396	1193.104664062	22000.000	38000.000	0.1923
204	Waveform 1	1	1193.569330729	1193.587330729	22000.000	38000.000	0.2593
204	Spectrogram 1	1	1193.569330729	1193.587330729	22000.000	38000.000	0.2593
205	Waveform 1	1	1194.282664062	1194.307997396	22000.000	38000.000	0.3684
205	Spectrogram 1	1	1194.282664062	1194.307997396	22000.000	38000.000	0.3684
206	Waveform 1	1	1194.904664062	1194.921997396	22000.000	38000.000	0.6154
206	Spectrogram 1	1	1194.904664062	1194.921997396	22000.000	38000.000	0.6154
207	Waveform 1	1	1195.493997396	1195.523997396	22000.000	38000.000	0.3333
207	Spectrogram 1	1	1195.493997396	1195.523997396	22000.000	38000.000	0.3333
208	Waveform 1	1	1196.116664062	1196.139997396	22000.000	38000.000	0.1714
208	Spectrogram 1	1	1196.116664062	1196.139997396	22000.000	38000.000	0.1714
209	Waveform 1	1	1196.385997396	1196.389997396	22000.000	38000.000	0.3333
209	Spectrogram 1	1	1196.385997396	1196.389997396	22000.000	38000.000	0.3333
210	Waveform 1	1	1206.745330729	1206.747997396	22000.000	38000.000	0.5000
210	Spectrogram 1	1	1206.745330729	1206.747997396	22000.000	38000.000	0.5000
211	Waveform 1	1	1207.357330729	1207.359997396	22000.000	38000.000	0.5000
211	Spectrogram 1	1	1207.357330729	1207.359997396	22000.000	38000.000	0.5000
212	Waveform 1	1	1207.621330729	1207.631330729	22000.000	38000.000	0.6000
212	Spectrogram 1	1	1207.621330729	1207.631330729	22000.000	38000.000	0.6000
213	Waveform 1	1	1208.932664062	1208.933997396	22000.000	38000.000	1.0000
213	Spectrogram 1	1	1208.932664062	1208.933997396	22000.000	38000.000	1.0000
214	Waveform 1	1	1209.983330729	1209.997330729	22000.000	38000.000	0.1429
214	Spectrogram 1	1	1209.983330729	1209.997330729	22000.000	38000.000	0.1429
215	Waveform 1	1	1211.283997396	1211.298664062	22000.000	38000.000	0.3182
215	Spectrogram 1	1	1211.283997396	1211.298664062	22000.000	38000.000	0.3182
216	Waveform 1	1	1211.523330729	1211.524664062	22000.000	38000.000	1.0000
216	Spectrogram 1	1	1211.523330729	1211.524664062	22000.000	38000.000	1.0000
217	Waveform 1	1	1212.222664062	1212.254664062	22000.000	38000.000	0.4167
217	Spectrogram 1	1	1212.222664062	1212.254664062	22000.000	38000.000	0.4167
218	Waveform 1	1	1212.942664062	1212.957330729	22000.000	38000.000	0.0909
218	Spectrogram 1	1	1212.942664062	1212.957330729	22000.000	38000.000	0.0909
219	Waveform 1	1	1213.541997396	1213.545330729	22000.000	38000.000	0.4000
219	Spectrogram 1	1	1213.541997396	1213.545330729	22000.000	38000.000	0.4000
220	Waveform 1	1	1213.743330729	1213.792664062	22000.000	38000.000	0.2568
220	Spectrogram 1	1	1213.743330729	1213.792664062	22000.000	38000.000	0.2568
221	Waveform 1	1	1214.555330729	1214.608664062	22000.000	38000.000	0.2625
221	Spectrogram 1	1	1214.555330729	1214.608664062	22000.000	38000.000	0.2625
222	Waveform 1	1	1214.894664062	1214.917330729	22000.000	38000.000	0.4706
222	Spectrogram 1	1	1214.894664062	1214.917330729	22000.000	38000.000	0.4706
223	Waveform 1	1	1215.131997396	1215.167330729	22000.000	38000.000	0.3208
223	Spectrogram 1	1	1215.131997396	1215.167330729	22000.000	38000.000	0.3208
224	Waveform 1	1	1215.351997396	1215.399330729	22000.000	38000.000	0.2394
224	Spectrogram 1	1	1215.351997396	1215.399330729	22000.000	38000.000	0.2394
225	Waveform 1	1	1215.853997396	1215.903330729	22000.000	38000.000	0.3108
225	Spectrogram 1	1	1215.853997396	1215.903330729	22000.000	38000.000	0.3108
226	Waveform 1	1	1216.092664063	1216.149997396	22000.000	38000.000	0.2674
226	Spectrogram 1	1	1216.092664063	1216.149997396	22000.000	38000.000	0.2674
227	Waveform 1	1	1216.353330729	1216.355330729	22000.000	38000.000	1.0000
227	Spectrogram 1	1	1216.353330729	1216.355330729	22000.000	38000.000	1.0000
228	Waveform 1	1	1216.589330729	1216.639997396	22000.000	38000.000	0.2632
228	Spectrogram 1	1	1216.589330729	1216.639997396	22000.000	38000.000	0.2632
229	Waveform 1	1	1216.970664062	1217.002664062	22000.000	38000.000	0.1458
229	Spectrogram 1	1	1216.970664062	1217.002664062	22000.000	38000.000	0.1458
230	Waveform 1	1	1217.319330729	1217.321997396	22000.000	38000.000	0.5000
230	Spectrogram 1	1	1217.319330729	1217.321997396	22000.000	38000.000	0.5000
231	Waveform 1	1	1217.679330729	1217.724664062	22000.000	38000.000	0.2500
231	Spectrogram 1	1	1217.679330729	1217.724664062	22000.000	38000.000	0.2500
232	Waveform 1	1	1219.278664062	1219.294664063	22000.000	38000.000	0.2083
232	Spectrogram 1	1	1219.278664062	1219.294664063	22000.000	38000.000	0.2083
233	Waveform 1	1	1231.963997396	1231.966664062	22000.000	38000.000	0.5000
233	Spectrogram 1	1	1231.963997396	1231.966664062	22000.000	38000.000	0.5000
234	Waveform 1	1	1232.451330729	1232.469330729	22000.000	38000.000	0.2593
234	Spectrogram 1	1	1232.451330729	1232.469330729	22000.000	38000.000	0.2593
235	Waveform 1	1	1232.804664063	1232.833997396	22000.000	38000.000	0.2727
235	Spectrogram 1	1	1232.804664063	1232.833997396	22000.000	38000.000	0.2727
236	Waveform 1	1	1233.069997396	1233.095330729	22000.000	38000.000	0.3421
236	Spectrogram 1	1	1233.069997396	1233.095330729	22000.000	38000.000	0.3421
237	Waveform 1	1	1233.802664062	1233.832664063	22000.000	38000.000	0.2000
237	Spectrogram 1	1	1233.802664062	1233.832664063	22000.000	38000.000	0.2000
238	Waveform 1	1	1234.090664062	1234.127997396	22000.000	38000.000	0.3393
238	Spectrogram 1	1	1234.090664062	1234.127997396	22000.000	38000.000	0.3393
239	Waveform 1	1	1234.359330729	1234.405330729	22000.000	38000.000	0.2899
239	Spectrogram 1	1	1234.359330729	1234.405330729	22000.000	38000.000	0.2899
240	Waveform 1	1	1234.968664063	1234.994664062	22000.000	38000.000	0.3333
240	Spectrogram 1	1	1234.968664063	1234.994664062	22000.000	38000.000	0.3333
241	Waveform 1	1	1236.821330729	1236.833330729	22000.000	38000.000	0.3333
241	Spectrogram 1	1	1236.821330729	1236.833330729	22000.000	38000.000	0.3333
242	Waveform 1	1	1239.841330729	1239.855330729	22000.000	38000.000	0.5238
242	Spectrogram 1	1	1239.841330729	1239.855330729	22000.000	38000.000	0.5238
243	Waveform 1	1	1240.337997396	1240.364664062	22000.000	38000.000	0.3250
243	Spectrogram 1	1	1240.337997396	1240.364664062	22000.000	38000.000	0.3250
244	Waveform 1	1	1240.958664063	1240.991330729	22000.000	38000.000	0.2245
244	Spectrogram 1	1	1240.958664063	1240.991330729	22000.000	38000.000	0.2245
245	Waveform 1	1	1241.465997396	1241.501330729	22000.000	38000.000	0.2830
245	Spectrogram 1	1	1241.465997396	1241.501330729	22000.000	38000.000	0.2830
246	Waveform 1	1	1242.303997396	1242.338664062	22000.000	38000.000	0.1154
246	Spectrogram 1	1	1242.303997396	1242.338664062	22000.000	38000.000	0.1154
247	Waveform 1	1	1242.551330729	1242.567997396	22000.000	38000.000	0.2400
247	Spectrogram 1	1	1242.551330729	1242.567997396	22000.000	38000.000	0.2400
248	Waveform 1	1	1243.052664062	1243.080664062	22000.000	38000.000	0.5714
248	Spectrogram 1	1	1243.052664062	1243.080664062	22000.000	38000.000	0.5714
249	Waveform 1	1	1243.521330729	1243.530664062	22000.000	38000.000	0.1429
249	Spectrogram 1	1	1243.521330729	1243.530664062	22000.000	38000.000	0.1429
250	Waveform 1	1	1243.993997396	1244.038664062	22000.000	38000.000	0.1940
250	Spectrogram 1	1	1243.993997396	1244.038664062	22000.000	38000.000	0.1940
251	Waveform 1	1	1244.163330729	1244.181330729	22000.000	38000.000	0.3704
251	Spectrogram 1	1	1244.163330729	1244.181330729	22000.000	38000.000	0.3704
252	Waveform 1	1	1244.905997396	1244.933997396	22000.000	38000.000	0.2857
252	Spectrogram 1	1	1244.905997396	1244.933997396	22000.000	38000.000	0.2857
253	Waveform 1	1	1245.515330729	1245.549997396	22000.000	38000.000	0.3077
253	Spectrogram 1	1	1245.515330729	1245.549997396	22000.000	38000.000	0.3077
254	Waveform 1	1	1245.771997396	1245.791997396	22000.000	38000.000	0.3667
254	Spectrogram 1	1	1245.771997396	1245.791997396	22000.000	38000.000	0.3667
255	Waveform 1	1	1245.989330729	1245.996664063	22000.000	38000.000	0.4545
255	Spectrogram 1	1	1245.989330729	1245.996664063	22000.000	38000.000	0.4545
256	Waveform 1	1	1246.492664062	1246.510664062	22000.000	38000.000	0.2593
256	Spectrogram 1	1	1246.492664062	1246.510664062	22000.000	38000.000	0.2593
257	Waveform 1	1	1246.685330729	1246.687997396	22000.000	38000.000	0.5000
257	Spectrogram 1	1	1246.685330729	1246.687997396	22000.000	38000.000	0.5000
258	Waveform 1	1	1246.851330729	1246.873330729	22000.000	38000.000	0.3636
258	Spectrogram 1	1	1246.851330729	1246.873330729	22000.000	38000.000	0.3636
259	Waveform 1	1	1247.374664062	1247.396664062	22000.000	38000.000	0.1515
259	Spectrogram 1	1	1247.374664062	1247.396664062	22000.000	38000.000	0.1515
260	Waveform 1	1	1248.098664062	1248.116664062	22000.000	38000.000	0.4444
260	Spectrogram 1	1	1248.098664062	1248.116664062	22000.000	38000.000	0.4444
261	Waveform 1	1	1248.850664062	1248.851997396	22000.000	38000.000	1.0000
261	Spectrogram 1	1	1248.850664062	1248.851997396	22000.000	38000.000	1.0000
262	Waveform 1	1	1276.848664062	1276.849997396	22000.000	38000.000	1.0000
262	Spectrogram 1	1	1276.848664062	1276.849997396	22000.000	38000.000	1.0000
263	Waveform 1	1	1284.711997396	1284.721997396	22000.000	38000.000	0.3333
263	Spectrogram 1	1	1284.711997396	1284.721997396	22000.000	38000.000	0.3333
264	Waveform 1	1	1289.735997396	1289.745997396	22000.000	38000.000	0.3333
264	Spectrogram 1	1	1289.735997396	1289.745997396	22000.000	38000.000	0.3333
265	Waveform 1	1	1357.055997396	1357.068664062	22000.000	38000.000	0.1579
265	Spectrogram 1	1	1357.055997396	1357.068664062	22000.000	38000.000	0.1579
266	Waveform 1	1	1357.323330729	1357.340664062	22000.000	38000.000	0.0769
266	Spectrogram 1	1	1357.323330729	1357.340664062	22000.000	38000.000	0.0769
267	Waveform 1	1	1358.321997396	1358.323997396	22000.000	38000.000	0.6667
267	Spectrogram 1	1	1358.321997396	1358.323997396	22000.000	38000.000	0.6667
268	Waveform 1	1	1359.900664063	1359.942664062	22000.000	38000.000	0.1587
268	Spectrogram 1	1	1359.900664063	1359.942664062	22000.000	38000.000	0.1587
269	Waveform 1	1	1362.017330729	1362.041330729	22000.000	38000.000	0.0833
269	Spectrogram 1	1	1362.017330729	1362.041330729	22000.000	38000.000	0.0833
270	Waveform 1	1	1363.268664062	1363.273330729	22000.000	38000.000	0.4286
270	Spectrogram 1	1	1363.268664062	1363.273330729	22000.000	38000.000	0.4286
271	Waveform 1	1	1371.180664062	1371.181997396	22000.000	38000.000	1.0000
271	Spectrogram 1	1	1371.180664062	1371.181997396	22000.000	38000.000	1.0000
272	Waveform 1	1	1372.557330729	1372.565330729	22000.000	38000.000	0.3333
272	Spectrogram 1	1	1372.557330729	1372.565330729	22000.000	38000.000	0.3333
273	Waveform 1	1	1373.727997396	1373.742664062	22000.000	38000.000	0.2727
273	Spectrogram 1	1	1373.727997396	1373.742664062	22000.000	38000.000	0.2727
274	Waveform 1	1	1373.978664063	1374.007997396	22000.000	38000.000	0.2727
274	Spectrogram 1	1	1373.978664063	1374.007997396	22000.000	38000.000	0.2727
275	Waveform 1	1	1374.875997396	1374.886664062	22000.000	38000.000	0.4375
275	Spectrogram 1	1	1374.875997396	1374.886664062	22000.000	38000.000	0.4375
276	Waveform 1	1	1375.378664062	1375.382664062	22000.000	38000.000	0.3333
276	Spectrogram 1	1	1375.378664062	1375.382664062	22000.000	38000.000	0.3333
277	Waveform 1	1	1377.172664062	1377.174664062	22000.000	38000.000	0.6667
277	Spectrogram 1	1	1377.172664062	1377.174664062	22000.000	38000.000	0.6667
278	Waveform 1	1	1426.003330729	1426.019330729	22000.000	38000.000	0.3333
278	Spectrogram 1	1	1426.003330729	1426.019330729	22000.000	38000.000	0.3333
279	Waveform 1	1	1426.747330729	1426.774664062	22000.000	38000.000	0.3171
279	Spectrogram 1	1	1426.747330729	1426.774664062	22000.000	38000.000	0.3171
280	Waveform 1	1	1426.903997396	1426.921330729	22000.000	38000.000	0.1154
280	Spectrogram 1	1	1426.903997396	1426.921330729	22000.000	38000.000	0.1154
281	Waveform 1	1	1427.037997396	1427.065330729	22000.000	38000.000	0.2927
281	Spectrogram 1	1	1427.037997396	1427.065330729	22000.000	38000.000	0.2927
282	Waveform 1	1	1427.639330729	1427.703330729	22000.000	38000.000	0.2708
282	Spectrogram 1	1	1427.639330729	1427.703330729	22000.000	38000.000	0.2708
283	Waveform 1	1	1428.057997396	1428.060664062	22000.000	38000.000	1.0000
283	Spectrogram 1	1	1428.057997396	1428.060664062	22000.000	38000.000	1.0000
284	Waveform 1	1	1428.237330729	1428.285997396	22000.000	38000.000	0.3425
284	Spectrogram 1	1	1428.237330729	1428.285997396	22000.000	38000.000	0.3425
285	Waveform 1	1	1428.793997396	1428.837997396	22000.000	38000.000	0.4394
285	Spectrogram 1	1	1428.793997396	1428.837997396	22000.000	38000.000	0.4394
286	Waveform 1	1	1429.199997396	1429.223997396	22000.000	38000.000	0.1389
286	Spectrogram 1	1	1429.199997396	1429.223997396	22000.000	38000.000	0.1389
287	Waveform 1	1	1429.466664062	1429.478664063	22000.000	38000.000	0.2778
287	Spectrogram 1	1	1429.466664062	1429.478664063	22000.000	38000.000	0.2778
288	Waveform 1	1	1429.643330729	1429.683330729	22000.000	38000.000	0.3167
288	Spectrogram 1	1	1429.643330729	1429.683330729	22000.000	38000.000	0.3167
289	Waveform 1	1	1429.916664062	1429.945997396	22000.000	38000.000	0.4318
289	Spectrogram 1	1	1429.916664062	1429.945997396	22000.000	38000.000	0.4318
290	Waveform 1	1	1430.161997396	1430.259997396	22000.000	38000.000	0.1020
290	Spectrogram 1	1	1430.161997396	1430.259997396	22000.000	38000.000	0.1020
291	Waveform 1	1	1430.677997396	1430.714664062	22000.000	38000.000	0.3455
291	Spectrogram 1	1	1430.677997396	1430.714664062	22000.000	38000.000	0.3455
292	Waveform 1	1	1430.829997396	1430.861330729	22000.000	38000.000	0.3404
292	Spectrogram 1	1	1430.829997396	1430.861330729	22000.000	38000.000	0.3404
293	Waveform 1	1	1430.991997396	1431.073997396	22000.000	38000.000	0.0976
293	Spectrogram 1	1	1430.991997396	1431.073997396	22000.000	38000.000	0.0976
294	Waveform 1	1	1432.263997396	1432.302664062	22000.000	38000.000	0.1724
294	Spectrogram 1	1	1432.263997396	1432.302664062	22000.000	38000.000	0.1724
295	Waveform 1	1	1432.849997396	1432.853997396	22000.000	38000.000	0.3333
295	Spectrogram 1	1	1432.849997396	1432.853997396	22000.000	38000.000	0.3333
296	Waveform 1	1	1434.147997396	1434.153330729	22000.000	38000.000	0.3750
296	Spectrogram 1	1	1434.147997396	1434.153330729	22000.000	38000.000	0.3750
297	Waveform 1	1	1446.247997396	1446.249330729	22000.000	38000.000	1.0000
297	Spectrogram 1	1	1446.247997396	1446.249330729	22000.000	38000.000	1.0000
298	Waveform 1	1	1446.817330729	1446.819330729	22000.000	38000.000	0.6667
298	Spectrogram 1	1	1446.817330729	1446.819330729	22000.000	38000.000	0.6667
299	Waveform 1	1	1447.364664062	1447.368664062	22000.000	38000.000	0.6667
299	Spectrogram 1	1	1447.364664062	1447.368664062	22000.000	38000.000	0.6667
300	Waveform 1	1	1447.645330729	1447.662664062	22000.000	38000.000	0.3846
300	Spectrogram 1	1	1447.645330729	1447.662664062	22000.000	38000.000	0.3846
301	Waveform 1	1	1449.035997396	1449.039330729	22000.000	38000.000	0.4000
301	Spectrogram 1	1	1449.035997396	1449.039330729	22000.000	38000.000	0.4000
302	Waveform 1	1	1451.475997396	1451.482664062	22000.000	38000.000	0.6000
302	Spectrogram 1	1	1451.475997396	1451.482664062	22000.000	38000.000	0.6000
303	Waveform 1	1	1452.447330729	1452.453997396	22000.000	38000.000	0.3000
303	Spectrogram 1	1	1452.447330729	1452.453997396	22000.000	38000.000	0.3000
304	Waveform 1	1	1459.539330729	1459.546664062	22000.000	38000.000	0.4545
304	Spectrogram 1	1	1459.539330729	1459.546664062	22000.000	38000.000	0.4545
305	Waveform 1	1	1459.804664063	1459.827997396	22000.000	38000.000	0.3143
305	Spectrogram 1	1	1459.804664063	1459.827997396	22000.000	38000.000	0.3143
306	Waveform 1	1	1460.443330729	1460.463330729	22000.000	38000.000	0.4333
306	Spectrogram 1	1	1460.443330729	1460.463330729	22000.000	38000.000	0.4333
307	Waveform 1	1	1460.817997396	1460.843330729	22000.000	38000.000	0.4211
307	Spectrogram 1	1	1460.817997396	1460.843330729	22000.000	38000.000	0.4211
308	Waveform 1	1	1461.423997396	1461.456664062	22000.000	38000.000	0.1224
308	Spectrogram 1	1	1461.423997396	1461.456664062	22000.000	38000.000	0.1224
309	Waveform 1	1	1462.007330729	1462.036664062	22000.000	38000.000	0.3636
309	Spectrogram 1	1	1462.007330729	1462.036664062	22000.000	38000.000	0.3636
310	Waveform 1	1	1462.541997396	1462.557997396	22000.000	38000.000	0.4167
310	Spectrogram 1	1	1462.541997396	1462.557997396	22000.000	38000.000	0.4167
311	Waveform 1	1	1462.823997396	1462.883330729	22000.000	38000.000	0.2360
311	Spectrogram 1	1	1462.823997396	1462.883330729	22000.000	38000.000	0.2360
312	Waveform 1	1	1463.444664062	1463.500664062	22000.000	38000.000	0.2857
312	Spectrogram 1	1	1463.444664062	1463.500664062	22000.000	38000.000	0.2857
313	Waveform 1	1	1464.042664062	1464.095997396	22000.000	38000.000	0.1250
313	Spectrogram 1	1	1464.042664062	1464.095997396	22000.000	38000.000	0.1250
314	Waveform 1	1	1464.659330729	1464.700664062	22000.000	38000.000	0.3710
314	Spectrogram 1	1	1464.659330729	1464.700664062	22000.000	38000.000	0.3710
315	Waveform 1	1	1464.939330729	1464.981997396	22000.000	38000.000	0.3125
315	Spectrogram 1	1	1464.939330729	1464.981997396	22000.000	38000.000	0.3125
316	Waveform 1	1	1465.285330729	1465.332664063	22000.000	38000.000	0.4366
316	Spectrogram 1	1	1465.285330729	1465.332664063	22000.000	38000.000	0.4366
317	Waveform 1	1	1465.654664062	1465.669330729	22000.000	38000.000	0.4091
317	Spectrogram 1	1	1465.654664062	1465.669330729	22000.000	38000.000	0.4091
318	Waveform 1	1	1465.915997396	1465.959997396	22000.000	38000.000	0.2424
318	Spectrogram 1	1	1465.915997396	1465.959997396	22000.000	38000.000	0.2424
319	Waveform 1	1	1466.281330729	1466.325997396	22000.000	38000.000	0.2836
319	Spectrogram 1	1	1466.281330729	1466.325997396	22000.000	38000.000	0.2836
320	Waveform 1	1	1466.793330729	1466.814664063	22000.000	38000.000	0.2812
320	Spectrogram 1	1	1466.793330729	1466.814664063	22000.000	38000.000	0.2812
321	Waveform 1	1	1467.687330729	1467.695330729	22000.000	38000.000	0.1667
321	Spectrogram 1	1	1467.687330729	1467.695330729	22000.000	38000.000	0.1667
322	Waveform 1	1	1468.551997396	1468.573330729	22000.000	38000.000	0.5625
322	Spectrogram 1	1	1468.551997396	1468.573330729	22000.000	38000.000	0.5625
323	Waveform 1	1	1469.307330729	1469.308664062	22000.000	38000.000	1.0000
323	Spectrogram 1	1	1469.307330729	1469.308664062	22000.000	38000.000	1.0000
324	Waveform 1	1	1470.079997396	1470.081330729	22000.000	38000.000	1.0000
324	Spectrogram 1	1	1470.079997396	1470.081330729	22000.000	38000.000	1.0000
325	Waveform 1	1	1470.881997396	1470.884664062	22000.000	38000.000	0.7500
325	Spectrogram 1	1	1470.881997396	1470.884664062	22000.000	38000.000	0.7500
326	Waveform 1	1	1503.607997396	1503.614664062	22000.000	38000.000	0.4000
326	Spectrogram 1	1	1503.607997396	1503.614664062	22000.000	38000.000	0.4000
327	Waveform 1	1	1504.300664062	1504.301997396	22000.000	38000.000	1.0000
327	Spectrogram 1	1	1504.300664062	1504.301997396	22000.000	38000.000	1.0000
328	Waveform 1	1	1545.507330729	1545.509330729	22000.000	38000.000	1.0000
328	Spectrogram 1	1	1545.507330729	1545.509330729	22000.000	38000.000	1.0000
329	Waveform 1	1	1546.029997396	1546.034664063	22000.000	38000.000	0.5714
329	Spectrogram 1	1	1546.029997396	1546.034664063	22000.000	38000.000	0.5714
330	Waveform 1	1	1546.529330729	1546.539997396	22000.000	38000.000	0.5625
330	Spectrogram 1	1	1546.529330729	1546.539997396	22000.000	38000.000	0.5625
331	Waveform 1	1	1546.781330729	1546.783330729	22000.000	38000.000	0.6667
331	Spectrogram 1	1	1546.781330729	1546.783330729	22000.000	38000.000	0.6667
332	Waveform 1	1	1547.260664062	1547.265330729	22000.000	38000.000	0.5714
332	Spectrogram 1	1	1547.260664062	1547.265330729	22000.000	38000.000	0.5714
333	Waveform 1	1	1547.838664062	1547.859330729	22000.000	38000.000	0.2903
333	Spectrogram 1	1	1547.838664062	1547.859330729	22000.000	38000.000	0.2903
334	Waveform 1	1	1548.557997396	1548.581330729	22000.000	38000.000	0.3143
334	Spectrogram 1	1	1548.557997396	1548.581330729	22000.000	38000.000	0.3143
335	Waveform 1	1	1548.817330729	1548.827997396	22000.000	38000.000	0.1875
335	Spectrogram 1	1	1548.817330729	1548.827997396	22000.000	38000.000	0.1875
336	Waveform 1	1	1549.311330729	1549.313330729	22000.000	38000.000	0.6667
336	Spectrogram 1	1	1549.311330729	1549.313330729	22000.000	38000.000	0.6667
337	Waveform 1	1	1549.528664062	1549.534664063	22000.000	38000.000	0.3333
337	Spectrogram 1	1	1549.528664062	1549.534664063	22000.000	38000.000	0.3333
338	Waveform 1	1	1550.019997396	1550.051330729	22000.000	38000.000	0.2553
338	Spectrogram 1	1	1550.019997396	1550.051330729	22000.000	38000.000	0.2553
339	Waveform 1	1	1550.381330729	1550.406664062	22000.000	38000.000	0.3947
339	Spectrogram 1	1	1550.381330729	1550.406664062	22000.000	38000.000	0.3947
340	Waveform 1	1	1551.476664063	1551.532664062	22000.000	38000.000	0.2976
340	Spectrogram 1	1	1551.476664063	1551.532664062	22000.000	38000.000	0.2976
341	Waveform 1	1	1552.262664062	1552.283997396	22000.000	38000.000	0.4375
341	Spectrogram 1	1	1552.262664062	1552.283997396	22000.000	38000.000	0.4375
342	Waveform 1	1	1552.621330729	1552.630664063	22000.000	38000.000	0.3571
342	Spectrogram 1	1	1552.621330729	1552.630664063	22000.000	38000.000	0.3571
343	Waveform 1	1	1552.847330729	1552.869330729	22000.000	38000.000	0.2727
343	Spectrogram 1	1	1552.847330729	1552.869330729	22000.000	38000.000	0.2727
344	Waveform 1	1	1553.549997396	1553.561997396	22000.000	38000.000	0.3333
344	Spectrogram 1	1	1553.549997396	1553.561997396	22000.000	38000.000	0.3333
345	Waveform 1	1	1555.413997396	1555.421330729	22000.000	38000.000	0.4545
345	Spectrogram 1	1	1555.413997396	1555.421330729	22000.000	38000.000	0.4545
346	Waveform 1	1	1555.673330729	1555.692664062	22000.000	38000.000	0.1724
346	Spectrogram 1	1	1555.673330729	1555.692664062	22000.000	38000.000	0.1724
347	Waveform 1	1	1558.775997396	1558.785330729	22000.000	38000.000	0.2143
347	Spectrogram 1	1	1558.775997396	1558.785330729	22000.000	38000.000	0.2143
348	Waveform 1	1	1559.409997396	1559.421330729	22000.000	38000.000	0.1176
348	Spectrogram 1	1	1559.409997396	1559.421330729	22000.000	38000.000	0.1176
349	Waveform 1	1	1584.721330729	1584.737330729	22000.000	38000.000	0.4167
349	Spectrogram 1	1	1584.721330729	1584.737330729	22000.000	38000.000	0.4167
350	Waveform 1	1	1585.567330729	1585.589330729	22000.000	38000.000	0.3333
350	Spectrogram 1	1	1585.567330729	1585.589330729	22000.000	38000.000	0.3333
351	Waveform 1	1	1586.205997396	1586.248664062	22000.000	38000.000	0.2969
351	Spectrogram 1	1	1586.205997396	1586.248664062	22000.000	38000.000	0.2969
352	Waveform 1	1	1587.728664063	1587.739330729	22000.000	38000.000	0.3125
352	Spectrogram 1	1	1587.728664063	1587.739330729	22000.000	38000.000	0.3125
353	Waveform 1	1	1587.978664063	1588.016664063	22000.000	38000.000	0.3860
353	Spectrogram 1	1	1587.978664063	1588.016664063	22000.000	38000.000	0.3860
354	Waveform 1	1	1588.244664062	1588.272664062	22000.000	38000.000	0.2857
354	Spectrogram 1	1	1588.244664062	1588.272664062	22000.000	38000.000	0.2857
355	Waveform 1	1	1588.513330729	1588.533330729	22000.000	38000.000	0.2333
355	Spectrogram 1	1	1588.513330729	1588.533330729	22000.000	38000.000	0.2333
356	Waveform 1	1	1588.751997396	1588.785997396	22000.000	38000.000	0.2941
356	Spectrogram 1	1	1588.751997396	1588.785997396	22000.000	38000.000	0.2941
357	Waveform 1	1	1589.005997396	1589.025997396	22000.000	38000.000	0.3667
357	Spectrogram 1	1	1589.005997396	1589.025997396	22000.000	38000.000	0.3667
358	Waveform 1	1	1589.259330729	1589.279330729	22000.000	38000.000	0.2333
358	Spectrogram 1	1	1589.259330729	1589.279330729	22000.000	38000.000	0.2333
359	Waveform 1	1	1589.527997396	1589.572664062	22000.000	38000.000	0.2537
359	Spectrogram 1	1	1589.527997396	1589.572664062	22000.000	38000.000	0.2537
360	Waveform 1	1	1589.737997396	1589.747997396	22000.000	38000.000	0.6000
360	Spectrogram 1	1	1589.737997396	1589.747997396	22000.000	38000.000	0.6000
361	Waveform 1	1	1590.241997396	1590.271330729	22000.000	38000.000	0.1591
361	Spectrogram 1	1	1590.241997396	1590.271330729	22000.000	38000.000	0.1591
362	Waveform 1	1	1590.498664062	1590.529997396	22000.000	38000.000	0.3191
362	Spectrogram 1	1	1590.498664062	1590.529997396	22000.000	38000.000	0.3191
363	Waveform 1	1	1590.744664062	1590.749997396	22000.000	38000.000	0.3750
363	Spectrogram 1	1	1590.744664062	1590.749997396	22000.000	38000.000	0.3750
364	Waveform 1	1	1591.000664062	1591.013997396	22000.000	38000.000	0.2500
364	Spectrogram 1	1	1591.000664062	1591.013997396	22000.000	38000.000	0.2500
365	Waveform 1	1	1591.784664063	1591.793330729	22000.000	38000.000	0.5385
365	Spectrogram 1	1	1591.784664063	1591.793330729	22000.000	38000.000	0.5385
366	Waveform 1	1	1592.625997396	1592.638664062	22000.000	38000.000	0.4211
366	Spectrogram 1	1	1592.625997396	1592.638664062	22000.000	38000.000	0.4211
367	Waveform 1	1	1593.268664062	1593.280664062	22000.000	38000.000	0.1667
367	Spectrogram 1	1	1593.268664062	1593.280664062	22000.000	38000.000	0.1667
368	Waveform 1	1	1618.880664063	1618.881997396	22000.000	38000.000	1.0000
368	Spectrogram 1	1	1618.880664063	1618.881997396	22000.000	38000.000	1.0000
369	Waveform 1	1	1753.579330729	1753.581997396	22000.000	38000.000	0.5000
369	Spectrogram 1	1	1753.579330729	1753.581997396	22000.000	38000.000	0.5000
370	Waveform 1	1	1754.818664062	1754.820664062	22000.000	38000.000	1.0000
370	Spectrogram 1	1	1754.818664062	1754.820664062	22000.000	38000.000	1.0000
371	Waveform 1	1	1755.393997396	1755.403330729	22000.000	38000.000	0.3571
371	Spectrogram 1	1	1755.393997396	1755.403330729	22000.000	38000.000	0.3571
372	Waveform 1	1	1756.195997396	1756.207330729	22000.000	38000.000	0.3529
372	Spectrogram 1	1	1756.195997396	1756.207330729	22000.000	38000.000	0.3529
373	Waveform 1	1	1756.943997396	1756.973997396	22000.000	38000.000	0.3111
373	Spectrogram 1	1	1756.943997396	1756.973997396	22000.000	38000.000	0.3111
374	Waveform 1	1	1757.207330729	1757.230664062	22000.000	38000.000	0.3143
374	Spectrogram 1	1	1757.207330729	1757.230664062	22000.000	38000.000	0.3143
375	Waveform 1	1	1757.875330729	1757.917330729	22000.000	38000.000	0.2222
375	Spectrogram 1	1	1757.875330729	1757.917330729	22000.000	38000.000	0.2222
376	Waveform 1	1	1758.453997396	1758.472664062	22000.000	38000.000	0.2143
376	Spectrogram 1	1	1758.453997396	1758.472664062	22000.000	38000.000	0.2143
377	Waveform 1	1	1759.143330729	1759.167997396	22000.000	38000.000	0.1622
377	Spectrogram 1	1	1759.143330729	1759.167997396	22000.000	38000.000	0.1622
378	Waveform 1	1	1759.834664062	1759.861997396	22000.000	38000.000	0.2683
378	Spectrogram 1	1	1759.834664062	1759.861997396	22000.000	38000.000	0.2683
379	Waveform 1	1	1761.205330729	1761.209997396	22000.000	38000.000	0.2857
379	Spectrogram 1	1	1761.205330729	1761.209997396	22000.000	38000.000	0.2857
380	Waveform 1	1	1774.409330729	1774.416664062	22000.000	38000.000	0.2727
380	Spectrogram 1	1	1774.409330729	1774.416664062	22000.000	38000.000	0.2727
381	Waveform 1	1	1774.947997396	1774.961997396	22000.000	38000.000	0.7143
381	Spectrogram 1	1	1774.947997396	1774.961997396	22000.000	38000.000	0.7143
382	Waveform 1	1	1775.369997396	1775.385997396	22000.000	38000.000	0.3333
382	Spectrogram 1	1	1775.369997396	1775.385997396	22000.000	38000.000	0.3333
383	Waveform 1	1	1777.207997396	1777.215997396	22000.000	38000.000	0.5833
383	Spectrogram 1	1	1777.207997396	1777.215997396	22000.000	38000.000	0.5833
384	Waveform 1	1	1778.569330729	1778.583330729	22000.000	38000.000	0.2381
384	Spectrogram 1	1	1778.569330729	1778.583330729	22000.000	38000.000	0.2381
385	Waveform 1	1	1782.215997396	1782.225997396	22000.000	38000.000	0.2667
385	Spectrogram 1	1	1782.215997396	1782.225997396	22000.000	38000.000	0.2667
386	Waveform 1	1	1783.285330729	1783.293330729	22000.000	38000.000	0.1667
386	Spectrogram 1	1	1783.285330729	1783.293330729	22000.000	38000.000	0.1667
387	Waveform 1	1	1783.595997396	1783.603997396	22000.000	38000.000	0.2500
387	Spectrogram 1	1	1783.595997396	1783.603997396	22000.000	38000.000	0.2500
388	Waveform 1	1	1783.836664062	1783.840664062	22000.000	38000.000	0.3333
388	Spectrogram 1	1	1783.836664062	1783.840664062	22000.000	38000.000	0.3333
389	Waveform 1	1	1784.186664062	1784.191330729	22000.000	38000.000	1.0000
389	Spectrogram 1	1	1784.186664062	1784.191330729	22000.000	38000.000	1.0000
390	Waveform 1	1	1784.309330729	1784.311997396	22000.000	38000.000	0.5000
390	Spectrogram 1	1	1784.309330729	1784.311997396	22000.000	38000.000	0.5000
391	Waveform 1	1	1784.744664062	1784.763330729	22000.000	38000.000	0.5714
391	Spectrogram 1	1	1784.744664062	1784.763330729	22000.000	38000.000	0.5714
392	Waveform 1	1	1784.969330729	1784.975997396	22000.000	38000.000	0.3000
392	Spectrogram 1	1	1784.969330729	1784.975997396	22000.000	38000.000	0.3000
393	Waveform 1	1	1785.499330729	1785.510664062	22000.000	38000.000	0.4118
393	Spectrogram 1	1	1785.499330729	1785.510664062	22000.000	38000.000	0.4118
394	Waveform 1	1	1785.861997396	1785.877997396	22000.000	38000.000	0.5000
394	Spectrogram 1	1	1785.861997396	1785.877997396	22000.000	38000.000	0.5000
395	Waveform 1	1	1786.064664063	1786.068664062	22000.000	38000.000	0.6667
395	Spectrogram 1	1	1786.064664063	1786.068664062	22000.000	38000.000	0.6667
396	Waveform 1	1	1786.253997396	1786.264664062	22000.000	38000.000	0.5000
396	Spectrogram 1	1	1786.253997396	1786.264664062	22000.000	38000.000	0.5000
397	Waveform 1	1	1786.436664062	1786.443330729	22000.000	38000.000	0.8000
397	Spectrogram 1	1	1786.436664062	1786.443330729	22000.000	38000.000	0.8000
398	Waveform 1	1	1786.643997396	1786.647997396	22000.000	38000.000	0.5000
398	Spectrogram 1	1	1786.643997396	1786.647997396	22000.000	38000.000	0.5000
399	Waveform 1	1	1787.127330729	1787.137997396	22000.000	38000.000	0.1875
399	Spectrogram 1	1	1787.127330729	1787.137997396	22000.000	38000.000	0.1875
400	Waveform 1	1	1787.379330729	1787.386664062	22000.000	38000.000	0.2727
400	Spectrogram 1	1	1787.379330729	1787.386664062	22000.000	38000.000	0.2727
401	Waveform 1	1	1788.004664062	1788.037330729	22000.000	38000.000	0.1633
401	Spectrogram 1	1	1788.004664062	1788.037330729	22000.000	38000.000	0.1633
402	Waveform 1	1	1788.187997396	1788.213330729	22000.000	38000.000	0.3158
402	Spectrogram 1	1	1788.187997396	1788.213330729	22000.000	38000.000	0.3158
403	Waveform 1	1	1788.953330729	1788.969997396	22000.000	38000.000	0.1600
403	Spectrogram 1	1	1788.953330729	1788.969997396	22000.000	38000.000	0.1600
404	Waveform 1	1	1789.227330729	1789.252664062	22000.000	38000.000	0.6053
404	Spectrogram 1	1	1789.227330729	1789.252664062	22000.000	38000.000	0.6053
405	Waveform 1	1	1789.450664062	1789.475997396	22000.000	38000.000	0.4737
405	Spectrogram 1	1	1789.450664062	1789.475997396	22000.000	38000.000	0.4737
406	Waveform 1	1	1789.587997396	1789.605330729	22000.000	38000.000	0.1923
406	Spectrogram 1	1	1789.587997396	1789.605330729	22000.000	38000.000	0.1923
407	Waveform 1	1	1789.677997396	1789.743330729	22000.000	38000.000	0.1122
407	Spectrogram 1	1	1789.677997396	1789.743330729	22000.000	38000.000	0.1122
408	Waveform 1	1	1790.230664062	1790.259330729	22000.000	38000.000	0.2093
408	Spectrogram 1	1	1790.230664062	1790.259330729	22000.000	38000.000	0.2093
409	Waveform 1	1	1790.570664062	1790.587997396	22000.000	38000.000	0.1538
409	Spectrogram 1	1	1790.570664062	1790.587997396	22000.000	38000.000	0.1538
410	Waveform 1	1	1790.709997396	1790.739330729	22000.000	38000.000	0.2273
410	Spectrogram 1	1	1790.709997396	1790.739330729	22000.000	38000.000	0.2273
411	Waveform 1	1	1791.733330729	1791.741330729	22000.000	38000.000	0.2500
411	Spectrogram 1	1	1791.733330729	1791.741330729	22000.000	38000.000	0.2500
412	Waveform 1	1	1792.438664063	1792.445997396	22000.000	38000.000	0.2727
412	Spectrogram 1	1	1792.438664063	1792.445997396	22000.000	38000.000	0.2727
