Selection	View	Channel	Begin Time (s)	End Time (s)	Low Freq (Hz)	High Freq (Hz)	Occupancy
1	Waveform 1	1	0.195330729	0.223330729	22000.000	38000.000	0.2143
1	Spectrogram 1	1	0.195330729	0.223330729	22000.000	38000.000	0.2143
2	Waveform 1	1	1.030664063	1.055330729	22000.000	38000.000	0.2432
2	Spectrogram 1	1	1.030664063	1.055330729	22000.000	38000.000	0.2432
3	Waveform 1	1	1.180664062	1.207330729	22000.000	38000.000	0.3250
3	Spectrogram 1	1	1.180664062	1.207330729	22000.000	38000.000	0.3250
4	Waveform 1	1	1.415330729	1.432664063	22000.000	38000.000	0.3077
4	Spectrogram 1	1	1.415330729	1.432664063	22000.000	38000.000	0.3077
5	Waveform 1	1	3.357997396	3.371997396	22000.000	38000.000	0.1429
5	Spectrogram 1	1	3.357997396	3.371997396	22000.000	38000.000	0.1429
6	Waveform 1	1	3.863330729	3.898664062	22000.000	38000.000	0.1321
6	Spectrogram 1	1	3.863330729	3.898664062	22000.000	38000.000	0.1321
7	Waveform 1	1	7.991330729	8.003997396	22000.000	38000.000	0.3158
7	Spectrogram 1	1	7.991330729	8.003997396	22000.000	38000.000	0.3158
8	Waveform 1	1	10.292664063	10.309330729	22000.000	38000.000	0.4000
8	Spectrogram 1	1	10.292664063	10.309330729	22000.000	38000.000	0.4000
9	Waveform 1	1	11.099997396	11.118664063	22000.000	38000.000	0.1786
9	Spectrogram 1	1	11.099997396	11.118664063	22000.000	38000.000	0.1786
10	Waveform 1	1	11.906664063	11.934664062	22000.000	38000.000	0.1429
10	Spectrogram 1	1	11.906664063	11.934664062	22000.000	38000.000	0.1429
11	Waveform 1	1	12.826664063	12.850664062	22000.000	38000.000	0.1944
11	Spectrogram 1	1	12.826664063	12.850664062	22000.000	38000.000	0.1944
12	Waveform 1	1	12.947997396	12.959997396	22000.000	38000.000	0.2778
12	Spectrogram 1	1	12.947997396	12.959997396	22000.000	38000.000	0.2778
13	Waveform 1	1	14.117997396	14.155997396	22000.000	38000.000	0.1930
13	Spectrogram 1	1	14.117997396	14.155997396	22000.000	38000.000	0.1930
14	Waveform 1	1	15.055330729	15.091330729	22000.000	38000.000	0.3889
14	Spectrogram 1	1	15.055330729	15.091330729	22000.000	38000.000	0.3889
15	Waveform 1	1	15.873997396	15.907997396	22000.000	38000.000	0.1765
15	Spectrogram 1	1	15.873997396	15.907997396	22000.000	38000.000	0.1765
16	Waveform 1	1	19.268664063	19.298664062	22000.000	38000.000	0.1556
16	Spectrogram 1	1	19.268664063	19.298664062	22000.000	38000.000	0.1556
17	Waveform 1	1	19.631997396	19.658664063	22000.000	38000.000	0.2500
17	Spectrogram 1	1	19.631997396	19.658664063	22000.000	38000.000	0.2500
18	Waveform 1	1	19.781330729	19.786664063	22000.000	38000.000	0.3750
18	Spectrogram 1	1	19.781330729	19.786664063	22000.000	38000.000	0.3750
19	Waveform 1	1	19.997330729	20.019330729	22000.000	38000.000	0.3030
19	Spectrogram 1	1	19.997330729	20.019330729	22000.000	38000.000	0.3030
20	Waveform 1	1	20.600664063	20.629997396	22000.000	38000.000	0.1591
20	Spectrogram 1	1	20.600664063	20.629997396	22000.000	38000.000	0.1591
21	Waveform 1	1	20.793997396	20.811330729	22000.000	38000.000	0.2308
21	Spectrogram 1	1	20.793997396	20.811330729	22000.000	38000.000	0.2308
22	Waveform 1	1	21.042664063	21.049330729	22000.000	38000.000	0.2000
22	Spectrogram 1	1	21.042664063	21.049330729	22000.000	38000.000	0.2000
23	Waveform 1	1	22.163997396	22.177997396	22000.000	38000.000	0.1429
23	Spectrogram 1	1	22.163997396	22.177997396	22000.000	38000.000	0.1429
24	Waveform 1	1	22.842664062	22.881997396	22000.000	38000.000	0.1356
24	Spectrogram 1	1	22.842664062	22.881997396	22000.000	38000.000	0.1356
25	Waveform 1	1	23.653330729	23.702664063	22000.000	38000.000	0.1757
25	Spectrogram 1	1	23.653330729	23.702664063	22000.000	38000.000	0.1757
26	Waveform 1	1	24.021997396	24.030664063	22000.000	38000.000	0.2308
26	Spectrogram 1	1	24.021997396	24.030664063	22000.000	38000.000	0.2308
27	Waveform 1	1	24.242664063	24.285997396	22000.000	38000.000	0.2923
27	Spectrogram 1	1	24.242664063	24.285997396	22000.000	38000.000	0.2923
28	Waveform 1	1	25.083330729	25.124664062	22000.000	38000.000	0.1774
28	Spectrogram 1	1	25.083330729	25.124664062	22000.000	38000.000	0.1774
29	Waveform 1	1	25.893997396	25.945997396	22000.000	38000.000	0.1667
29	Spectrogram 1	1	25.893997396	25.945997396	22000.000	38000.000	0.1667
30	Waveform 1	1	26.495330729	26.551330729	22000.000	38000.000	0.3452
30	Spectrogram 1	1	26.495330729	26.551330729	22000.000	38000.000	0.3452
31	Waveform 1	1	27.434664063	27.489997396	22000.000	38000.000	0.1205
31	Spectrogram 1	1	27.434664063	27.489997396	22000.000	38000.000	0.1205
32	Waveform 1	1	27.801330729	27.802664062	22000.000	38000.000	1.0000
32	Spectrogram 1	1	27.801330729	27.802664062	22000.000	38000.000	1.0000
33	Waveform 1	1	28.251330729	28.303997396	22000.000	38000.000	0.1772
33	Spectrogram 1	1	28.251330729	28.303997396	22000.000	38000.000	0.1772
34	Waveform 1	1	29.059997396	29.099330729	22000.000	38000.000	0.2203
34	Spectrogram 1	1	29.059997396	29.099330729	22000.000	38000.000	0.2203
35	Waveform 1	1	29.875330729	29.894664062	22000.000	38000.000	0.3103
35	Spectrogram 1	1	29.875330729	29.894664062	22000.000	38000.000	0.3103
36	Waveform 1	1	31.901330729	31.905997396	22000.000	38000.000	0.2857
36	Spectrogram 1	1	31.901330729	31.905997396	22000.000	38000.000	0.2857
37	Waveform 1	1	32.377330729	32.379997396	22000.000	38000.000	0.5000
37	Spectrogram 1	1	32.377330729	32.379997396	22000.000	38000.000	0.5000
38	Waveform 1	1	33.060664063	33.065330729	22000.000	38000.000	0.4286
38	Spectrogram 1	1	33.060664063	33.065330729	22000.000	38000.000	0.4286
39	Waveform 1	1	33.406664062	33.425330729	22000.000	38000.000	0.2143
39	Spectrogram 1	1	33.406664062	33.425330729	22000.000	38000.000	0.2143
40	Waveform 1	1	34.089330729	34.092664062	22000.000	38000.000	0.8000
40	Spectrogram 1	1	34.089330729	34.092664062	22000.000	38000.000	0.8000
41	Waveform 1	1	103.868664062	103.880664062	22000.000	38000.000	0.3333
41	Spectrogram 1	1	103.868664062	103.880664062	22000.000	38000.000	0.3333
42	Waveform 1	1	104.105997396	104.121330729	22000.000	38000.000	0.0870
42	Spectrogram 1	1	104.105997396	104.121330729	22000.000	38000.000	0.0870
43	Waveform 1	1	105.522664062	105.547330729	22000.000	38000.000	0.1081
43	Spectrogram 1	1	105.522664062	105.547330729	22000.000	38000.000	0.1081
44	Waveform 1	1	108.075997396	108.095330729	22000.000	38000.000	0.1034
44	Spectrogram 1	1	108.075997396	108.095330729	22000.000	38000.000	0.1034
45	Waveform 1	1	235.579997396	235.594664062	22000.000	38000.000	0.1818
45	Spectrogram 1	1	235.579997396	235.594664062	22000.000	38000.000	0.1818
46	Waveform 1	1	240.800664063	240.813997396	22000.000	38000.000	0.1000
46	Spectrogram 1	1	240.800664063	240.813997396	22000.000	38000.000	0.1000
47	Waveform 1	1	243.827330729	243.849997396	22000.000	38000.000	0.3824
47	Spectrogram 1	1	243.827330729	243.849997396	22000.000	38000.000	0.3824
48	Waveform 1	1	244.626664062	244.665997396	22000.000	38000.000	0.1525
48	Spectrogram 1	1	244.626664062	244.665997396	22000.000	38000.000	0.1525
49	Waveform 1	1	245.077997396	245.089997396	22000.000	38000.000	0.1111
49	Spectrogram 1	1	245.077997396	245.089997396	22000.000	38000.000	0.1111
50	Waveform 1	1	245.406664062	245.449330729	22000.000	38000.000	0.1406
50	Spectrogram 1	1	245.406664062	245.449330729	22000.000	38000.000	0.1406
51	Waveform 1	1	245.977330729	246.019997396	22000.000	38000.000	0.1875
51	Spectrogram 1	1	245.977330729	246.019997396	22000.000	38000.000	0.1875
52	Waveform 1	1	247.539330729	247.540664062	22000.000	38000.000	1.0000
52	Spectrogram 1	1	247.539330729	247.540664062	22000.000	38000.000	1.0000
53	Waveform 1	1	252.647330729	252.669330729	22000.000	38000.000	0.1515
53	Spectrogram 1	1	252.647330729	252.669330729	22000.000	38000.000	0.1515
54	Waveform 1	1	253.373330729	253.385330729	22000.000	38000.000	0.1111
54	Spectrogram 1	1	253.373330729	253.385330729	22000.000	38000.000	0.1111
55	Waveform 1	1	253.928664062	253.935997396	22000.000	38000.000	0.2727
55	Spectrogram 1	1	253.928664062	253.935997396	22000.000	38000.000	0.2727
56	Waveform 1	1	254.277997396	254.315997396	22000.000	38000.000	0.1228
56	Spectrogram 1	1	254.277997396	254.315997396	22000.000	38000.000	0.1228
57	Waveform 1	1	254.630664062	254.654664062	22000.000	38000.000	0.3889
57	Spectrogram 1	1	254.630664062	254.654664062	22000.000	38000.000	0.3889
58	Waveform 1	1	254.927997396	254.939330729	22000.000	38000.000	0.1765
58	Spectrogram 1	1	254.927997396	254.939330729	22000.000	38000.000	0.1765
59	Waveform 1	1	255.186664063	255.215330729	22000.000	38000.000	0.2791
59	Spectrogram 1	1	255.186664063	255.215330729	22000.000	38000.000	0.2791
60	Waveform 1	1	255.430664062	255.459330729	22000.000	38000.000	0.1860
60	Spectrogram 1	1	255.430664062	255.459330729	22000.000	38000.000	0.1860
61	Waveform 1	1	257.106664062	257.115330729	22000.000	38000.000	0.3846
61	Spectrogram 1	1	257.106664062	257.115330729	22000.000	38000.000	0.3846
62	Waveform 1	1	257.650664062	257.671330729	22000.000	38000.000	0.2903
62	Spectrogram 1	1	257.650664062	257.671330729	22000.000	38000.000	0.2903
63	Waveform 1	1	258.331330729	258.359997396	22000.000	38000.000	0.2791
63	Spectrogram 1	1	258.331330729	258.359997396	22000.000	38000.000	0.2791
64	Waveform 1	1	258.887997396	258.934664063	22000.000	38000.000	0.2714
64	Spectrogram 1	1	258.887997396	258.934664063	22000.000	38000.000	0.2714
65	Waveform 1	1	259.553330729	259.588664063	22000.000	38000.000	0.3962
65	Spectrogram 1	1	259.553330729	259.588664063	22000.000	38000.000	0.3962
66	Waveform 1	1	259.993997396	260.017330729	22000.000	38000.000	0.1429
66	Spectrogram 1	1	259.993997396	260.017330729	22000.000	38000.000	0.1429
67	Waveform 1	1	260.877330729	260.923330729	22000.000	38000.000	0.2174
67	Spectrogram 1	1	260.877330729	260.923330729	22000.000	38000.000	0.2174
68	Waveform 1	1	261.218664063	261.227330729	22000.000	38000.000	0.2308
68	Spectrogram 1	1	261.218664063	261.227330729	22000.000	38000.000	0.2308
69	Waveform 1	1	262.341997396	262.359330729	22000.000	38000.000	0.3462
69	Spectrogram 1	1	262.341997396	262.359330729	22000.000	38000.000	0.3462
70	Waveform 1	1	302.537330729	302.538664063	22000.000	38000.000	1.0000
70	Spectrogram 1	1	302.537330729	302.538664063	22000.000	38000.000	1.0000
71	Waveform 1	1	304.217330729	304.221997396	22000.000	38000.000	0.2857
71	Spectrogram 1	1	304.217330729	304.221997396	22000.000	38000.000	0.2857
72	Waveform 1	1	306.233997396	306.237330729	22000.000	38000.000	0.6000
72	Spectrogram 1	1	306.233997396	306.237330729	22000.000	38000.000	0.6000
73	Waveform 1	1	371.665997396	371.669330729	22000.000	38000.000	0.4000
73	Spectrogram 1	1	371.665997396	371.669330729	22000.000	38000.000	0.4000
74	Waveform 1	1	371.889330729	371.903330729	22000.000	38000.000	0.3333
74	Spectrogram 1	1	371.889330729	371.903330729	22000.000	38000.000	0.3333
75	Waveform 1	1	372.459330729	372.481330729	22000.000	38000.000	0.4242
75	Spectrogram 1	1	372.459330729	372.481330729	22000.000	38000.000	0.4242
76	Waveform 1	1	373.298664062	373.327997396	22000.000	38000.000	0.4091
76	Spectrogram 1	1	373.298664062	373.327997396	22000.000	38000.000	0.4091
77	Waveform 1	1	374.148664063	374.164664062	22000.000	38000.000	0.2500
77	Spectrogram 1	1	374.148664063	374.164664062	22000.000	38000.000	0.2500
78	Waveform 1	1	374.851330729	374.876664062	22000.000	38000.000	0.2368
78	Spectrogram 1	1	374.851330729	374.876664062	22000.000	38000.000	0.2368
79	Waveform 1	1	375.579330729	375.596664062	22000.000	38000.000	0.2692
79	Spectrogram 1	1	375.579330729	375.596664062	22000.000	38000.000	0.2692
80	Waveform 1	1	521.985997396	521.995997396	22000.000	38000.000	0.2000
80	Spectrogram 1	1	521.985997396	521.995997396	22000.000	38000.000	0.2000
81	Waveform 1	1	523.171997396	523.175997396	22000.000	38000.000	0.5000
81	Spectrogram 1	1	523.171997396	523.175997396	22000.000	38000.000	0.5000
82	Waveform 1	1	524.227997396	524.235997396	22000.000	38000.000	0.2500
82	Spectrogram 1	1	524.227997396	524.235997396	22000.000	38000.000	0.2500
83	Waveform 1	1	524.825330729	524.847330729	22000.000	38000.000	0.0909
83	Spectrogram 1	1	524.825330729	524.847330729	22000.000	38000.000	0.0909
84	Waveform 1	1	526.020664063	526.023330729	22000.000	38000.000	0.5000
84	Spectrogram 1	1	526.020664063	526.023330729	22000.000	38000.000	0.5000
85	Waveform 1	1	526.611330729	526.632664062	22000.000	38000.000	0.3125
85	Spectrogram 1	1	526.611330729	526.632664062	22000.000	38000.000	0.3125
86	Waveform 1	1	527.318664063	527.339330729	22000.000	38000.000	0.2581
86	Spectrogram 1	1	527.318664063	527.339330729	22000.000	38000.000	0.2581
87	Waveform 1	1	528.956664063	528.969330729	22000.000	38000.000	0.1579
87	Spectrogram 1	1	528.956664063	528.969330729	22000.000	38000.000	0.1579
88	Waveform 1	1	544.274664063	544.287330729	22000.000	38000.000	0.2105
88	Spectrogram 1	1	544.274664063	544.287330729	22000.000	38000.000	0.2105
89	Waveform 1	1	544.871330729	544.899330729	22000.000	38000.000	0.0714
89	Spectrogram 1	1	544.871330729	544.899330729	22000.000	38000.000	0.0714
90	Waveform 1	1	545.603330729	545.631330729	22000.000	38000.000	0.1429
90	Spectrogram 1	1	545.603330729	545.631330729	22000.000	38000.000	0.1429
91	Waveform 1	1	714.995330729	714.997997396	22000.000	38000.000	0.5000
91	Spectrogram 1	1	714.995330729	714.997997396	22000.000	38000.000	0.5000
92	Waveform 1	1	717.231330729	717.247330729	22000.000	38000.000	0.1667
92	Spectrogram 1	1	717.231330729	717.247330729	22000.000	38000.000	0.1667
93	Waveform 1	1	761.088664063	761.093997396	22000.000	38000.000	0.5000
93	Spectrogram 1	1	761.088664063	761.093997396	22000.000	38000.000	0.5000
94	Waveform 1	1	761.797330729	761.807330729	22000.000	38000.000	0.1333
94	Spectrogram 1	1	761.797330729	761.807330729	22000.000	38000.000	0.1333
95	Waveform 1	1	762.387330729	762.388664063	22000.000	38000.000	1.0000
95	Spectrogram 1	1	762.387330729	762.388664063	22000.000	38000.000	1.0000
96	Waveform 1	1	916.559997396	916.564664063	22000.000	38000.000	0.2857
96	Spectrogram 1	1	916.559997396	916.564664063	22000.000	38000.000	0.2857
97	Waveform 1	1	917.039997396	917.045330729	22000.000	38000.000	0.3750
97	Spectrogram 1	1	917.039997396	917.045330729	22000.000	38000.000	0.3750
98	Waveform 1	1	917.594664063	917.600664063	22000.000	38000.000	0.3333
98	Spectrogram 1	1	917.594664063	917.600664063	22000.000	38000.000	0.3333
99	Waveform 1	1	1029.314664063	1029.316664062	22000.000	38000.000	0.6667
99	Spectrogram 1	1	1029.314664063	1029.316664062	22000.000	38000.000	0.6667
100	Waveform 1	1	1124.716664062	1124.725997396	22000.000	38000.000	0.1429
100	Spectrogram 1	1	1124.716664062	1124.725997396	22000.000	38000.000	0.1429
101	Waveform 1	1	1126.047997396	1126.049330729	22000.000	38000.000	1.0000
101	Spectrogram 1	1	1126.047997396	1126.049330729	22000.000	38000.000	1.0000
102	Waveform 1	1	1130.439997396	1130.441997396	22000.000	38000.000	0.6667
102	Spectrogram 1	1	1130.439997396	1130.441997396	22000.000	38000.000	0.6667
103	Waveform 1	1	1131.273997396	1131.297997396	22000.000	38000.000	0.1667
103	Spectrogram 1	1	1131.273997396	1131.297997396	22000.000	38000.000	0.1667
104	Waveform 1	1	1132.837997396	1132.842664063	22000.000	38000.000	0.4286
104	Spectrogram 1	1	1132.837997396	1132.842664063	22000.000	38000.000	0.4286
105	Waveform 1	1	1133.079330729	1133.080664062	22000.000	38000.000	1.0000
105	Spectrogram 1	1	1133.079330729	1133.080664062	22000.000	38000.000	1.0000
106	Waveform 1	1	1139.423330729	1139.431997396	22000.000	38000.000	0.1538
106	Spectrogram 1	1	1139.423330729	1139.431997396	22000.000	38000.000	0.1538
107	Waveform 1	1	1140.363330729	1140.377330729	22000.000	38000.000	0.1905
107	Spectrogram 1	1	1140.363330729	1140.377330729	22000.000	38000.000	0.1905
108	Waveform 1	1	1225.519997396	1225.538664062	22000.000	38000.000	0.1071
108	Spectrogram 1	1	1225.519997396	1225.538664062	22000.000	38000.000	0.1071
109	Waveform 1	1	1226.939997396	1226.961330729	22000.000	38000.000	0.1250
109	Spectrogram 1	1	1226.939997396	1226.961330729	22000.000	38000.000	0.1250
110	Waveform 1	1	1228.373997396	1228.397997396	22000.000	38000.000	0.0833
110	Spectrogram 1	1	1228.373997396	1228.397997396	22000.000	38000.000	0.0833
111	Waveform 1	1	1402.318664062	1402.337330729	22000.000	38000.000	0.1429
111	Spectrogram 1	1	1402.318664062	1402.337330729	22000.000	38000.000	0.1429
112	Waveform 1	1	1403.125997396	1403.137330729	22000.000	38000.000	0.2353
112	Spectrogram 1	1	1403.125997396	1403.137330729	22000.000	38000.000	0.2353
113	Waveform 1	1	1403.941330729	1403.946664062	22000.000	38000.000	0.2500
113	Spectrogram 1	1	1403.941330729	1403.946664062	22000.000	38000.000	0.2500
114	Waveform 1	1	1404.850664062	1404.883330729	22000.000	38000.000	0.1429
114	Spectrogram 1	1	1404.850664062	1404.883330729	22000.000	38000.000	0.1429
115	Waveform 1	1	1405.884664062	1405.900664063	22000.000	38000.000	0.2083
115	Spectrogram 1	1	1405.884664062	1405.900664063	22000.000	38000.000	0.2083
116	Waveform 1	1	1406.131330729	1406.133330729	22000.000	38000.000	1.0000
116	Spectrogram 1	1	1406.131330729	1406.133330729	22000.000	38000.000	1.0000
117	Waveform 1	1	1406.944664062	1406.965997396	22000.000	38000.000	0.1562
117	Spectrogram 1	1	1406.944664062	1406.965997396	22000.000	38000.000	0.1562
118	Waveform 1	1	1407.743997396	1407.753997396	22000.000	38000.000	0.1333
118	Spectrogram 1	1	1407.743997396	1407.753997396	22000.000	38000.000	0.1333
119	Waveform 1	1	1595.561330729	1595.563330729	22000.000	38000.000	1.0000
119	Spectrogram 1	1	1595.561330729	1595.563330729	22000.000	38000.000	1.0000
120	Waveform 1	1	1752.247330729	1752.250664062	22000.000	38000.000	0.4000
120	Spectrogram 1	1	1752.247330729	1752.250664062	22000.000	38000.000	0.4000
