Selection	View	Channel	Begin Time (s)	End Time (s)	Low Freq (Hz)	High Freq (Hz)	Occupancy
1	Waveform 1	1	1001.374664063	1001.376664063	38000.000	81000.000	0.6667
1	Spectrogram 1	1	1001.374664063	1001.376664063	38000.000	81000.000	0.6667
2	Waveform 1	1	1001.606664063	1001.607997396	38000.000	81000.000	1.0000
2	Spectrogram 1	1	1001.606664063	1001.607997396	38000.000	81000.000	1.0000
3	Waveform 1	1	1001.714664063	1001.715997396	38000.000	81000.000	1.0000
3	Spectrogram 1	1	1001.714664063	1001.715997396	38000.000	81000.000	1.0000
4	Waveform 1	1	1001.940664063	1001.945330729	38000.000	81000.000	0.5714
4	Spectrogram 1	1	1001.940664063	1001.945330729	38000.000	81000.000	0.5714
5	Waveform 1	1	1002.020664063	1002.029997396	38000.000	81000.000	0.2143
5	Spectrogram 1	1	1002.020664063	1002.029997396	38000.000	81000.000	0.2143
6	Waveform 1	1	1002.080664063	1002.088664063	38000.000	81000.000	0.2500
6	Spectrogram 1	1	1002.080664063	1002.088664063	38000.000	81000.000	0.2500
7	Waveform 1	1	1002.131997396	1002.137330729	38000.000	81000.000	0.2500
7	Spectrogram 1	1	1002.131997396	1002.137330729	38000.000	81000.000	0.2500
8	Waveform 1	1	1002.428664063	1002.429997396	38000.000	81000.000	1.0000
8	Spectrogram 1	1	1002.428664063	1002.429997396	38000.000	81000.000	1.0000
9	Waveform 1	1	1002.511997396	1002.531330729	38000.000	81000.000	0.2069
9	Spectrogram 1	1	1002.511997396	1002.531330729	38000.000	81000.000	0.2069
10	Waveform 1	1	1002.859330729	1002.860664063	38000.000	81000.000	1.0000
10	Spectrogram 1	1	1002.859330729	1002.860664063	38000.000	81000.000	1.0000
11	Waveform 1	1	1002.945330729	1002.949997396	38000.000	81000.000	0.4286
11	Spectrogram 1	1	1002.945330729	1002.949997396	38000.000	81000.000	0.4286
12	Waveform 1	1	1003.047330729	1003.051330729	38000.000	81000.000	0.3333
12	Spectrogram 1	1	1003.047330729	1003.051330729	38000.000	81000.000	0.3333
13	Waveform 1	1	1003.123997396	1003.128664063	38000.000	81000.000	0.4286
13	Spectrogram 1	1	1003.123997396	1003.128664063	38000.000	81000.000	0.4286
14	Waveform 1	1	1003.209330729	1003.222664063	38000.000	81000.000	0.2000
14	Spectrogram 1	1	1003.209330729	1003.222664063	38000.000	81000.000	0.2000
15	Waveform 1	1	1003.288664063	1003.301330729	38000.000	81000.000	0.2105
15	Spectrogram 1	1	1003.288664063	1003.301330729	38000.000	81000.000	0.2105
16	Waveform 1	1	1003.377997396	1003.381997396	38000.000	81000.000	0.5000
16	Spectrogram 1	1	1003.377997396	1003.381997396	38000.000	81000.000	0.5000
17	Waveform 1	1	1003.539997396	1003.551997396	38000.000	81000.000	0.2222
17	Spectrogram 1	1	1003.539997396	1003.551997396	38000.000	81000.000	0.2222
18	Waveform 1	1	1003.689997396	1003.704664063	38000.000	81000.000	0.2727
18	Spectrogram 1	1	1003.689997396	1003.704664063	38000.000	81000.000	0.2727
19	Waveform 1	1	1003.767997396	1003.783997396	38000.000	81000.000	0.2500
19	Spectrogram 1	1	1003.767997396	1003.783997396	38000.000	81000.000	0.2500
20	Waveform 1	1	1003.945330729	1003.959330729	38000.000	81000.000	0.3333
20	Spectrogram 1	1	1003.945330729	1003.959330729	38000.000	81000.000	0.3333
21	Waveform 1	1	1004.030664063	1004.046664063	38000.000	81000.000	0.2917
21	Spectrogram 1	1	1004.030664063	1004.046664063	38000.000	81000.000	0.2917
22	Waveform 1	1	1004.174664063	1004.187997396	38000.000	81000.000	0.3000
22	Spectrogram 1	1	1004.174664063	1004.187997396	38000.000	81000.000	0.3000
23	Waveform 1	1	1004.227330729	1004.238664063	38000.000	81000.000	0.2353
23	Spectrogram 1	1	1004.227330729	1004.238664063	38000.000	81000.000	0.2353
24	Waveform 1	1	1004.299997396	1004.318664063	38000.000	81000.000	0.3571
24	Spectrogram 1	1	1004.299997396	1004.318664063	38000.000	81000.000	0.3571
25	Waveform 1	1	1004.539997396	1004.561997396	38000.000	81000.000	0.3333
25	Spectrogram 1	1	1004.539997396	1004.561997396	38000.000	81000.000	0.3333
26	Waveform 1	1	1004.811997396	1004.833997396	38000.000	81000.000	0.3939
26	Spectrogram 1	1	1004.811997396	1004.833997396	38000.000	81000.000	0.3939
27	Waveform 1	1	1004.899997396	1004.921330729	38000.000	81000.000	0.2188
27	Spectrogram 1	1	1004.899997396	1004.921330729	38000.000	81000.000	0.2188
28	Waveform 1	1	1004.989330729	1005.009330729	38000.000	81000.000	0.2000
28	Spectrogram 1	1	1004.989330729	1005.009330729	38000.000	81000.000	0.2000
29	Waveform 1	1	1005.165997396	1005.179330729	38000.000	81000.000	0.3000
29	Spectrogram 1	1	1005.165997396	1005.179330729	38000.000	81000.000	0.3000
30	Waveform 1	1	1005.307997396	1005.309997396	38000.000	81000.000	0.6667
30	Spectrogram 1	1	1005.307997396	1005.309997396	38000.000	81000.000	0.6667
31	Waveform 1	1	1005.341997396	1005.344664063	38000.000	81000.000	0.7500
31	Spectrogram 1	1	1005.341997396	1005.344664063	38000.000	81000.000	0.7500
32	Waveform 1	1	1005.371997396	1005.374664063	38000.000	81000.000	0.5000
32	Spectrogram 1	1	1005.371997396	1005.374664063	38000.000	81000.000	0.5000
33	Waveform 1	1	1005.476664063	1005.488664063	38000.000	81000.000	0.2778
33	Spectrogram 1	1	1005.476664063	1005.488664063	38000.000	81000.000	0.2778
34	Waveform 1	1	1005.522664063	1005.527330729	38000.000	81000.000	0.2857
34	Spectrogram 1	1	1005.522664063	1005.527330729	38000.000	81000.000	0.2857
35	Waveform 1	1	1007.842664063	1007.843997396	38000.000	81000.000	1.0000
35	Spectrogram 1	1	1007.842664063	1007.843997396	38000.000	81000.000	1.0000
36	Waveform 1	1	1008.099997396	1008.109330729	38000.000	81000.000	0.2857
36	Spectrogram 1	1	1008.099997396	1008.109330729	38000.000	81000.000	0.2857
37	Waveform 1	1	1008.161330729	1008.166664063	38000.000	81000.000	0.3750
37	Spectrogram 1	1	1008.161330729	1008.166664063	38000.000	81000.000	0.3750
38	Waveform 1	1	1008.225997396	1008.233330729	38000.000	81000.000	0.4545
38	Spectrogram 1	1	1008.225997396	1008.233330729	38000.000	81000.000	0.4545
39	Waveform 1	1	1008.303330729	1008.313330729	38000.000	81000.000	0.2000
39	Spectrogram 1	1	1008.303330729	1008.313330729	38000.000	81000.000	0.2000
40	Waveform 1	1	1008.376664063	1008.389997396	38000.000	81000.000	0.3000
40	Spectrogram 1	1	1008.376664063	1008.389997396	38000.000	81000.000	0.3000
41	Waveform 1	1	1008.464664063	1008.475997396	38000.000	81000.000	0.3529
41	Spectrogram 1	1	1008.464664063	1008.475997396	38000.000	81000.000	0.3529
42	Waveform 1	1	1008.589997396	1008.603330729	38000.000	81000.000	0.2500
42	Spectrogram 1	1	1008.589997396	1008.603330729	38000.000	81000.000	0.2500
43	Waveform 1	1	1008.653997396	1008.667997396	38000.000	81000.000	0.2857
43	Spectrogram 1	1	1008.653997396	1008.667997396	38000.000	81000.000	0.2857
44	Waveform 1	1	1008.698664063	1008.699997396	38000.000	81000.000	1.0000
44	Spectrogram 1	1	1008.698664063	1008.699997396	38000.000	81000.000	1.0000
45	Waveform 1	1	1008.743997396	1008.754664063	38000.000	81000.000	0.3750
45	Spectrogram 1	1	1008.743997396	1008.754664063	38000.000	81000.000	0.3750
46	Waveform 1	1	1008.790664063	1008.805330729	38000.000	81000.000	0.3636
46	Spectrogram 1	1	1008.790664063	1008.805330729	38000.000	81000.000	0.3636
47	Waveform 1	1	1008.835997396	1008.848664063	38000.000	81000.000	0.2105
47	Spectrogram 1	1	1008.835997396	1008.848664063	38000.000	81000.000	0.2105
48	Waveform 1	1	1008.881330729	1008.891997396	38000.000	81000.000	0.5625
48	Spectrogram 1	1	1008.881330729	1008.891997396	38000.000	81000.000	0.5625
49	Waveform 1	1	1008.914664063	1008.920664063	38000.000	81000.000	0.4444
49	Spectrogram 1	1	1008.914664063	1008.920664063	38000.000	81000.000	0.4444
50	Waveform 1	1	1008.944664063	1008.953330729	38000.000	81000.000	0.2308
50	Spectrogram 1	1	1008.944664063	1008.953330729	38000.000	81000.000	0.2308
51	Waveform 1	1	1009.053330729	1009.058664063	38000.000	81000.000	0.5000
51	Spectrogram 1	1	1009.053330729	1009.058664063	38000.000	81000.000	0.5000
52	Waveform 1	1	1009.104664063	1009.107997396	38000.000	81000.000	0.4000
52	Spectrogram 1	1	1009.104664063	1009.107997396	38000.000	81000.000	0.4000
53	Waveform 1	1	1009.131997396	1009.139330729	38000.000	81000.000	0.5455
53	Spectrogram 1	1	1009.131997396	1009.139330729	38000.000	81000.000	0.5455
54	Waveform 1	1	1011.064664063	1011.074664063	38000.000	81000.000	0.3333
54	Spectrogram 1	1	1011.064664063	1011.074664063	38000.000	81000.000	0.3333
55	Waveform 1	1	1011.213330729	1011.221330729	38000.000	81000.000	0.5000
55	Spectrogram 1	1	1011.213330729	1011.221330729	38000.000	81000.000	0.5000
56	Waveform 1	1	1011.827997396	1011.829330729	38000.000	81000.000	1.0000
56	Spectrogram 1	1	1011.827997396	1011.829330729	38000.000	81000.000	1.0000
57	Waveform 1	1	1011.918664063	1011.919997396	38000.000	81000.000	1.0000
57	Spectrogram 1	1	1011.918664063	1011.919997396	38000.000	81000.000	1.0000
58	Waveform 1	1	1011.998664063	1012.000664063	38000.000	81000.000	1.0000
58	Spectrogram 1	1	1011.998664063	1012.000664063	38000.000	81000.000	1.0000
59	Waveform 1	1	1015.115997396	1015.117330729	38000.000	81000.000	1.0000
59	Spectrogram 1	1	1015.115997396	1015.117330729	38000.000	81000.000	1.0000
60	Waveform 1	1	1015.357997396	1015.361997396	38000.000	81000.000	0.3333
60	Spectrogram 1	1	1015.357997396	1015.361997396	38000.000	81000.000	0.3333
61	Waveform 1	1	1015.437330729	1015.438664063	38000.000	81000.000	1.0000
61	Spectrogram 1	1	1015.437330729	1015.438664063	38000.000	81000.000	1.0000
62	Waveform 1	1	1015.649997396	1015.651330729	38000.000	81000.000	1.0000
62	Spectrogram 1	1	1015.649997396	1015.651330729	38000.000	81000.000	1.0000
63	Waveform 1	1	1015.726664063	1015.727997396	38000.000	81000.000	1.0000
63	Spectrogram 1	1	1015.726664063	1015.727997396	38000.000	81000.000	1.0000
64	Waveform 1	1	1015.871330729	1015.881330729	38000.000	81000.000	0.6000
64	Spectrogram 1	1	1015.871330729	1015.881330729	38000.000	81000.000	0.6000
65	Waveform 1	1	1015.956664063	1015.957997396	38000.000	81000.000	1.0000
65	Spectrogram 1	1	1015.956664063	1015.957997396	38000.000	81000.000	1.0000
66	Waveform 1	1	1016.091330729	1016.097997396	38000.000	81000.000	0.3000
66	Spectrogram 1	1	1016.091330729	1016.097997396	38000.000	81000.000	0.3000
67	Waveform 1	1	1016.153997396	1016.171330729	38000.000	81000.000	0.3462
67	Spectrogram 1	1	1016.153997396	1016.171330729	38000.000	81000.000	0.3462
68	Waveform 1	1	1016.236664063	1016.249997396	38000.000	81000.000	0.2000
68	Spectrogram 1	1	1016.236664063	1016.249997396	38000.000	81000.000	0.2000
69	Waveform 1	1	1016.304664063	1016.314664063	38000.000	81000.000	0.3333
69	Spectrogram 1	1	1016.304664063	1016.314664063	38000.000	81000.000	0.3333
70	Waveform 1	1	1016.375997396	1016.383330729	38000.000	81000.000	0.4545
70	Spectrogram 1	1	1016.375997396	1016.383330729	38000.000	81000.000	0.4545
71	Waveform 1	1	1016.471997396	1016.489330729	38000.000	81000.000	0.4231
71	Spectrogram 1	1	1016.471997396	1016.489330729	38000.000	81000.000	0.4231
72	Waveform 1	1	1016.691997396	1016.709997396	38000.000	81000.000	0.2222
72	Spectrogram 1	1	1016.691997396	1016.709997396	38000.000	81000.000	0.2222
73	Waveform 1	1	1016.769997396	1016.791997396	38000.000	81000.000	0.3939
73	Spectrogram 1	1	1016.769997396	1016.791997396	38000.000	81000.000	0.3939
74	Waveform 1	1	1016.935330729	1016.960664063	38000.000	81000.000	0.3421
74	Spectrogram 1	1	1016.935330729	1016.960664063	38000.000	81000.000	0.3421
75	Waveform 1	1	1017.183330729	1017.211997396	38000.000	81000.000	0.2326
75	Spectrogram 1	1	1017.183330729	1017.211997396	38000.000	81000.000	0.2326
76	Waveform 1	1	1017.319997396	1017.329330729	38000.000	81000.000	0.3571
76	Spectrogram 1	1	1017.319997396	1017.329330729	38000.000	81000.000	0.3571
77	Waveform 1	1	1017.372664063	1017.375330729	38000.000	81000.000	0.7500
77	Spectrogram 1	1	1017.372664063	1017.375330729	38000.000	81000.000	0.7500
78	Waveform 1	1	1018.861997396	1018.865997396	38000.000	81000.000	0.3333
78	Spectrogram 1	1	1018.861997396	1018.865997396	38000.000	81000.000	0.3333
79	Waveform 1	1	1019.041330729	1019.045330729	38000.000	81000.000	0.5000
79	Spectrogram 1	1	1019.041330729	1019.045330729	38000.000	81000.000	0.5000
80	Waveform 1	1	1019.300664063	1019.306664063	38000.000	81000.000	0.2222
80	Spectrogram 1	1	1019.300664063	1019.306664063	38000.000	81000.000	0.2222
81	Waveform 1	1	1019.353997396	1019.357330729	38000.000	81000.000	0.4000
81	Spectrogram 1	1	1019.353997396	1019.357330729	38000.000	81000.000	0.4000
82	Waveform 1	1	1019.409330729	1019.411330729	38000.000	81000.000	0.6667
82	Spectrogram 1	1	1019.409330729	1019.411330729	38000.000	81000.000	0.6667
83	Waveform 1	1	1019.581997396	1019.583330729	38000.000	81000.000	1.0000
83	Spectrogram 1	1	1019.581997396	1019.583330729	38000.000	81000.000	1.0000
84	Waveform 1	1	1023.764664063	1023.767330729	38000.000	81000.000	0.5000
84	Spectrogram 1	1	1023.764664063	1023.767330729	38000.000	81000.000	0.5000
85	Waveform 1	1	1023.858664062	1023.863330729	38000.000	81000.000	0.2857
85	Spectrogram 1	1	1023.858664062	1023.863330729	38000.000	81000.000	0.2857
86	Waveform 1	1	1024.297997396	1024.299997396	38000.000	81000.000	1.0000
86	Spectrogram 1	1	1024.297997396	1024.299997396	38000.000	81000.000	1.0000
87	Waveform 1	1	1024.488664062	1024.490664062	38000.000	81000.000	1.0000
87	Spectrogram 1	1	1024.488664062	1024.490664062	38000.000	81000.000	1.0000
88	Waveform 1	1	1024.753997396	1024.755997396	38000.000	81000.000	1.0000
88	Spectrogram 1	1	1024.753997396	1024.755997396	38000.000	81000.000	1.0000
89	Waveform 1	1	1025.019997396	1025.021330729	38000.000	81000.000	1.0000
89	Spectrogram 1	1	1025.019997396	1025.021330729	38000.000	81000.000	1.0000
90	Waveform 1	1	1025.291330729	1025.292664062	38000.000	81000.000	1.0000
90	Spectrogram 1	1	1025.291330729	1025.292664062	38000.000	81000.000	1.0000
91	Waveform 1	1	1025.468664063	1025.469997396	38000.000	81000.000	1.0000
91	Spectrogram 1	1	1025.468664063	1025.469997396	38000.000	81000.000	1.0000
92	Waveform 1	1	1025.561997396	1025.563997396	38000.000	81000.000	1.0000
92	Spectrogram 1	1	1025.561997396	1025.563997396	38000.000	81000.000	1.0000
93	Waveform 1	1	1025.742664062	1025.744664062	38000.000	81000.000	1.0000
93	Spectrogram 1	1	1025.742664062	1025.744664062	38000.000	81000.000	1.0000
94	Waveform 1	1	1025.837330729	1025.838664062	38000.000	81000.000	1.0000
94	Spectrogram 1	1	1025.837330729	1025.838664062	38000.000	81000.000	1.0000
95	Waveform 1	1	1026.017997396	1026.019997396	38000.000	81000.000	1.0000
95	Spectrogram 1	1	1026.017997396	1026.019997396	38000.000	81000.000	1.0000
96	Waveform 1	1	1026.111997396	1026.113330729	38000.000	81000.000	1.0000
96	Spectrogram 1	1	1026.111997396	1026.113330729	38000.000	81000.000	1.0000
97	Waveform 1	1	1026.206664062	1026.208664063	38000.000	81000.000	1.0000
97	Spectrogram 1	1	1026.206664062	1026.208664063	38000.000	81000.000	1.0000
98	Waveform 1	1	1026.299997396	1026.301330729	38000.000	81000.000	1.0000
98	Spectrogram 1	1	1026.299997396	1026.301330729	38000.000	81000.000	1.0000
99	Waveform 1	1	1026.392664062	1026.394664062	38000.000	81000.000	1.0000
99	Spectrogram 1	1	1026.392664062	1026.394664062	38000.000	81000.000	1.0000
100	Waveform 1	1	1026.489330729	1026.490664062	38000.000	81000.000	1.0000
100	Spectrogram 1	1	1026.489330729	1026.490664062	38000.000	81000.000	1.0000
101	Waveform 1	1	1026.667997396	1026.669330729	38000.000	81000.000	1.0000
101	Spectrogram 1	1	1026.667997396	1026.669330729	38000.000	81000.000	1.0000
102	Waveform 1	1	1026.939997396	1026.941330729	38000.000	81000.000	1.0000
102	Spectrogram 1	1	1026.939997396	1026.941330729	38000.000	81000.000	1.0000
103	Waveform 1	1	1027.036664062	1027.037997396	38000.000	81000.000	1.0000
103	Spectrogram 1	1	1027.036664062	1027.037997396	38000.000	81000.000	1.0000
104	Waveform 1	1	1027.217330729	1027.219330729	38000.000	81000.000	1.0000
104	Spectrogram 1	1	1027.217330729	1027.219330729	38000.000	81000.000	1.0000
105	Waveform 1	1	1027.310664062	1027.311997396	38000.000	81000.000	1.0000
105	Spectrogram 1	1	1027.310664062	1027.311997396	38000.000	81000.000	1.0000
106	Waveform 1	1	1027.406664062	1027.407997396	38000.000	81000.000	1.0000
106	Spectrogram 1	1	1027.406664062	1027.407997396	38000.000	81000.000	1.0000
107	Waveform 1	1	1027.770664062	1027.772664062	38000.000	81000.000	1.0000
107	Spectrogram 1	1	1027.770664062	1027.772664062	38000.000	81000.000	1.0000
108	Waveform 1	1	1028.059997396	1028.061997396	38000.000	81000.000	1.0000
108	Spectrogram 1	1	1028.059997396	1028.061997396	38000.000	81000.000	1.0000
109	Waveform 1	1	1028.341330729	1028.343330729	38000.000	81000.000	0.6667
109	Spectrogram 1	1	1028.341330729	1028.343330729	38000.000	81000.000	0.6667
110	Waveform 1	1	1028.921997396	1028.930664062	38000.000	81000.000	0.2308
110	Spectrogram 1	1	1028.921997396	1028.930664062	38000.000	81000.000	0.2308
111	Waveform 1	1	1029.493997396	1029.500664062	38000.000	81000.000	0.3000
111	Spectrogram 1	1	1029.493997396	1029.500664062	38000.000	81000.000	0.3000
112	Waveform 1	1	1621.808664062	1621.810664062	38000.000	81000.000	1.0000
112	Spectrogram 1	1	1621.808664062	1621.810664062	38000.000	81000.000	1.0000
113	Waveform 1	1	1622.004664062	1622.005997396	38000.000	81000.000	1.0000
113	Spectrogram 1	1	1622.004664062	1622.005997396	38000.000	81000.000	1.0000
114	Waveform 1	1	1622.199997396	1622.209997396	38000.000	81000.000	0.2000
114	Spectrogram 1	1	1622.199997396	1622.209997396	38000.000	81000.000	0.2000
115	Waveform 1	1	1622.377997396	1622.379330729	38000.000	81000.000	1.0000
115	Spectrogram 1	1	1622.377997396	1622.379330729	38000.000	81000.000	1.0000
116	Waveform 1	1	1622.845330729	1622.846664062	38000.000	81000.000	1.0000
116	Spectrogram 1	1	1622.845330729	1622.846664062	38000.000	81000.000	1.0000
117	Waveform 1	1	1623.579997396	1623.581330729	38000.000	81000.000	1.0000
117	Spectrogram 1	1	1623.579997396	1623.581330729	38000.000	81000.000	1.0000
118	Waveform 1	1	1623.935997396	1623.937330729	38000.000	81000.000	1.0000
118	Spectrogram 1	1	1623.935997396	1623.937330729	38000.000	81000.000	1.0000
119	Waveform 1	1	1624.114664062	1624.116664062	38000.000	81000.000	1.0000
119	Spectrogram 1	1	1624.114664062	1624.116664062	38000.000	81000.000	1.0000
120	Waveform 1	1	1624.395997396	1624.397330729	38000.000	81000.000	1.0000
120	Spectrogram 1	1	1624.395997396	1624.397330729	38000.000	81000.000	1.0000
121	Waveform 1	1	1624.488664062	1624.501997396	38000.000	81000.000	0.2500
121	Spectrogram 1	1	1624.488664062	1624.501997396	38000.000	81000.000	0.2500
122	Waveform 1	1	1624.579997396	1624.581997396	38000.000	81000.000	1.0000
122	Spectrogram 1	1	1624.579997396	1624.581997396	38000.000	81000.000	1.0000
123	Waveform 1	1	1624.773330729	1624.775330729	38000.000	81000.000	1.0000
123	Spectrogram 1	1	1624.773330729	1624.775330729	38000.000	81000.000	1.0000
124	Waveform 1	1	1624.869997396	1624.871997396	38000.000	81000.000	0.6667
124	Spectrogram 1	1	1624.869997396	1624.871997396	38000.000	81000.000	0.6667
125	Waveform 1	1	1625.035330729	1625.036664062	38000.000	81000.000	1.0000
125	Spectrogram 1	1	1625.035330729	1625.036664062	38000.000	81000.000	1.0000
126	Waveform 1	1	1625.198664063	1625.200664062	38000.000	81000.000	1.0000
126	Spectrogram 1	1	1625.198664063	1625.200664062	38000.000	81000.000	1.0000
127	Waveform 1	1	1625.277330729	1625.278664062	38000.000	81000.000	1.0000
127	Spectrogram 1	1	1625.277330729	1625.278664062	38000.000	81000.000	1.0000
128	Waveform 1	1	1625.848664062	1625.850664062	38000.000	81000.000	0.6667
128	Spectrogram 1	1	1625.848664062	1625.850664062	38000.000	81000.000	0.6667
129	Waveform 1	1	1625.919330729	1625.920664063	38000.000	81000.000	1.0000
129	Spectrogram 1	1	1625.919330729	1625.920664063	38000.000	81000.000	1.0000
130	Waveform 1	1	1626.001997396	1626.004664062	38000.000	81000.000	1.0000
130	Spectrogram 1	1	1626.001997396	1626.004664062	38000.000	81000.000	1.0000
131	Waveform 1	1	1626.085330729	1626.086664062	38000.000	81000.000	1.0000
131	Spectrogram 1	1	1626.085330729	1626.086664062	38000.000	81000.000	1.0000
132	Waveform 1	1	1626.261330729	1626.262664062	38000.000	81000.000	1.0000
132	Spectrogram 1	1	1626.261330729	1626.262664062	38000.000	81000.000	1.0000
133	Waveform 1	1	1626.436664062	1626.437997396	38000.000	81000.000	1.0000
133	Spectrogram 1	1	1626.436664062	1626.437997396	38000.000	81000.000	1.0000
134	Waveform 1	1	1626.523330729	1626.524664062	38000.000	81000.000	1.0000
134	Spectrogram 1	1	1626.523330729	1626.524664062	38000.000	81000.000	1.0000
135	Waveform 1	1	1626.596664062	1626.597997396	38000.000	81000.000	1.0000
135	Spectrogram 1	1	1626.596664062	1626.597997396	38000.000	81000.000	1.0000
136	Waveform 1	1	1626.670664063	1626.672664062	38000.000	81000.000	1.0000
136	Spectrogram 1	1	1626.670664063	1626.672664062	38000.000	81000.000	1.0000
137	Waveform 1	1	1627.025997396	1627.027997396	38000.000	81000.000	1.0000
137	Spectrogram 1	1	1627.025997396	1627.027997396	38000.000	81000.000	1.0000
138	Waveform 1	1	1627.117997396	1627.119997396	38000.000	81000.000	1.0000
138	Spectrogram 1	1	1627.117997396	1627.119997396	38000.000	81000.000	1.0000
139	Waveform 1	1	1627.299997396	1627.301997396	38000.000	81000.000	1.0000
139	Spectrogram 1	1	1627.299997396	1627.301997396	38000.000	81000.000	1.0000
140	Waveform 1	1	1627.497997396	1627.499997396	38000.000	81000.000	1.0000
140	Spectrogram 1	1	1627.497997396	1627.499997396	38000.000	81000.000	1.0000
141	Waveform 1	1	1627.856664062	1627.857997396	38000.000	81000.000	1.0000
141	Spectrogram 1	1	1627.856664062	1627.857997396	38000.000	81000.000	1.0000
142	Waveform 1	1	1628.051330729	1628.053330729	38000.000	81000.000	1.0000
142	Spectrogram 1	1	1628.051330729	1628.053330729	38000.000	81000.000	1.0000
143	Waveform 1	1	1628.341330729	1628.342664063	38000.000	81000.000	1.0000
143	Spectrogram 1	1	1628.341330729	1628.342664063	38000.000	81000.000	1.0000
144	Waveform 1	1	1670.725330729	1670.726664063	38000.000	81000.000	1.0000
144	Spectrogram 1	1	1670.725330729	1670.726664063	38000.000	81000.000	1.0000
145	Waveform 1	1	1671.614664062	1671.617997396	38000.000	81000.000	0.8000
145	Spectrogram 1	1	1671.614664062	1671.617997396	38000.000	81000.000	0.8000
146	Waveform 1	1	1671.709330729	1671.711330729	38000.000	81000.000	1.0000
146	Spectrogram 1	1	1671.709330729	1671.711330729	38000.000	81000.000	1.0000
147	Waveform 1	1	1671.804664063	1671.807330729	38000.000	81000.000	0.5000
147	Spectrogram 1	1	1671.804664063	1671.807330729	38000.000	81000.000	0.5000
148	Waveform 1	1	1671.908664062	1671.925330729	38000.000	81000.000	0.2000
148	Spectrogram 1	1	1671.908664062	1671.925330729	38000.000	81000.000	0.2000
149	Waveform 1	1	1672.089997396	1672.091997396	38000.000	81000.000	1.0000
149	Spectrogram 1	1	1672.089997396	1672.091997396	38000.000	81000.000	1.0000
150	Waveform 1	1	1672.184664062	1672.191330729	38000.000	81000.000	0.3000
150	Spectrogram 1	1	1672.184664062	1672.191330729	38000.000	81000.000	0.3000
151	Waveform 1	1	1672.360664062	1672.362664063	38000.000	81000.000	1.0000
151	Spectrogram 1	1	1672.360664062	1672.362664063	38000.000	81000.000	1.0000
152	Waveform 1	1	1672.442664062	1672.453997396	38000.000	81000.000	0.2941
152	Spectrogram 1	1	1672.442664062	1672.453997396	38000.000	81000.000	0.2941
153	Waveform 1	1	1672.523997396	1672.531330729	38000.000	81000.000	0.4545
153	Spectrogram 1	1	1672.523997396	1672.531330729	38000.000	81000.000	0.4545
154	Waveform 1	1	1672.588664062	1672.593330729	38000.000	81000.000	0.4286
154	Spectrogram 1	1	1672.588664062	1672.593330729	38000.000	81000.000	0.4286
155	Waveform 1	1	1672.652664062	1672.657997396	38000.000	81000.000	0.3750
155	Spectrogram 1	1	1672.652664062	1672.657997396	38000.000	81000.000	0.3750
156	Waveform 1	1	1673.188664063	1673.189997396	38000.000	81000.000	1.0000
156	Spectrogram 1	1	1673.188664063	1673.189997396	38000.000	81000.000	1.0000
157	Waveform 1	1	1673.329330729	1673.331330729	38000.000	81000.000	1.0000
157	Spectrogram 1	1	1673.329330729	1673.331330729	38000.000	81000.000	1.0000
158	Waveform 1	1	1673.417997396	1673.419330729	38000.000	81000.000	1.0000
158	Spectrogram 1	1	1673.417997396	1673.419330729	38000.000	81000.000	1.0000
159	Waveform 1	1	1673.511997396	1673.517997396	38000.000	81000.000	0.3333
159	Spectrogram 1	1	1673.511997396	1673.517997396	38000.000	81000.000	0.3333
160	Waveform 1	1	1673.691997396	1673.694664062	38000.000	81000.000	0.7500
160	Spectrogram 1	1	1673.691997396	1673.694664062	38000.000	81000.000	0.7500
161	Waveform 1	1	1673.872664063	1673.874664062	38000.000	81000.000	1.0000
161	Spectrogram 1	1	1673.872664063	1673.874664062	38000.000	81000.000	1.0000
162	Waveform 1	1	1673.964664062	1673.977997396	38000.000	81000.000	0.2500
162	Spectrogram 1	1	1673.964664062	1673.977997396	38000.000	81000.000	0.2500
163	Waveform 1	1	1674.049330729	1674.050664062	38000.000	81000.000	1.0000
163	Spectrogram 1	1	1674.049330729	1674.050664062	38000.000	81000.000	1.0000
164	Waveform 1	1	1674.147997396	1674.149330729	38000.000	81000.000	1.0000
164	Spectrogram 1	1	1674.147997396	1674.149330729	38000.000	81000.000	1.0000
165	Waveform 1	1	1674.327997396	1674.329997396	38000.000	81000.000	1.0000
165	Spectrogram 1	1	1674.327997396	1674.329997396	38000.000	81000.000	1.0000
166	Waveform 1	1	1674.504664062	1674.507330729	38000.000	81000.000	0.7500
166	Spectrogram 1	1	1674.504664062	1674.507330729	38000.000	81000.000	0.7500
167	Waveform 1	1	1674.695330729	1674.697330729	38000.000	81000.000	1.0000
167	Spectrogram 1	1	1674.695330729	1674.697330729	38000.000	81000.000	1.0000
168	Waveform 1	1	1674.791330729	1674.794664063	38000.000	81000.000	0.8000
168	Spectrogram 1	1	1674.791330729	1674.794664063	38000.000	81000.000	0.8000
169	Waveform 1	1	1675.080664062	1675.082664063	38000.000	81000.000	0.6667
169	Spectrogram 1	1	1675.080664062	1675.082664063	38000.000	81000.000	0.6667
170	Waveform 1	1	1675.173997396	1675.175997396	38000.000	81000.000	1.0000
170	Spectrogram 1	1	1675.173997396	1675.175997396	38000.000	81000.000	1.0000
171	Waveform 1	1	1675.486664063	1675.499330729	38000.000	81000.000	0.4737
171	Spectrogram 1	1	1675.486664063	1675.499330729	38000.000	81000.000	0.4737
172	Waveform 1	1	1675.544664063	1675.553997396	38000.000	81000.000	0.7143
172	Spectrogram 1	1	1675.544664063	1675.553997396	38000.000	81000.000	0.7143
173	Waveform 1	1	1675.589330729	1675.597330729	38000.000	81000.000	0.5000
173	Spectrogram 1	1	1675.589330729	1675.597330729	38000.000	81000.000	0.5000
174	Waveform 1	1	1675.942664062	1675.943997396	38000.000	81000.000	1.0000
174	Spectrogram 1	1	1675.942664062	1675.943997396	38000.000	81000.000	1.0000
175	Waveform 1	1	1676.025997396	1676.029330729	38000.000	81000.000	1.0000
175	Spectrogram 1	1	1676.025997396	1676.029330729	38000.000	81000.000	1.0000
176	Waveform 1	1	1676.113330729	1676.115330729	38000.000	81000.000	1.0000
176	Spectrogram 1	1	1676.113330729	1676.115330729	38000.000	81000.000	1.0000
177	Waveform 1	1	1676.201330729	1676.203330729	38000.000	81000.000	1.0000
177	Spectrogram 1	1	1676.201330729	1676.203330729	38000.000	81000.000	1.0000
178	Waveform 1	1	1676.223997396	1676.231997396	38000.000	81000.000	0.3333
178	Spectrogram 1	1	1676.223997396	1676.231997396	38000.000	81000.000	0.3333
179	Waveform 1	1	1676.266664063	1676.283997396	38000.000	81000.000	0.4231
179	Spectrogram 1	1	1676.266664063	1676.283997396	38000.000	81000.000	0.4231
180	Waveform 1	1	1676.315330729	1676.330664062	38000.000	81000.000	0.6522
180	Spectrogram 1	1	1676.315330729	1676.330664062	38000.000	81000.000	0.6522
181	Waveform 1	1	1676.380664063	1676.407330729	38000.000	81000.000	0.2250
181	Spectrogram 1	1	1676.380664063	1676.407330729	38000.000	81000.000	0.2250
182	Waveform 1	1	1676.463997396	1676.465997396	38000.000	81000.000	1.0000
182	Spectrogram 1	1	1676.463997396	1676.465997396	38000.000	81000.000	1.0000
183	Waveform 1	1	1676.534664063	1676.558664062	38000.000	81000.000	0.2222
183	Spectrogram 1	1	1676.534664063	1676.558664062	38000.000	81000.000	0.2222
184	Waveform 1	1	1676.633997396	1676.635997396	38000.000	81000.000	1.0000
184	Spectrogram 1	1	1676.633997396	1676.635997396	38000.000	81000.000	1.0000
185	Waveform 1	1	1676.664664062	1676.669330729	38000.000	81000.000	0.2857
185	Spectrogram 1	1	1676.664664062	1676.669330729	38000.000	81000.000	0.2857
186	Waveform 1	1	1676.821330729	1676.823997396	38000.000	81000.000	0.7500
186	Spectrogram 1	1	1676.821330729	1676.823997396	38000.000	81000.000	0.7500
187	Waveform 1	1	1676.905330729	1676.907330729	38000.000	81000.000	1.0000
187	Spectrogram 1	1	1676.905330729	1676.907330729	38000.000	81000.000	1.0000
188	Waveform 1	1	1676.926664062	1676.937997396	38000.000	81000.000	0.2353
188	Spectrogram 1	1	1676.926664062	1676.937997396	38000.000	81000.000	0.2353
189	Waveform 1	1	1677.005330729	1677.007997396	38000.000	81000.000	0.7500
189	Spectrogram 1	1	1677.005330729	1677.007997396	38000.000	81000.000	0.7500
190	Waveform 1	1	1677.029997396	1677.033997396	38000.000	81000.000	0.3333
190	Spectrogram 1	1	1677.029997396	1677.033997396	38000.000	81000.000	0.3333
191	Waveform 1	1	1677.084664062	1677.086664062	38000.000	81000.000	1.0000
191	Spectrogram 1	1	1677.084664062	1677.086664062	38000.000	81000.000	1.0000
192	Waveform 1	1	1677.323330729	1677.349330729	38000.000	81000.000	0.3077
192	Spectrogram 1	1	1677.323330729	1677.349330729	38000.000	81000.000	0.3077
193	Waveform 1	1	1677.399997396	1677.427997396	38000.000	81000.000	0.2143
193	Spectrogram 1	1	1677.399997396	1677.427997396	38000.000	81000.000	0.2143
194	Waveform 1	1	1677.481330729	1677.502664062	38000.000	81000.000	0.3750
194	Spectrogram 1	1	1677.481330729	1677.502664062	38000.000	81000.000	0.3750
195	Waveform 1	1	1677.569997396	1677.579997396	38000.000	81000.000	0.4667
195	Spectrogram 1	1	1677.569997396	1677.579997396	38000.000	81000.000	0.4667
196	Waveform 1	1	1677.646664062	1677.660664063	38000.000	81000.000	0.2857
196	Spectrogram 1	1	1677.646664062	1677.660664063	38000.000	81000.000	0.2857
197	Waveform 1	1	1677.743997396	1677.756664063	38000.000	81000.000	0.5263
197	Spectrogram 1	1	1677.743997396	1677.756664063	38000.000	81000.000	0.5263
198	Waveform 1	1	1677.807997396	1677.819330729	38000.000	81000.000	0.3529
198	Spectrogram 1	1	1677.807997396	1677.819330729	38000.000	81000.000	0.3529
199	Waveform 1	1	1677.859997396	1677.870664062	38000.000	81000.000	0.4375
199	Spectrogram 1	1	1677.859997396	1677.870664062	38000.000	81000.000	0.4375
200	Waveform 1	1	1677.924664062	1677.927330729	38000.000	81000.000	0.5000
200	Spectrogram 1	1	1677.924664062	1677.927330729	38000.000	81000.000	0.5000
201	Waveform 1	1	1678.012664062	1678.027997396	38000.000	81000.000	0.3043
201	Spectrogram 1	1	1678.012664062	1678.027997396	38000.000	81000.000	0.3043
202	Waveform 1	1	1678.191330729	1678.203330729	38000.000	81000.000	0.4444
202	Spectrogram 1	1	1678.191330729	1678.203330729	38000.000	81000.000	0.4444
203	Waveform 1	1	1678.377330729	1678.381330729	38000.000	81000.000	0.5000
203	Spectrogram 1	1	1678.377330729	1678.381330729	38000.000	81000.000	0.5000
204	Waveform 1	1	1678.858664062	1678.861330729	38000.000	81000.000	0.5000
204	Spectrogram 1	1	1678.858664062	1678.861330729	38000.000	81000.000	0.5000
205	Waveform 1	1	1679.462664062	1679.469997396	38000.000	81000.000	0.2727
205	Spectrogram 1	1	1679.462664062	1679.469997396	38000.000	81000.000	0.2727
206	Waveform 1	1	1679.627330729	1679.633330729	38000.000	81000.000	0.3333
206	Spectrogram 1	1	1679.627330729	1679.633330729	38000.000	81000.000	0.3333
207	Waveform 1	1	1680.617997396	1680.619330729	38000.000	81000.000	1.0000
207	Spectrogram 1	1	1680.617997396	1680.619330729	38000.000	81000.000	1.0000
208	Waveform 1	1	1728.131997396	1728.133330729	38000.000	81000.000	1.0000
208	Spectrogram 1	1	1728.131997396	1728.133330729	38000.000	81000.000	1.0000
209	Waveform 1	1	1758.713330729	1758.715330729	38000.000	81000.000	0.6667
209	Spectrogram 1	1	1758.713330729	1758.715330729	38000.000	81000.000	0.6667
210	Waveform 1	1	1759.139330729	1759.140664063	38000.000	81000.000	1.0000
210	Spectrogram 1	1	1759.139330729	1759.140664063	38000.000	81000.000	1.0000
211	Waveform 1	1	1759.229997396	1759.231330729	38000.000	81000.000	1.0000
211	Spectrogram 1	1	1759.229997396	1759.231330729	38000.000	81000.000	1.0000
212	Waveform 1	1	1759.974664062	1759.975997396	38000.000	81000.000	1.0000
212	Spectrogram 1	1	1759.974664062	1759.975997396	38000.000	81000.000	1.0000
213	Waveform 1	1	1782.542664062	1782.543997396	38000.000	81000.000	1.0000
213	Spectrogram 1	1	1782.542664062	1782.543997396	38000.000	81000.000	1.0000
