Selection	View	Channel	Begin Time (s)	End Time (s)	Low Freq (Hz)	High Freq (Hz)	Occupancy
1	Waveform 1	1	0.068664063	0.071330729	22000.000	38000.000	0.5000
1	Spectrogram 1	1	0.068664063	0.071330729	22000.000	38000.000	0.5000
2	Waveform 1	1	0.759330729	0.787997396	22000.000	38000.000	0.1860
2	Spectrogram 1	1	0.759330729	0.787997396	22000.000	38000.000	0.1860
3	Waveform 1	1	1.465330729	1.484664063	22000.000	38000.000	0.1034
3	Spectrogram 1	1	1.465330729	1.484664063	22000.000	38000.000	0.1034
4	Waveform 1	1	4.858664062	4.869330729	22000.000	38000.000	0.1875
4	Spectrogram 1	1	4.858664062	4.869330729	22000.000	38000.000	0.1875
5	Waveform 1	1	6.205330729	6.227997396	22000.000	38000.000	0.2647
5	Spectrogram 1	1	6.205330729	6.227997396	22000.000	38000.000	0.2647
6	Waveform 1	1	6.390664062	6.406664062	22000.000	38000.000	0.2500
6	Spectrogram 1	1	6.390664062	6.406664062	22000.000	38000.000	0.2500
7	Waveform 1	1	7.075330729	7.077997396	22000.000	38000.000	0.5000
7	Spectrogram 1	1	7.075330729	7.077997396	22000.000	38000.000	0.5000
8	Waveform 1	1	30.782664063	30.793997396	22000.000	38000.000	0.1176
8	Spectrogram 1	1	30.782664063	30.793997396	22000.000	38000.000	0.1176
9	Waveform 1	1	31.481997396	31.485997396	22000.000	38000.000	0.3333
9	Spectrogram 1	1	31.481997396	31.485997396	22000.000	38000.000	0.3333
10	Waveform 1	1	31.670664063	31.672664063	22000.000	38000.000	0.6667
10	Spectrogram 1	1	31.670664063	31.672664063	22000.000	38000.000	0.6667
11	Waveform 1	1	53.392664063	53.400664062	22000.000	38000.000	0.3333
11	Spectrogram 1	1	53.392664063	53.400664062	22000.000	38000.000	0.3333
12	Waveform 1	1	55.575330729	55.589330729	22000.000	38000.000	0.1905
12	Spectrogram 1	1	55.575330729	55.589330729	22000.000	38000.000	0.1905
13	Waveform 1	1	57.225997396	57.241997396	22000.000	38000.000	0.2083
13	Spectrogram 1	1	57.225997396	57.241997396	22000.000	38000.000	0.2083
14	Waveform 1	1	57.971997396	57.983330729	22000.000	38000.000	0.1765
14	Spectrogram 1	1	57.971997396	57.983330729	22000.000	38000.000	0.1765
15	Waveform 1	1	58.616664062	58.626664062	22000.000	38000.000	0.1333
15	Spectrogram 1	1	58.616664062	58.626664062	22000.000	38000.000	0.1333
16	Waveform 1	1	59.933330729	59.956664063	22000.000	38000.000	0.2286
16	Spectrogram 1	1	59.933330729	59.956664063	22000.000	38000.000	0.2286
17	Waveform 1	1	60.592664062	60.601997396	22000.000	38000.000	0.2857
17	Spectrogram 1	1	60.592664062	60.601997396	22000.000	38000.000	0.2857
18	Waveform 1	1	61.241330729	61.251330729	22000.000	38000.000	0.2667
18	Spectrogram 1	1	61.241330729	61.251330729	22000.000	38000.000	0.2667
19	Waveform 1	1	72.071997396	72.079330729	22000.000	38000.000	0.2727
19	Spectrogram 1	1	72.071997396	72.079330729	22000.000	38000.000	0.2727
20	Waveform 1	1	73.194664062	73.213330729	22000.000	38000.000	0.1429
20	Spectrogram 1	1	73.194664062	73.213330729	22000.000	38000.000	0.1429
21	Waveform 1	1	73.589997396	73.591330729	22000.000	38000.000	1.0000
21	Spectrogram 1	1	73.589997396	73.591330729	22000.000	38000.000	1.0000
22	Waveform 1	1	74.061997396	74.070664062	22000.000	38000.000	0.3077
22	Spectrogram 1	1	74.061997396	74.070664062	22000.000	38000.000	0.3077
23	Waveform 1	1	74.778664062	74.802664062	22000.000	38000.000	0.2222
23	Spectrogram 1	1	74.778664062	74.802664062	22000.000	38000.000	0.2222
24	Waveform 1	1	75.146664062	75.167997396	22000.000	38000.000	0.1562
24	Spectrogram 1	1	75.146664062	75.167997396	22000.000	38000.000	0.1562
25	Waveform 1	1	75.779997396	75.791997396	22000.000	38000.000	0.1667
25	Spectrogram 1	1	75.779997396	75.791997396	22000.000	38000.000	0.1667
26	Waveform 1	1	76.539330729	76.565997396	22000.000	38000.000	0.2000
26	Spectrogram 1	1	76.539330729	76.565997396	22000.000	38000.000	0.2000
27	Waveform 1	1	77.153330729	77.177997396	22000.000	38000.000	0.1892
27	Spectrogram 1	1	77.153330729	77.177997396	22000.000	38000.000	0.1892
28	Waveform 1	1	77.284664062	77.295330729	22000.000	38000.000	0.3125
28	Spectrogram 1	1	77.284664062	77.295330729	22000.000	38000.000	0.3125
29	Waveform 1	1	77.414664062	77.426664062	22000.000	38000.000	0.2778
29	Spectrogram 1	1	77.414664062	77.426664062	22000.000	38000.000	0.2778
30	Waveform 1	1	78.334664062	78.387997396	22000.000	38000.000	0.1625
30	Spectrogram 1	1	78.334664062	78.387997396	22000.000	38000.000	0.1625
31	Waveform 1	1	78.855997396	78.897997396	22000.000	38000.000	0.3651
31	Spectrogram 1	1	78.855997396	78.897997396	22000.000	38000.000	0.3651
32	Waveform 1	1	79.050664062	79.089330729	22000.000	38000.000	0.1724
32	Spectrogram 1	1	79.050664062	79.089330729	22000.000	38000.000	0.1724
33	Waveform 1	1	79.804664062	79.839330729	22000.000	38000.000	0.1731
33	Spectrogram 1	1	79.804664062	79.839330729	22000.000	38000.000	0.1731
34	Waveform 1	1	80.526664062	80.546664062	22000.000	38000.000	0.2000
34	Spectrogram 1	1	80.526664062	80.546664062	22000.000	38000.000	0.2000
35	Waveform 1	1	81.487330729	81.523997396	22000.000	38000.000	0.2182
35	Spectrogram 1	1	81.487330729	81.523997396	22000.000	38000.000	0.2182
36	Waveform 1	1	82.735997396	82.743330729	22000.000	38000.000	0.2727
36	Spectrogram 1	1	82.735997396	82.743330729	22000.000	38000.000	0.2727
37	Waveform 1	1	89.817330729	89.825997396	22000.000	38000.000	0.1538
37	Spectrogram 1	1	89.817330729	89.825997396	22000.000	38000.000	0.1538
38	Waveform 1	1	96.359330729	96.371997396	22000.000	38000.000	0.3684
38	Spectrogram 1	1	96.359330729	96.371997396	22000.000	38000.000	0.3684
39	Waveform 1	1	97.126664062	97.135997396	22000.000	38000.000	0.2143
39	Spectrogram 1	1	97.126664062	97.135997396	22000.000	38000.000	0.2143
40	Waveform 1	1	97.419330729	97.429330729	22000.000	38000.000	0.4000
40	Spectrogram 1	1	97.419330729	97.429330729	22000.000	38000.000	0.4000
41	Waveform 1	1	98.167330729	98.168664062	22000.000	38000.000	1.0000
41	Spectrogram 1	1	98.167330729	98.168664062	22000.000	38000.000	1.0000
42	Waveform 1	1	98.453330729	98.458664062	22000.000	38000.000	0.3750
42	Spectrogram 1	1	98.453330729	98.458664062	22000.000	38000.000	0.3750
43	Waveform 1	1	102.350664062	102.361997396	22000.000	38000.000	0.1765
43	Spectrogram 1	1	102.350664062	102.361997396	22000.000	38000.000	0.1765
44	Waveform 1	1	103.803330729	103.825997396	22000.000	38000.000	0.2647
44	Spectrogram 1	1	103.803330729	103.825997396	22000.000	38000.000	0.2647
45	Waveform 1	1	104.178664062	104.196664062	22000.000	38000.000	0.2593
45	Spectrogram 1	1	104.178664062	104.196664062	22000.000	38000.000	0.2593
46	Waveform 1	1	105.039997396	105.043997396	22000.000	38000.000	1.0000
46	Spectrogram 1	1	105.039997396	105.043997396	22000.000	38000.000	1.0000
47	Waveform 1	1	105.615997396	105.617330729	22000.000	38000.000	1.0000
47	Spectrogram 1	1	105.615997396	105.617330729	22000.000	38000.000	1.0000
48	Waveform 1	1	118.963997396	118.973330729	22000.000	38000.000	0.2143
48	Spectrogram 1	1	118.963997396	118.973330729	22000.000	38000.000	0.2143
49	Waveform 1	1	120.905997396	120.939330729	22000.000	38000.000	0.1000
49	Spectrogram 1	1	120.905997396	120.939330729	22000.000	38000.000	0.1000
50	Waveform 1	1	121.596664062	121.629330729	22000.000	38000.000	0.2041
50	Spectrogram 1	1	121.596664062	121.629330729	22000.000	38000.000	0.2041
51	Waveform 1	1	121.908664062	121.913997396	22000.000	38000.000	0.2500
51	Spectrogram 1	1	121.908664062	121.913997396	22000.000	38000.000	0.2500
52	Waveform 1	1	122.179330729	122.203997396	22000.000	38000.000	0.2703
52	Spectrogram 1	1	122.179330729	122.203997396	22000.000	38000.000	0.2703
53	Waveform 1	1	122.869330729	122.875330729	22000.000	38000.000	0.4444
53	Spectrogram 1	1	122.869330729	122.875330729	22000.000	38000.000	0.4444
54	Waveform 1	1	123.566664062	123.570664062	22000.000	38000.000	0.3333
54	Spectrogram 1	1	123.566664062	123.570664062	22000.000	38000.000	0.3333
55	Waveform 1	1	124.402664062	124.405330729	22000.000	38000.000	0.5000
55	Spectrogram 1	1	124.402664062	124.405330729	22000.000	38000.000	0.5000
56	Waveform 1	1	127.547330729	127.565997396	22000.000	38000.000	0.1429
56	Spectrogram 1	1	127.547330729	127.565997396	22000.000	38000.000	0.1429
57	Waveform 1	1	128.659997396	128.666664062	22000.000	38000.000	0.2000
57	Spectrogram 1	1	128.659997396	128.666664062	22000.000	38000.000	0.2000
58	Waveform 1	1	129.368664062	129.401997396	22000.000	38000.000	0.1000
58	Spectrogram 1	1	129.368664062	129.401997396	22000.000	38000.000	0.1000
59	Waveform 1	1	130.091330729	130.103997396	22000.000	38000.000	0.3158
59	Spectrogram 1	1	130.091330729	130.103997396	22000.000	38000.000	0.3158
60	Waveform 1	1	130.955997396	130.977997396	22000.000	38000.000	0.2121
60	Spectrogram 1	1	130.955997396	130.977997396	22000.000	38000.000	0.2121
61	Waveform 1	1	131.679997396	131.713330729	22000.000	38000.000	0.2800
61	Spectrogram 1	1	131.679997396	131.713330729	22000.000	38000.000	0.2800
62	Waveform 1	1	133.630664062	133.649330729	22000.000	38000.000	0.1071
62	Spectrogram 1	1	133.630664062	133.649330729	22000.000	38000.000	0.1071
63	Waveform 1	1	135.566664062	135.568664063	22000.000	38000.000	0.6667
63	Spectrogram 1	1	135.566664062	135.568664063	22000.000	38000.000	0.6667
64	Waveform 1	1	137.607330729	137.608664062	22000.000	38000.000	1.0000
64	Spectrogram 1	1	137.607330729	137.608664062	22000.000	38000.000	1.0000
65	Waveform 1	1	138.202664062	138.220664062	22000.000	38000.000	0.1852
65	Spectrogram 1	1	138.202664062	138.220664062	22000.000	38000.000	0.1852
66	Waveform 1	1	138.919330729	138.920664062	22000.000	38000.000	1.0000
66	Spectrogram 1	1	138.919330729	138.920664062	22000.000	38000.000	1.0000
67	Waveform 1	1	154.709330729	154.710664063	22000.000	38000.000	1.0000
67	Spectrogram 1	1	154.709330729	154.710664063	22000.000	38000.000	1.0000
68	Waveform 1	1	154.878664062	154.885330729	22000.000	38000.000	0.2000
68	Spectrogram 1	1	154.878664062	154.885330729	22000.000	38000.000	0.2000
69	Waveform 1	1	155.983997396	156.003330729	22000.000	38000.000	0.4138
69	Spectrogram 1	1	155.983997396	156.003330729	22000.000	38000.000	0.4138
70	Waveform 1	1	156.353997396	156.381997396	22000.000	38000.000	0.2857
70	Spectrogram 1	1	156.353997396	156.381997396	22000.000	38000.000	0.2857
71	Waveform 1	1	156.943997396	156.983330729	22000.000	38000.000	0.3559
71	Spectrogram 1	1	156.943997396	156.983330729	22000.000	38000.000	0.3559
72	Waveform 1	1	157.648664062	157.687330729	22000.000	38000.000	0.3621
72	Spectrogram 1	1	157.648664062	157.687330729	22000.000	38000.000	0.3621
73	Waveform 1	1	157.892664062	157.941330729	22000.000	38000.000	0.2740
73	Spectrogram 1	1	157.892664062	157.941330729	22000.000	38000.000	0.2740
74	Waveform 1	1	158.469997396	158.511997396	22000.000	38000.000	0.4127
74	Spectrogram 1	1	158.469997396	158.511997396	22000.000	38000.000	0.4127
75	Waveform 1	1	158.845997396	158.865330729	22000.000	38000.000	0.2759
75	Spectrogram 1	1	158.845997396	158.865330729	22000.000	38000.000	0.2759
76	Waveform 1	1	159.546664062	159.597330729	22000.000	38000.000	0.2763
76	Spectrogram 1	1	159.546664062	159.597330729	22000.000	38000.000	0.2763
77	Waveform 1	1	160.283997396	160.285330729	22000.000	38000.000	1.0000
77	Spectrogram 1	1	160.283997396	160.285330729	22000.000	38000.000	1.0000
78	Waveform 1	1	160.371330729	160.412664062	22000.000	38000.000	0.1613
78	Spectrogram 1	1	160.371330729	160.412664062	22000.000	38000.000	0.1613
79	Waveform 1	1	160.985330729	161.042664062	22000.000	38000.000	0.1744
79	Spectrogram 1	1	160.985330729	161.042664062	22000.000	38000.000	0.1744
80	Waveform 1	1	161.813997396	161.856664062	22000.000	38000.000	0.0938
80	Spectrogram 1	1	161.813997396	161.856664062	22000.000	38000.000	0.0938
81	Waveform 1	1	162.409330729	162.439997396	22000.000	38000.000	0.1739
81	Spectrogram 1	1	162.409330729	162.439997396	22000.000	38000.000	0.1739
82	Waveform 1	1	174.373330729	174.394664062	22000.000	38000.000	0.2188
82	Spectrogram 1	1	174.373330729	174.394664062	22000.000	38000.000	0.2188
83	Waveform 1	1	175.527997396	175.539997396	22000.000	38000.000	0.1667
83	Spectrogram 1	1	175.527997396	175.539997396	22000.000	38000.000	0.1667
84	Waveform 1	1	176.107330729	176.117330729	22000.000	38000.000	0.4000
84	Spectrogram 1	1	176.107330729	176.117330729	22000.000	38000.000	0.4000
85	Waveform 1	1	176.689997396	176.717997396	22000.000	38000.000	0.2857
85	Spectrogram 1	1	176.689997396	176.717997396	22000.000	38000.000	0.2857
86	Waveform 1	1	177.286664062	177.303330729	22000.000	38000.000	0.2000
86	Spectrogram 1	1	177.286664062	177.303330729	22000.000	38000.000	0.2000
87	Waveform 1	1	177.877330729	177.905330729	22000.000	38000.000	0.3333
87	Spectrogram 1	1	177.877330729	177.905330729	22000.000	38000.000	0.3333
88	Waveform 1	1	189.231997396	189.240664063	22000.000	38000.000	0.3846
88	Spectrogram 1	1	189.231997396	189.240664063	22000.000	38000.000	0.3846
89	Waveform 1	1	190.032664063	190.041997396	22000.000	38000.000	0.4286
89	Spectrogram 1	1	190.032664063	190.041997396	22000.000	38000.000	0.4286
90	Waveform 1	1	190.934664062	190.941997396	22000.000	38000.000	0.1818
90	Spectrogram 1	1	190.934664062	190.941997396	22000.000	38000.000	0.1818
91	Waveform 1	1	192.411997396	192.421330729	22000.000	38000.000	0.2857
91	Spectrogram 1	1	192.411997396	192.421330729	22000.000	38000.000	0.2857
92	Waveform 1	1	194.294664063	194.296664062	22000.000	38000.000	0.6667
92	Spectrogram 1	1	194.294664063	194.296664062	22000.000	38000.000	0.6667
93	Waveform 1	1	209.534664062	209.539997396	22000.000	38000.000	0.2500
93	Spectrogram 1	1	209.534664062	209.539997396	22000.000	38000.000	0.2500
94	Waveform 1	1	210.206664062	210.222664063	22000.000	38000.000	0.2917
94	Spectrogram 1	1	210.206664062	210.222664063	22000.000	38000.000	0.2917
95	Waveform 1	1	211.197997396	211.213997396	22000.000	38000.000	0.1667
95	Spectrogram 1	1	211.197997396	211.213997396	22000.000	38000.000	0.1667
96	Waveform 1	1	212.030664062	212.053997396	22000.000	38000.000	0.1714
96	Spectrogram 1	1	212.030664062	212.053997396	22000.000	38000.000	0.1714
97	Waveform 1	1	212.756664062	212.760664062	22000.000	38000.000	0.3333
97	Spectrogram 1	1	212.756664062	212.760664062	22000.000	38000.000	0.3333
98	Waveform 1	1	218.243330729	218.247330729	22000.000	38000.000	0.3333
98	Spectrogram 1	1	218.243330729	218.247330729	22000.000	38000.000	0.3333
99	Waveform 1	1	226.122664063	226.136664062	22000.000	38000.000	0.1905
99	Spectrogram 1	1	226.122664063	226.136664062	22000.000	38000.000	0.1905
100	Waveform 1	1	271.175997396	271.189997396	22000.000	38000.000	0.1905
100	Spectrogram 1	1	271.175997396	271.189997396	22000.000	38000.000	0.1905
101	Waveform 1	1	272.193330729	272.194664063	22000.000	38000.000	1.0000
101	Spectrogram 1	1	272.193330729	272.194664063	22000.000	38000.000	1.0000
102	Waveform 1	1	274.733997396	274.755330729	22000.000	38000.000	0.2188
102	Spectrogram 1	1	274.733997396	274.755330729	22000.000	38000.000	0.2188
103	Waveform 1	1	275.297997396	275.326664063	22000.000	38000.000	0.3023
103	Spectrogram 1	1	275.297997396	275.326664063	22000.000	38000.000	0.3023
104	Waveform 1	1	275.584664062	275.603997396	22000.000	38000.000	0.2414
104	Spectrogram 1	1	275.584664062	275.603997396	22000.000	38000.000	0.2414
105	Waveform 1	1	275.869330729	275.888664062	22000.000	38000.000	0.2414
105	Spectrogram 1	1	275.869330729	275.888664062	22000.000	38000.000	0.2414
106	Waveform 1	1	276.419997396	276.435330729	22000.000	38000.000	0.4783
106	Spectrogram 1	1	276.419997396	276.435330729	22000.000	38000.000	0.4783
107	Waveform 1	1	277.112664063	277.141997396	22000.000	38000.000	0.1591
107	Spectrogram 1	1	277.112664063	277.141997396	22000.000	38000.000	0.1591
108	Waveform 1	1	277.943330729	277.975997396	22000.000	38000.000	0.1020
108	Spectrogram 1	1	277.943330729	277.975997396	22000.000	38000.000	0.1020
109	Waveform 1	1	286.482664063	286.494664063	22000.000	38000.000	0.2778
109	Spectrogram 1	1	286.482664063	286.494664063	22000.000	38000.000	0.2778
110	Waveform 1	1	287.192664063	287.211330729	22000.000	38000.000	0.2143
110	Spectrogram 1	1	287.192664063	287.211330729	22000.000	38000.000	0.2143
111	Waveform 1	1	288.223330729	288.225330729	22000.000	38000.000	0.6667
111	Spectrogram 1	1	288.223330729	288.225330729	22000.000	38000.000	0.6667
112	Waveform 1	1	289.337997396	289.345330729	22000.000	38000.000	0.6364
112	Spectrogram 1	1	289.337997396	289.345330729	22000.000	38000.000	0.6364
113	Waveform 1	1	290.093330729	290.125330729	22000.000	38000.000	0.1042
113	Spectrogram 1	1	290.093330729	290.125330729	22000.000	38000.000	0.1042
114	Waveform 1	1	290.828664062	290.843330729	22000.000	38000.000	0.1818
114	Spectrogram 1	1	290.828664062	290.843330729	22000.000	38000.000	0.1818
115	Waveform 1	1	291.565330729	291.577330729	22000.000	38000.000	0.2222
115	Spectrogram 1	1	291.565330729	291.577330729	22000.000	38000.000	0.2222
116	Waveform 1	1	294.526664063	294.528664063	22000.000	38000.000	0.6667
116	Spectrogram 1	1	294.526664063	294.528664063	22000.000	38000.000	0.6667
117	Waveform 1	1	304.139997396	304.153997396	22000.000	38000.000	0.3333
117	Spectrogram 1	1	304.139997396	304.153997396	22000.000	38000.000	0.3333
118	Waveform 1	1	304.441997396	304.449997396	22000.000	38000.000	0.2500
118	Spectrogram 1	1	304.441997396	304.449997396	22000.000	38000.000	0.2500
119	Waveform 1	1	305.296664062	305.319330729	22000.000	38000.000	0.0882
119	Spectrogram 1	1	305.296664062	305.319330729	22000.000	38000.000	0.0882
120	Waveform 1	1	309.729330729	309.733330729	22000.000	38000.000	0.5000
120	Spectrogram 1	1	309.729330729	309.733330729	22000.000	38000.000	0.5000
121	Waveform 1	1	317.009997396	317.027330729	22000.000	38000.000	0.1154
121	Spectrogram 1	1	317.009997396	317.027330729	22000.000	38000.000	0.1154
122	Waveform 1	1	317.741330729	317.765997396	22000.000	38000.000	0.1622
122	Spectrogram 1	1	317.741330729	317.765997396	22000.000	38000.000	0.1622
123	Waveform 1	1	318.347330729	318.364664062	22000.000	38000.000	0.1538
123	Spectrogram 1	1	318.347330729	318.364664062	22000.000	38000.000	0.1538
124	Waveform 1	1	318.718664063	318.745330729	22000.000	38000.000	0.3000
124	Spectrogram 1	1	318.718664063	318.745330729	22000.000	38000.000	0.3000
125	Waveform 1	1	319.448664062	319.473330729	22000.000	38000.000	0.3514
125	Spectrogram 1	1	319.448664062	319.473330729	22000.000	38000.000	0.3514
126	Waveform 1	1	319.634664063	319.675997396	22000.000	38000.000	0.2903
126	Spectrogram 1	1	319.634664063	319.675997396	22000.000	38000.000	0.2903
127	Waveform 1	1	319.885997396	319.906664062	22000.000	38000.000	0.2258
127	Spectrogram 1	1	319.885997396	319.906664062	22000.000	38000.000	0.2258
128	Waveform 1	1	320.372664063	320.396664063	22000.000	38000.000	0.3056
128	Spectrogram 1	1	320.372664063	320.396664063	22000.000	38000.000	0.3056
129	Waveform 1	1	321.073997396	321.089330729	22000.000	38000.000	0.1304
129	Spectrogram 1	1	321.073997396	321.089330729	22000.000	38000.000	0.1304
130	Waveform 1	1	322.734664062	322.743330729	22000.000	38000.000	0.1538
130	Spectrogram 1	1	322.734664062	322.743330729	22000.000	38000.000	0.1538
131	Waveform 1	1	324.385330729	324.407997396	22000.000	38000.000	0.0882
131	Spectrogram 1	1	324.385330729	324.407997396	22000.000	38000.000	0.0882
132	Waveform 1	1	324.681997396	324.705997396	22000.000	38000.000	0.2500
132	Spectrogram 1	1	324.681997396	324.705997396	22000.000	38000.000	0.2500
133	Waveform 1	1	325.405330729	325.427330729	22000.000	38000.000	0.2121
133	Spectrogram 1	1	325.405330729	325.427330729	22000.000	38000.000	0.2121
134	Waveform 1	1	326.265997396	326.298664062	22000.000	38000.000	0.1020
134	Spectrogram 1	1	326.265997396	326.298664062	22000.000	38000.000	0.1020
135	Waveform 1	1	326.557997396	326.589330729	22000.000	38000.000	0.3191
135	Spectrogram 1	1	326.557997396	326.589330729	22000.000	38000.000	0.3191
136	Waveform 1	1	327.283997396	327.299997396	22000.000	38000.000	0.2083
136	Spectrogram 1	1	327.283997396	327.299997396	22000.000	38000.000	0.2083
137	Waveform 1	1	328.013330729	328.021997396	22000.000	38000.000	0.3077
137	Spectrogram 1	1	328.013330729	328.021997396	22000.000	38000.000	0.3077
138	Waveform 1	1	328.744664063	328.765330729	22000.000	38000.000	0.2581
138	Spectrogram 1	1	328.744664063	328.765330729	22000.000	38000.000	0.2581
139	Waveform 1	1	329.553330729	329.561330729	22000.000	38000.000	0.3333
139	Spectrogram 1	1	329.553330729	329.561330729	22000.000	38000.000	0.3333
140	Waveform 1	1	330.229997396	330.256664062	22000.000	38000.000	0.0750
140	Spectrogram 1	1	330.229997396	330.256664062	22000.000	38000.000	0.0750
141	Waveform 1	1	331.279997396	331.299997396	22000.000	38000.000	0.2333
141	Spectrogram 1	1	331.279997396	331.299997396	22000.000	38000.000	0.2333
142	Waveform 1	1	331.664664062	331.683330729	22000.000	38000.000	0.2143
142	Spectrogram 1	1	331.664664062	331.683330729	22000.000	38000.000	0.2143
143	Waveform 1	1	332.143997396	332.177330729	22000.000	38000.000	0.2400
143	Spectrogram 1	1	332.143997396	332.177330729	22000.000	38000.000	0.2400
144	Waveform 1	1	332.863997396	332.883997396	22000.000	38000.000	0.2333
144	Spectrogram 1	1	332.863997396	332.883997396	22000.000	38000.000	0.2333
145	Waveform 1	1	333.473997396	333.497330729	22000.000	38000.000	0.2286
145	Spectrogram 1	1	333.473997396	333.497330729	22000.000	38000.000	0.2286
146	Waveform 1	1	333.958664063	333.984664062	22000.000	38000.000	0.2308
146	Spectrogram 1	1	333.958664063	333.984664062	22000.000	38000.000	0.2308
147	Waveform 1	1	334.576664063	334.594664062	22000.000	38000.000	0.2593
147	Spectrogram 1	1	334.576664063	334.594664062	22000.000	38000.000	0.2593
148	Waveform 1	1	336.037330729	336.044664062	22000.000	38000.000	0.2727
148	Spectrogram 1	1	336.037330729	336.044664062	22000.000	38000.000	0.2727
149	Waveform 1	1	343.197330729	343.212664062	22000.000	38000.000	0.1304
149	Spectrogram 1	1	343.197330729	343.212664062	22000.000	38000.000	0.1304
150	Waveform 1	1	355.570664062	355.580664062	22000.000	38000.000	0.4667
150	Spectrogram 1	1	355.570664062	355.580664062	22000.000	38000.000	0.4667
151	Waveform 1	1	356.129997396	356.157997396	22000.000	38000.000	0.2857
151	Spectrogram 1	1	356.129997396	356.157997396	22000.000	38000.000	0.2857
152	Waveform 1	1	357.036664062	357.046664062	22000.000	38000.000	0.6000
152	Spectrogram 1	1	357.036664062	357.046664062	22000.000	38000.000	0.6000
153	Waveform 1	1	358.239997396	358.241997396	22000.000	38000.000	1.0000
153	Spectrogram 1	1	358.239997396	358.241997396	22000.000	38000.000	1.0000
154	Waveform 1	1	358.955997396	358.962664062	22000.000	38000.000	0.2000
154	Spectrogram 1	1	358.955997396	358.962664062	22000.000	38000.000	0.2000
155	Waveform 1	1	359.547997396	359.559330729	22000.000	38000.000	0.1765
155	Spectrogram 1	1	359.547997396	359.559330729	22000.000	38000.000	0.1765
156	Waveform 1	1	360.247997396	360.263330729	22000.000	38000.000	0.2609
156	Spectrogram 1	1	360.247997396	360.263330729	22000.000	38000.000	0.2609
157	Waveform 1	1	360.399330729	360.427330729	22000.000	38000.000	0.3333
157	Spectrogram 1	1	360.399330729	360.427330729	22000.000	38000.000	0.3333
158	Waveform 1	1	360.549997396	360.552664063	22000.000	38000.000	0.5000
158	Spectrogram 1	1	360.549997396	360.552664063	22000.000	38000.000	0.5000
159	Waveform 1	1	361.043997396	361.061330729	22000.000	38000.000	0.1923
159	Spectrogram 1	1	361.043997396	361.061330729	22000.000	38000.000	0.1923
160	Waveform 1	1	361.641997396	361.657997396	22000.000	38000.000	0.2917
160	Spectrogram 1	1	361.641997396	361.657997396	22000.000	38000.000	0.2917
161	Waveform 1	1	362.520664062	362.543997396	22000.000	38000.000	0.3714
161	Spectrogram 1	1	362.520664062	362.543997396	22000.000	38000.000	0.3714
162	Waveform 1	1	363.503330729	363.509330729	22000.000	38000.000	0.3333
162	Spectrogram 1	1	363.503330729	363.509330729	22000.000	38000.000	0.3333
163	Waveform 1	1	375.259330729	375.275997396	22000.000	38000.000	0.4800
163	Spectrogram 1	1	375.259330729	375.275997396	22000.000	38000.000	0.4800
164	Waveform 1	1	375.408664063	375.417330729	22000.000	38000.000	0.2308
164	Spectrogram 1	1	375.408664063	375.417330729	22000.000	38000.000	0.2308
165	Waveform 1	1	376.530664062	376.536664062	22000.000	38000.000	0.3333
165	Spectrogram 1	1	376.530664062	376.536664062	22000.000	38000.000	0.3333
166	Waveform 1	1	376.749997396	376.788664063	22000.000	38000.000	0.1552
166	Spectrogram 1	1	376.749997396	376.788664063	22000.000	38000.000	0.1552
167	Waveform 1	1	377.065330729	377.091997396	22000.000	38000.000	0.1000
167	Spectrogram 1	1	377.065330729	377.091997396	22000.000	38000.000	0.1000
168	Waveform 1	1	377.667330729	377.694664063	22000.000	38000.000	0.1951
168	Spectrogram 1	1	377.667330729	377.694664063	22000.000	38000.000	0.1951
169	Waveform 1	1	378.278664063	378.311997396	22000.000	38000.000	0.1800
169	Spectrogram 1	1	378.278664063	378.311997396	22000.000	38000.000	0.1800
170	Waveform 1	1	379.025330729	379.032664062	22000.000	38000.000	0.3636
170	Spectrogram 1	1	379.025330729	379.032664062	22000.000	38000.000	0.3636
171	Waveform 1	1	379.671997396	379.685330729	22000.000	38000.000	0.1000
171	Spectrogram 1	1	379.671997396	379.685330729	22000.000	38000.000	0.1000
172	Waveform 1	1	380.439330729	380.451997396	22000.000	38000.000	0.3158
172	Spectrogram 1	1	380.439330729	380.451997396	22000.000	38000.000	0.3158
173	Waveform 1	1	381.666664062	381.672664063	22000.000	38000.000	0.2222
173	Spectrogram 1	1	381.666664062	381.672664063	22000.000	38000.000	0.2222
174	Waveform 1	1	383.175997396	383.179330729	22000.000	38000.000	0.4000
174	Spectrogram 1	1	383.175997396	383.179330729	22000.000	38000.000	0.4000
175	Waveform 1	1	383.483997396	383.489330729	22000.000	38000.000	0.2500
175	Spectrogram 1	1	383.483997396	383.489330729	22000.000	38000.000	0.2500
176	Waveform 1	1	385.665997396	385.668664062	22000.000	38000.000	0.7500
176	Spectrogram 1	1	385.665997396	385.668664062	22000.000	38000.000	0.7500
177	Waveform 1	1	385.816664062	385.826664063	22000.000	38000.000	0.1333
177	Spectrogram 1	1	385.816664062	385.826664063	22000.000	38000.000	0.1333
178	Waveform 1	1	386.351330729	386.353330729	22000.000	38000.000	0.6667
178	Spectrogram 1	1	386.351330729	386.353330729	22000.000	38000.000	0.6667
179	Waveform 1	1	397.683997396	397.691997396	22000.000	38000.000	0.1667
179	Spectrogram 1	1	397.683997396	397.691997396	22000.000	38000.000	0.1667
180	Waveform 1	1	402.499997396	402.503997396	22000.000	38000.000	0.5000
180	Spectrogram 1	1	402.499997396	402.503997396	22000.000	38000.000	0.5000
181	Waveform 1	1	406.876664062	406.877997396	22000.000	38000.000	1.0000
181	Spectrogram 1	1	406.876664062	406.877997396	22000.000	38000.000	1.0000
182	Waveform 1	1	414.353997396	414.356664062	22000.000	38000.000	0.7500
182	Spectrogram 1	1	414.353997396	414.356664062	22000.000	38000.000	0.7500
183	Waveform 1	1	422.907330729	422.911997396	22000.000	38000.000	0.2857
183	Spectrogram 1	1	422.907330729	422.911997396	22000.000	38000.000	0.2857
184	Waveform 1	1	423.423330729	423.427997396	22000.000	38000.000	0.2857
184	Spectrogram 1	1	423.423330729	423.427997396	22000.000	38000.000	0.2857
185	Waveform 1	1	436.985997396	436.987330729	22000.000	38000.000	1.0000
185	Spectrogram 1	1	436.985997396	436.987330729	22000.000	38000.000	1.0000
186	Waveform 1	1	457.266664063	457.277330729	22000.000	38000.000	0.2500
186	Spectrogram 1	1	457.266664063	457.277330729	22000.000	38000.000	0.2500
187	Waveform 1	1	460.904664062	460.909997396	22000.000	38000.000	0.2500
187	Spectrogram 1	1	460.904664062	460.909997396	22000.000	38000.000	0.2500
188	Waveform 1	1	468.003997396	468.013997396	22000.000	38000.000	0.4667
188	Spectrogram 1	1	468.003997396	468.013997396	22000.000	38000.000	0.4667
189	Waveform 1	1	468.136664063	468.148664063	22000.000	38000.000	0.1667
189	Spectrogram 1	1	468.136664063	468.148664063	22000.000	38000.000	0.1667
190	Waveform 1	1	468.252664063	468.257997396	22000.000	38000.000	0.3750
190	Spectrogram 1	1	468.252664063	468.257997396	22000.000	38000.000	0.3750
191	Waveform 1	1	468.404664062	468.425997396	22000.000	38000.000	0.3438
191	Spectrogram 1	1	468.404664062	468.425997396	22000.000	38000.000	0.3438
192	Waveform 1	1	468.634664063	468.656664062	22000.000	38000.000	0.2121
192	Spectrogram 1	1	468.634664063	468.656664062	22000.000	38000.000	0.2121
193	Waveform 1	1	468.834664062	468.847330729	22000.000	38000.000	0.2632
193	Spectrogram 1	1	468.834664062	468.847330729	22000.000	38000.000	0.2632
194	Waveform 1	1	469.489997396	469.499997396	22000.000	38000.000	0.2000
194	Spectrogram 1	1	469.489997396	469.499997396	22000.000	38000.000	0.2000
195	Waveform 1	1	469.639330729	469.646664063	22000.000	38000.000	0.2727
195	Spectrogram 1	1	469.639330729	469.646664063	22000.000	38000.000	0.2727
196	Waveform 1	1	470.575997396	470.580664062	22000.000	38000.000	0.2857
196	Spectrogram 1	1	470.575997396	470.580664062	22000.000	38000.000	0.2857
197	Waveform 1	1	481.690664062	481.703997396	22000.000	38000.000	0.3000
197	Spectrogram 1	1	481.690664062	481.703997396	22000.000	38000.000	0.3000
198	Waveform 1	1	482.273997396	482.287997396	22000.000	38000.000	0.2857
198	Spectrogram 1	1	482.273997396	482.287997396	22000.000	38000.000	0.2857
199	Waveform 1	1	482.868664062	482.891997396	22000.000	38000.000	0.2286
199	Spectrogram 1	1	482.868664062	482.891997396	22000.000	38000.000	0.2286
200	Waveform 1	1	483.443330729	483.465997396	22000.000	38000.000	0.2059
200	Spectrogram 1	1	483.443330729	483.465997396	22000.000	38000.000	0.2059
201	Waveform 1	1	483.616664062	483.640664062	22000.000	38000.000	0.1944
201	Spectrogram 1	1	483.616664062	483.640664062	22000.000	38000.000	0.1944
202	Waveform 1	1	483.790664063	483.802664063	22000.000	38000.000	0.1111
202	Spectrogram 1	1	483.790664063	483.802664063	22000.000	38000.000	0.1111
203	Waveform 1	1	484.795330729	484.825330729	22000.000	38000.000	0.1778
203	Spectrogram 1	1	484.795330729	484.825330729	22000.000	38000.000	0.1778
204	Waveform 1	1	485.039997396	485.041330729	22000.000	38000.000	1.0000
204	Spectrogram 1	1	485.039997396	485.041330729	22000.000	38000.000	1.0000
205	Waveform 1	1	485.403997396	485.451330729	22000.000	38000.000	0.2254
205	Spectrogram 1	1	485.403997396	485.451330729	22000.000	38000.000	0.2254
206	Waveform 1	1	485.768664062	485.813997396	22000.000	38000.000	0.3235
206	Spectrogram 1	1	485.768664062	485.813997396	22000.000	38000.000	0.3235
207	Waveform 1	1	487.045330729	487.072664062	22000.000	38000.000	0.2439
207	Spectrogram 1	1	487.045330729	487.072664062	22000.000	38000.000	0.2439
208	Waveform 1	1	487.713330729	487.769330729	22000.000	38000.000	0.2381
208	Spectrogram 1	1	487.713330729	487.769330729	22000.000	38000.000	0.2381
209	Waveform 1	1	487.948664062	487.994664063	22000.000	38000.000	0.1884
209	Spectrogram 1	1	487.948664062	487.994664063	22000.000	38000.000	0.1884
210	Waveform 1	1	488.431997396	488.436664062	22000.000	38000.000	0.5714
210	Spectrogram 1	1	488.431997396	488.436664062	22000.000	38000.000	0.5714
211	Waveform 1	1	488.637997396	488.658664063	22000.000	38000.000	0.3548
211	Spectrogram 1	1	488.637997396	488.658664063	22000.000	38000.000	0.3548
212	Waveform 1	1	488.867997396	488.893330729	22000.000	38000.000	0.1579
212	Spectrogram 1	1	488.867997396	488.893330729	22000.000	38000.000	0.1579
213	Waveform 1	1	489.333330729	489.350664063	22000.000	38000.000	0.3077
213	Spectrogram 1	1	489.333330729	489.350664063	22000.000	38000.000	0.3077
214	Waveform 1	1	489.572664062	489.579330729	22000.000	38000.000	0.2000
214	Spectrogram 1	1	489.572664062	489.579330729	22000.000	38000.000	0.2000
215	Waveform 1	1	489.913330729	489.945330729	22000.000	38000.000	0.2083
215	Spectrogram 1	1	489.913330729	489.945330729	22000.000	38000.000	0.2083
216	Waveform 1	1	490.260664062	490.266664063	22000.000	38000.000	0.5556
216	Spectrogram 1	1	490.260664062	490.266664063	22000.000	38000.000	0.5556
217	Waveform 1	1	490.377330729	490.391330729	22000.000	38000.000	0.1429
217	Spectrogram 1	1	490.377330729	490.391330729	22000.000	38000.000	0.1429
218	Waveform 1	1	490.723997396	490.749997396	22000.000	38000.000	0.2308
218	Spectrogram 1	1	490.723997396	490.749997396	22000.000	38000.000	0.2308
219	Waveform 1	1	491.299330729	491.338664063	22000.000	38000.000	0.2542
219	Spectrogram 1	1	491.299330729	491.338664063	22000.000	38000.000	0.2542
220	Waveform 1	1	491.530664062	491.545330729	22000.000	38000.000	0.2727
220	Spectrogram 1	1	491.530664062	491.545330729	22000.000	38000.000	0.2727
221	Waveform 1	1	491.780664062	491.808664062	22000.000	38000.000	0.1905
221	Spectrogram 1	1	491.780664062	491.808664062	22000.000	38000.000	0.1905
222	Waveform 1	1	492.514664063	492.530664062	22000.000	38000.000	0.2500
222	Spectrogram 1	1	492.514664063	492.530664062	22000.000	38000.000	0.2500
223	Waveform 1	1	493.270664062	493.271997396	22000.000	38000.000	1.0000
223	Spectrogram 1	1	493.270664062	493.271997396	22000.000	38000.000	1.0000
224	Waveform 1	1	493.859997396	493.873997396	22000.000	38000.000	0.4286
224	Spectrogram 1	1	493.859997396	493.873997396	22000.000	38000.000	0.4286
225	Waveform 1	1	494.577330729	494.593997396	22000.000	38000.000	0.2800
225	Spectrogram 1	1	494.577330729	494.593997396	22000.000	38000.000	0.2800
226	Waveform 1	1	495.162664062	495.191997396	22000.000	38000.000	0.2273
226	Spectrogram 1	1	495.162664062	495.191997396	22000.000	38000.000	0.2273
227	Waveform 1	1	495.642664062	495.663997396	22000.000	38000.000	0.3125
227	Spectrogram 1	1	495.642664062	495.663997396	22000.000	38000.000	0.3125
228	Waveform 1	1	496.012664062	496.021330729	22000.000	38000.000	0.2308
228	Spectrogram 1	1	496.012664062	496.021330729	22000.000	38000.000	0.2308
229	Waveform 1	1	496.506664062	496.507997396	22000.000	38000.000	1.0000
229	Spectrogram 1	1	496.506664062	496.507997396	22000.000	38000.000	1.0000
230	Waveform 1	1	496.806664062	496.808664062	22000.000	38000.000	1.0000
230	Spectrogram 1	1	496.806664062	496.808664062	22000.000	38000.000	1.0000
231	Waveform 1	1	497.565330729	497.572664062	22000.000	38000.000	0.3636
231	Spectrogram 1	1	497.565330729	497.572664062	22000.000	38000.000	0.3636
232	Waveform 1	1	498.555330729	498.567330729	22000.000	38000.000	0.2222
232	Spectrogram 1	1	498.555330729	498.567330729	22000.000	38000.000	0.2222
233	Waveform 1	1	499.329997396	499.351997396	22000.000	38000.000	0.2727
233	Spectrogram 1	1	499.329997396	499.351997396	22000.000	38000.000	0.2727
234	Waveform 1	1	500.017330729	500.026664063	22000.000	38000.000	0.5714
234	Spectrogram 1	1	500.017330729	500.026664063	22000.000	38000.000	0.5714
235	Waveform 1	1	500.338664063	500.360664063	22000.000	38000.000	0.3333
235	Spectrogram 1	1	500.338664063	500.360664063	22000.000	38000.000	0.3333
236	Waveform 1	1	500.910664063	500.933997396	22000.000	38000.000	0.2286
236	Spectrogram 1	1	500.910664063	500.933997396	22000.000	38000.000	0.2286
237	Waveform 1	1	501.341997396	501.359997396	22000.000	38000.000	0.2963
237	Spectrogram 1	1	501.341997396	501.359997396	22000.000	38000.000	0.2963
238	Waveform 1	1	501.817330729	501.821997396	22000.000	38000.000	0.2857
238	Spectrogram 1	1	501.817330729	501.821997396	22000.000	38000.000	0.2857
239	Waveform 1	1	502.499330729	502.507330729	22000.000	38000.000	0.5000
239	Spectrogram 1	1	502.499330729	502.507330729	22000.000	38000.000	0.5000
240	Waveform 1	1	502.667997396	502.691997396	22000.000	38000.000	0.0833
240	Spectrogram 1	1	502.667997396	502.691997396	22000.000	38000.000	0.0833
241	Waveform 1	1	503.194664063	503.203997396	22000.000	38000.000	0.3571
241	Spectrogram 1	1	503.194664063	503.203997396	22000.000	38000.000	0.3571
242	Waveform 1	1	503.339997396	503.361997396	22000.000	38000.000	0.2121
242	Spectrogram 1	1	503.339997396	503.361997396	22000.000	38000.000	0.2121
243	Waveform 1	1	503.757330729	503.786664062	22000.000	38000.000	0.1591
243	Spectrogram 1	1	503.757330729	503.786664062	22000.000	38000.000	0.1591
244	Waveform 1	1	503.950664062	503.969330729	22000.000	38000.000	0.1786
244	Spectrogram 1	1	503.950664062	503.969330729	22000.000	38000.000	0.1786
245	Waveform 1	1	504.119330729	504.136664063	22000.000	38000.000	0.2308
245	Spectrogram 1	1	504.119330729	504.136664063	22000.000	38000.000	0.2308
246	Waveform 1	1	504.636664063	504.663997396	22000.000	38000.000	0.3659
246	Spectrogram 1	1	504.636664063	504.663997396	22000.000	38000.000	0.3659
247	Waveform 1	1	504.934664063	504.939330729	22000.000	38000.000	0.4286
247	Spectrogram 1	1	504.934664063	504.939330729	22000.000	38000.000	0.4286
248	Waveform 1	1	505.796664062	505.801997396	22000.000	38000.000	0.5000
248	Spectrogram 1	1	505.796664062	505.801997396	22000.000	38000.000	0.5000
249	Waveform 1	1	507.921330729	507.932664063	22000.000	38000.000	0.3529
249	Spectrogram 1	1	507.921330729	507.932664063	22000.000	38000.000	0.3529
250	Waveform 1	1	508.693997396	508.723330729	22000.000	38000.000	0.2273
250	Spectrogram 1	1	508.693997396	508.723330729	22000.000	38000.000	0.2273
251	Waveform 1	1	508.957330729	508.991330729	22000.000	38000.000	0.2157
251	Spectrogram 1	1	508.957330729	508.991330729	22000.000	38000.000	0.2157
252	Waveform 1	1	509.233997396	509.255997396	22000.000	38000.000	0.2727
252	Spectrogram 1	1	509.233997396	509.255997396	22000.000	38000.000	0.2727
253	Waveform 1	1	509.651997396	509.693330729	22000.000	38000.000	0.1452
253	Spectrogram 1	1	509.651997396	509.693330729	22000.000	38000.000	0.1452
254	Waveform 1	1	510.066664062	510.093997396	22000.000	38000.000	0.3415
254	Spectrogram 1	1	510.066664062	510.093997396	22000.000	38000.000	0.3415
255	Waveform 1	1	510.477330729	510.534664062	22000.000	38000.000	0.1860
255	Spectrogram 1	1	510.477330729	510.534664062	22000.000	38000.000	0.1860
256	Waveform 1	1	510.886664063	510.915997396	22000.000	38000.000	0.2500
256	Spectrogram 1	1	510.886664063	510.915997396	22000.000	38000.000	0.2500
257	Waveform 1	1	511.283997396	511.330664062	22000.000	38000.000	0.2000
257	Spectrogram 1	1	511.283997396	511.330664062	22000.000	38000.000	0.2000
258	Waveform 1	1	511.682664063	511.692664063	22000.000	38000.000	0.3333
258	Spectrogram 1	1	511.682664063	511.692664063	22000.000	38000.000	0.3333
259	Waveform 1	1	511.975997396	512.024664063	22000.000	38000.000	0.0822
259	Spectrogram 1	1	511.975997396	512.024664063	22000.000	38000.000	0.0822
260	Waveform 1	1	512.235997396	512.241997396	22000.000	38000.000	0.2222
260	Spectrogram 1	1	512.235997396	512.241997396	22000.000	38000.000	0.2222
261	Waveform 1	1	512.641997396	512.664664063	22000.000	38000.000	0.2059
261	Spectrogram 1	1	512.641997396	512.664664063	22000.000	38000.000	0.2059
262	Waveform 1	1	513.083330729	513.085997396	22000.000	38000.000	0.5000
262	Spectrogram 1	1	513.083330729	513.085997396	22000.000	38000.000	0.5000
263	Waveform 1	1	513.884664063	513.895997396	22000.000	38000.000	0.3529
263	Spectrogram 1	1	513.884664063	513.895997396	22000.000	38000.000	0.3529
264	Waveform 1	1	537.633330729	537.634664063	22000.000	38000.000	1.0000
264	Spectrogram 1	1	537.633330729	537.634664063	22000.000	38000.000	1.0000
265	Waveform 1	1	538.219330729	538.231997396	22000.000	38000.000	0.1579
265	Spectrogram 1	1	538.219330729	538.231997396	22000.000	38000.000	0.1579
266	Waveform 1	1	538.926664063	538.936664063	22000.000	38000.000	0.4000
266	Spectrogram 1	1	538.926664063	538.936664063	22000.000	38000.000	0.4000
267	Waveform 1	1	539.819330729	539.824664063	22000.000	38000.000	0.6250
267	Spectrogram 1	1	539.819330729	539.824664063	22000.000	38000.000	0.6250
268	Waveform 1	1	540.307330729	540.312664063	22000.000	38000.000	0.5000
268	Spectrogram 1	1	540.307330729	540.312664063	22000.000	38000.000	0.5000
269	Waveform 1	1	540.563330729	540.579997396	22000.000	38000.000	0.1200
269	Spectrogram 1	1	540.563330729	540.579997396	22000.000	38000.000	0.1200
270	Waveform 1	1	541.039997396	541.058664063	22000.000	38000.000	0.0714
270	Spectrogram 1	1	541.039997396	541.058664063	22000.000	38000.000	0.0714
271	Waveform 1	1	541.347330729	541.363330729	22000.000	38000.000	0.2083
271	Spectrogram 1	1	541.347330729	541.363330729	22000.000	38000.000	0.2083
272	Waveform 1	1	542.061330729	542.069330729	22000.000	38000.000	0.3333
272	Spectrogram 1	1	542.061330729	542.069330729	22000.000	38000.000	0.3333
273	Waveform 1	1	543.272664063	543.283330729	22000.000	38000.000	0.3750
273	Spectrogram 1	1	543.272664063	543.283330729	22000.000	38000.000	0.3750
274	Waveform 1	1	543.553997396	543.569330729	22000.000	38000.000	0.0870
274	Spectrogram 1	1	543.553997396	543.569330729	22000.000	38000.000	0.0870
275	Waveform 1	1	554.483997396	554.493330729	22000.000	38000.000	0.3571
275	Spectrogram 1	1	554.483997396	554.493330729	22000.000	38000.000	0.3571
276	Waveform 1	1	572.320664063	572.321997396	22000.000	38000.000	1.0000
276	Spectrogram 1	1	572.320664063	572.321997396	22000.000	38000.000	1.0000
277	Waveform 1	1	573.195330729	573.203330729	22000.000	38000.000	0.1667
277	Spectrogram 1	1	573.195330729	573.203330729	22000.000	38000.000	0.1667
278	Waveform 1	1	582.266664063	582.275330729	22000.000	38000.000	0.2308
278	Spectrogram 1	1	582.266664063	582.275330729	22000.000	38000.000	0.2308
279	Waveform 1	1	584.971997396	584.983997396	22000.000	38000.000	0.2778
279	Spectrogram 1	1	584.971997396	584.983997396	22000.000	38000.000	0.2778
280	Waveform 1	1	597.161997396	597.165330729	22000.000	38000.000	0.4000
280	Spectrogram 1	1	597.161997396	597.165330729	22000.000	38000.000	0.4000
281	Waveform 1	1	597.544664063	597.546664063	22000.000	38000.000	0.6667
281	Spectrogram 1	1	597.544664063	597.546664063	22000.000	38000.000	0.6667
282	Waveform 1	1	598.344664063	598.351997396	22000.000	38000.000	0.2727
282	Spectrogram 1	1	598.344664063	598.351997396	22000.000	38000.000	0.2727
283	Waveform 1	1	599.027330729	599.029330729	22000.000	38000.000	0.6667
283	Spectrogram 1	1	599.027330729	599.029330729	22000.000	38000.000	0.6667
284	Waveform 1	1	599.726664063	599.731330729	22000.000	38000.000	0.2857
284	Spectrogram 1	1	599.726664063	599.731330729	22000.000	38000.000	0.2857
285	Waveform 1	1	603.265997396	603.280664063	22000.000	38000.000	0.1818
285	Spectrogram 1	1	603.265997396	603.280664063	22000.000	38000.000	0.1818
286	Waveform 1	1	613.056664063	613.079330729	22000.000	38000.000	0.4412
286	Spectrogram 1	1	613.056664063	613.079330729	22000.000	38000.000	0.4412
287	Waveform 1	1	613.936664063	613.953330729	22000.000	38000.000	0.1600
287	Spectrogram 1	1	613.936664063	613.953330729	22000.000	38000.000	0.1600
288	Waveform 1	1	617.843997396	617.845330729	22000.000	38000.000	1.0000
288	Spectrogram 1	1	617.843997396	617.845330729	22000.000	38000.000	1.0000
289	Waveform 1	1	618.579330729	618.591330729	22000.000	38000.000	0.1667
289	Spectrogram 1	1	618.579330729	618.591330729	22000.000	38000.000	0.1667
290	Waveform 1	1	621.047997396	621.059330729	22000.000	38000.000	0.2353
290	Spectrogram 1	1	621.047997396	621.059330729	22000.000	38000.000	0.2353
291	Waveform 1	1	626.459330729	626.479330729	22000.000	38000.000	0.2333
291	Spectrogram 1	1	626.459330729	626.479330729	22000.000	38000.000	0.2333
292	Waveform 1	1	634.185997396	634.201330729	22000.000	38000.000	0.3913
292	Spectrogram 1	1	634.185997396	634.201330729	22000.000	38000.000	0.3913
293	Waveform 1	1	635.001330729	635.017997396	22000.000	38000.000	0.4000
293	Spectrogram 1	1	635.001330729	635.017997396	22000.000	38000.000	0.4000
294	Waveform 1	1	636.227330729	636.235997396	22000.000	38000.000	0.5385
294	Spectrogram 1	1	636.227330729	636.235997396	22000.000	38000.000	0.5385
295	Waveform 1	1	636.803330729	636.827330729	22000.000	38000.000	0.2778
295	Spectrogram 1	1	636.803330729	636.827330729	22000.000	38000.000	0.2778
296	Waveform 1	1	637.503997396	637.543330729	22000.000	38000.000	0.3051
296	Spectrogram 1	1	637.503997396	637.543330729	22000.000	38000.000	0.3051
297	Waveform 1	1	638.323997396	638.337997396	22000.000	38000.000	0.3810
297	Spectrogram 1	1	638.323997396	638.337997396	22000.000	38000.000	0.3810
298	Waveform 1	1	639.025330729	639.026664063	22000.000	38000.000	1.0000
298	Spectrogram 1	1	639.025330729	639.026664063	22000.000	38000.000	1.0000
299	Waveform 1	1	662.007330729	662.013997396	22000.000	38000.000	0.2000
299	Spectrogram 1	1	662.007330729	662.013997396	22000.000	38000.000	0.2000
300	Waveform 1	1	663.611997396	663.623330729	22000.000	38000.000	0.2353
300	Spectrogram 1	1	663.611997396	663.623330729	22000.000	38000.000	0.2353
301	Waveform 1	1	664.396664063	664.424664063	22000.000	38000.000	0.3810
301	Spectrogram 1	1	664.396664063	664.424664063	22000.000	38000.000	0.3810
302	Waveform 1	1	665.203997396	665.232664063	22000.000	38000.000	0.3721
302	Spectrogram 1	1	665.203997396	665.232664063	22000.000	38000.000	0.3721
303	Waveform 1	1	665.881997396	665.900664063	22000.000	38000.000	0.3929
303	Spectrogram 1	1	665.881997396	665.900664063	22000.000	38000.000	0.3929
304	Waveform 1	1	666.575330729	666.606664063	22000.000	38000.000	0.2340
304	Spectrogram 1	1	666.575330729	666.606664063	22000.000	38000.000	0.2340
305	Waveform 1	1	666.839330729	666.876664063	22000.000	38000.000	0.2143
305	Spectrogram 1	1	666.839330729	666.876664063	22000.000	38000.000	0.2143
306	Waveform 1	1	667.192664063	667.201330729	22000.000	38000.000	0.3846
306	Spectrogram 1	1	667.192664063	667.201330729	22000.000	38000.000	0.3846
307	Waveform 1	1	667.655330729	667.685330729	22000.000	38000.000	0.1778
307	Spectrogram 1	1	667.655330729	667.685330729	22000.000	38000.000	0.1778
308	Waveform 1	1	667.879330729	667.923997396	22000.000	38000.000	0.1940
308	Spectrogram 1	1	667.879330729	667.923997396	22000.000	38000.000	0.1940
309	Waveform 1	1	668.187330729	668.209997396	22000.000	38000.000	0.2647
309	Spectrogram 1	1	668.187330729	668.209997396	22000.000	38000.000	0.2647
310	Waveform 1	1	668.907997396	668.919330729	22000.000	38000.000	0.2353
310	Spectrogram 1	1	668.907997396	668.919330729	22000.000	38000.000	0.2353
311	Waveform 1	1	670.048664063	670.059330729	22000.000	38000.000	0.1875
311	Spectrogram 1	1	670.048664063	670.059330729	22000.000	38000.000	0.1875
312	Waveform 1	1	670.327330729	670.348664063	22000.000	38000.000	0.1562
312	Spectrogram 1	1	670.327330729	670.348664063	22000.000	38000.000	0.1562
313	Waveform 1	1	701.601330729	701.623997396	22000.000	38000.000	0.2059
313	Spectrogram 1	1	701.601330729	701.623997396	22000.000	38000.000	0.2059
314	Waveform 1	1	702.307330729	702.321330729	22000.000	38000.000	0.1905
314	Spectrogram 1	1	702.307330729	702.321330729	22000.000	38000.000	0.1905
315	Waveform 1	1	703.037997396	703.059330729	22000.000	38000.000	0.5000
315	Spectrogram 1	1	703.037997396	703.059330729	22000.000	38000.000	0.5000
316	Waveform 1	1	703.761330729	703.771997396	22000.000	38000.000	0.1250
316	Spectrogram 1	1	703.761330729	703.771997396	22000.000	38000.000	0.1250
317	Waveform 1	1	709.937997396	709.962664063	22000.000	38000.000	0.1351
317	Spectrogram 1	1	709.937997396	709.962664063	22000.000	38000.000	0.1351
318	Waveform 1	1	714.049997396	714.061330729	22000.000	38000.000	0.1176
318	Spectrogram 1	1	714.049997396	714.061330729	22000.000	38000.000	0.1176
319	Waveform 1	1	719.602664063	719.611997396	22000.000	38000.000	0.4286
319	Spectrogram 1	1	719.602664063	719.611997396	22000.000	38000.000	0.4286
320	Waveform 1	1	737.380664063	737.388664063	22000.000	38000.000	0.6667
320	Spectrogram 1	1	737.380664063	737.388664063	22000.000	38000.000	0.6667
321	Waveform 1	1	749.645330729	749.649330729	22000.000	38000.000	0.5000
321	Spectrogram 1	1	749.645330729	749.649330729	22000.000	38000.000	0.5000
322	Waveform 1	1	752.583997396	752.596664063	22000.000	38000.000	0.2632
322	Spectrogram 1	1	752.583997396	752.596664063	22000.000	38000.000	0.2632
323	Waveform 1	1	754.290664063	754.300664063	22000.000	38000.000	0.2667
323	Spectrogram 1	1	754.290664063	754.300664063	22000.000	38000.000	0.2667
324	Waveform 1	1	783.553997396	783.567997396	22000.000	38000.000	0.3810
324	Spectrogram 1	1	783.553997396	783.567997396	22000.000	38000.000	0.3810
325	Waveform 1	1	783.931330729	783.943330729	22000.000	38000.000	0.1667
325	Spectrogram 1	1	783.931330729	783.943330729	22000.000	38000.000	0.1667
326	Waveform 1	1	784.421330729	784.445997396	22000.000	38000.000	0.1622
326	Spectrogram 1	1	784.421330729	784.445997396	22000.000	38000.000	0.1622
327	Waveform 1	1	785.156664062	785.163330729	22000.000	38000.000	0.4000
327	Spectrogram 1	1	785.156664062	785.163330729	22000.000	38000.000	0.4000
328	Waveform 1	1	787.293997396	787.297997396	22000.000	38000.000	0.3333
328	Spectrogram 1	1	787.293997396	787.297997396	22000.000	38000.000	0.3333
329	Waveform 1	1	788.792664063	788.803330729	22000.000	38000.000	0.3125
329	Spectrogram 1	1	788.792664063	788.803330729	22000.000	38000.000	0.3125
330	Waveform 1	1	789.478664063	789.485997396	22000.000	38000.000	0.4545
330	Spectrogram 1	1	789.478664063	789.485997396	22000.000	38000.000	0.4545
331	Waveform 1	1	790.006664063	790.023997396	22000.000	38000.000	0.1538
331	Spectrogram 1	1	790.006664063	790.023997396	22000.000	38000.000	0.1538
332	Waveform 1	1	790.667330729	790.683997396	22000.000	38000.000	0.2400
332	Spectrogram 1	1	790.667330729	790.683997396	22000.000	38000.000	0.2400
333	Waveform 1	1	791.619330729	791.623330729	22000.000	38000.000	0.5000
333	Spectrogram 1	1	791.619330729	791.623330729	22000.000	38000.000	0.5000
334	Waveform 1	1	803.857330729	803.866664063	22000.000	38000.000	0.1429
334	Spectrogram 1	1	803.857330729	803.866664063	22000.000	38000.000	0.1429
335	Waveform 1	1	806.281997396	806.295997396	22000.000	38000.000	0.2381
335	Spectrogram 1	1	806.281997396	806.295997396	22000.000	38000.000	0.2381
336	Waveform 1	1	819.281997396	819.283997396	22000.000	38000.000	1.0000
336	Spectrogram 1	1	819.281997396	819.283997396	22000.000	38000.000	1.0000
337	Waveform 1	1	819.974664063	819.981997396	22000.000	38000.000	0.2727
337	Spectrogram 1	1	819.974664063	819.981997396	22000.000	38000.000	0.2727
338	Waveform 1	1	821.079330729	821.088664063	22000.000	38000.000	0.2143
338	Spectrogram 1	1	821.079330729	821.088664063	22000.000	38000.000	0.2143
339	Waveform 1	1	821.341330729	821.362664063	22000.000	38000.000	0.1250
339	Spectrogram 1	1	821.341330729	821.362664063	22000.000	38000.000	0.1250
340	Waveform 1	1	852.728664063	852.733997396	22000.000	38000.000	0.3750
340	Spectrogram 1	1	852.728664063	852.733997396	22000.000	38000.000	0.3750
341	Waveform 1	1	856.275997396	856.277330729	22000.000	38000.000	1.0000
341	Spectrogram 1	1	856.275997396	856.277330729	22000.000	38000.000	1.0000
342	Waveform 1	1	856.829997396	856.831997396	22000.000	38000.000	0.6667
342	Spectrogram 1	1	856.829997396	856.831997396	22000.000	38000.000	0.6667
343	Waveform 1	1	857.691997396	857.705330729	22000.000	38000.000	0.1000
343	Spectrogram 1	1	857.691997396	857.705330729	22000.000	38000.000	0.1000
344	Waveform 1	1	858.437330729	858.440664063	22000.000	38000.000	0.8000
344	Spectrogram 1	1	858.437330729	858.440664063	22000.000	38000.000	0.8000
345	Waveform 1	1	885.213330729	885.214664063	22000.000	38000.000	1.0000
345	Spectrogram 1	1	885.213330729	885.214664063	22000.000	38000.000	1.0000
346	Waveform 1	1	970.836664063	970.837997396	22000.000	38000.000	1.0000
346	Spectrogram 1	1	970.836664063	970.837997396	22000.000	38000.000	1.0000
347	Waveform 1	1	1032.683997396	1032.688664063	22000.000	38000.000	0.4286
347	Spectrogram 1	1	1032.683997396	1032.688664063	22000.000	38000.000	0.4286
348	Waveform 1	1	1034.710664062	1034.727330729	22000.000	38000.000	0.2400
348	Spectrogram 1	1	1034.710664062	1034.727330729	22000.000	38000.000	0.2400
349	Waveform 1	1	1035.661997396	1035.667330729	22000.000	38000.000	0.5000
349	Spectrogram 1	1	1035.661997396	1035.667330729	22000.000	38000.000	0.5000
350	Waveform 1	1	1036.365330729	1036.375330729	22000.000	38000.000	0.2667
350	Spectrogram 1	1	1036.365330729	1036.375330729	22000.000	38000.000	0.2667
351	Waveform 1	1	1037.205997396	1037.213330729	22000.000	38000.000	0.1818
351	Spectrogram 1	1	1037.205997396	1037.213330729	22000.000	38000.000	0.1818
352	Waveform 1	1	1048.332664063	1048.333997396	22000.000	38000.000	1.0000
352	Spectrogram 1	1	1048.332664063	1048.333997396	22000.000	38000.000	1.0000
353	Waveform 1	1	1049.291997396	1049.293330729	22000.000	38000.000	1.0000
353	Spectrogram 1	1	1049.291997396	1049.293330729	22000.000	38000.000	1.0000
354	Waveform 1	1	1058.305330729	1058.319997396	22000.000	38000.000	0.1364
354	Spectrogram 1	1	1058.305330729	1058.319997396	22000.000	38000.000	0.1364
355	Waveform 1	1	1058.775330729	1058.785330729	22000.000	38000.000	0.4667
355	Spectrogram 1	1	1058.775330729	1058.785330729	22000.000	38000.000	0.4667
356	Waveform 1	1	1059.765330729	1059.784664063	22000.000	38000.000	0.1724
356	Spectrogram 1	1	1059.765330729	1059.784664063	22000.000	38000.000	0.1724
357	Waveform 1	1	1060.349330729	1060.361330729	22000.000	38000.000	0.3333
357	Spectrogram 1	1	1060.349330729	1060.361330729	22000.000	38000.000	0.3333
358	Waveform 1	1	1060.566664062	1060.590664062	22000.000	38000.000	0.1667
358	Spectrogram 1	1	1060.566664062	1060.590664062	22000.000	38000.000	0.1667
359	Waveform 1	1	1061.171997396	1061.207997396	22000.000	38000.000	0.2963
359	Spectrogram 1	1	1061.171997396	1061.207997396	22000.000	38000.000	0.2963
360	Waveform 1	1	1062.103997396	1062.139997396	22000.000	38000.000	0.2963
360	Spectrogram 1	1	1062.103997396	1062.139997396	22000.000	38000.000	0.2963
361	Waveform 1	1	1063.047997396	1063.071997396	22000.000	38000.000	0.3056
361	Spectrogram 1	1	1063.047997396	1063.071997396	22000.000	38000.000	0.3056
362	Waveform 1	1	1063.415997396	1063.425330729	22000.000	38000.000	0.2143
362	Spectrogram 1	1	1063.415997396	1063.425330729	22000.000	38000.000	0.2143
363	Waveform 1	1	1064.133997396	1064.158664062	22000.000	38000.000	0.2973
363	Spectrogram 1	1	1064.133997396	1064.158664062	22000.000	38000.000	0.2973
364	Waveform 1	1	1064.319997396	1064.322664062	22000.000	38000.000	1.0000
364	Spectrogram 1	1	1064.319997396	1064.322664062	22000.000	38000.000	1.0000
365	Waveform 1	1	1064.617330729	1064.639330729	22000.000	38000.000	0.1818
365	Spectrogram 1	1	1064.617330729	1064.639330729	22000.000	38000.000	0.1818
366	Waveform 1	1	1065.345330729	1065.361997396	22000.000	38000.000	0.1600
366	Spectrogram 1	1	1065.345330729	1065.361997396	22000.000	38000.000	0.1600
367	Waveform 1	1	1066.761330729	1066.762664062	22000.000	38000.000	1.0000
367	Spectrogram 1	1	1066.761330729	1066.762664062	22000.000	38000.000	1.0000
368	Waveform 1	1	1067.453330729	1067.459330729	22000.000	38000.000	0.3333
368	Spectrogram 1	1	1067.453330729	1067.459330729	22000.000	38000.000	0.3333
369	Waveform 1	1	1068.553330729	1068.566664062	22000.000	38000.000	0.3000
369	Spectrogram 1	1	1068.553330729	1068.566664062	22000.000	38000.000	0.3000
370	Waveform 1	1	1171.105997396	1171.116664062	22000.000	38000.000	0.3125
370	Spectrogram 1	1	1171.105997396	1171.116664062	22000.000	38000.000	0.3125
371	Waveform 1	1	1171.736664063	1171.740664062	22000.000	38000.000	0.3333
371	Spectrogram 1	1	1171.736664063	1171.740664062	22000.000	38000.000	0.3333
372	Waveform 1	1	1236.433330729	1236.441997396	22000.000	38000.000	0.2308
372	Spectrogram 1	1	1236.433330729	1236.441997396	22000.000	38000.000	0.2308
373	Waveform 1	1	1236.686664062	1236.709997396	22000.000	38000.000	0.2571
373	Spectrogram 1	1	1236.686664062	1236.709997396	22000.000	38000.000	0.2571
374	Waveform 1	1	1238.171997396	1238.190664062	22000.000	38000.000	0.3571
374	Spectrogram 1	1	1238.171997396	1238.190664062	22000.000	38000.000	0.3571
375	Waveform 1	1	1238.961330729	1238.979997396	22000.000	38000.000	0.1429
375	Spectrogram 1	1	1238.961330729	1238.979997396	22000.000	38000.000	0.1429
376	Waveform 1	1	1240.085330729	1240.095997396	22000.000	38000.000	0.6250
376	Spectrogram 1	1	1240.085330729	1240.095997396	22000.000	38000.000	0.6250
377	Waveform 1	1	1294.966664062	1294.975330729	22000.000	38000.000	0.2308
377	Spectrogram 1	1	1294.966664062	1294.975330729	22000.000	38000.000	0.2308
378	Waveform 1	1	1313.648664062	1313.653997396	22000.000	38000.000	0.3750
378	Spectrogram 1	1	1313.648664062	1313.653997396	22000.000	38000.000	0.3750
379	Waveform 1	1	1314.558664062	1314.560664062	22000.000	38000.000	1.0000
379	Spectrogram 1	1	1314.558664062	1314.560664062	22000.000	38000.000	1.0000
380	Waveform 1	1	1315.245997396	1315.259997396	22000.000	38000.000	0.3333
380	Spectrogram 1	1	1315.245997396	1315.259997396	22000.000	38000.000	0.3333
381	Waveform 1	1	1325.508664062	1325.509997396	22000.000	38000.000	1.0000
381	Spectrogram 1	1	1325.508664062	1325.509997396	22000.000	38000.000	1.0000
382	Waveform 1	1	1328.927330729	1328.934664062	22000.000	38000.000	0.6364
382	Spectrogram 1	1	1328.927330729	1328.934664062	22000.000	38000.000	0.6364
383	Waveform 1	1	1330.847330729	1330.863330729	22000.000	38000.000	0.5417
383	Spectrogram 1	1	1330.847330729	1330.863330729	22000.000	38000.000	0.5417
384	Waveform 1	1	1331.643330729	1331.662664062	22000.000	38000.000	0.3103
384	Spectrogram 1	1	1331.643330729	1331.662664062	22000.000	38000.000	0.3103
385	Waveform 1	1	1332.681997396	1332.709330729	22000.000	38000.000	0.3415
385	Spectrogram 1	1	1332.681997396	1332.709330729	22000.000	38000.000	0.3415
386	Waveform 1	1	1333.717997396	1333.735330729	22000.000	38000.000	0.3077
386	Spectrogram 1	1	1333.717997396	1333.735330729	22000.000	38000.000	0.3077
387	Waveform 1	1	1334.645997396	1334.647330729	22000.000	38000.000	1.0000
387	Spectrogram 1	1	1334.645997396	1334.647330729	22000.000	38000.000	1.0000
388	Waveform 1	1	1348.055997396	1348.057330729	22000.000	38000.000	1.0000
388	Spectrogram 1	1	1348.055997396	1348.057330729	22000.000	38000.000	1.0000
389	Waveform 1	1	1348.773997396	1348.777997396	22000.000	38000.000	0.5000
389	Spectrogram 1	1	1348.773997396	1348.777997396	22000.000	38000.000	0.5000
390	Waveform 1	1	1350.257330729	1350.261330729	22000.000	38000.000	0.3333
390	Spectrogram 1	1	1350.257330729	1350.261330729	22000.000	38000.000	0.3333
391	Waveform 1	1	1350.994664062	1351.011330729	22000.000	38000.000	0.2400
391	Spectrogram 1	1	1350.994664062	1351.011330729	22000.000	38000.000	0.2400
392	Waveform 1	1	1351.237330729	1351.247330729	22000.000	38000.000	0.4667
392	Spectrogram 1	1	1351.237330729	1351.247330729	22000.000	38000.000	0.4667
393	Waveform 1	1	1351.735330729	1351.749330729	22000.000	38000.000	0.3810
393	Spectrogram 1	1	1351.735330729	1351.749330729	22000.000	38000.000	0.3810
394	Waveform 1	1	1352.603997396	1352.615997396	22000.000	38000.000	0.2222
394	Spectrogram 1	1	1352.603997396	1352.615997396	22000.000	38000.000	0.2222
395	Waveform 1	1	1353.488664062	1353.493330729	22000.000	38000.000	0.4286
395	Spectrogram 1	1	1353.488664062	1353.493330729	22000.000	38000.000	0.4286
396	Waveform 1	1	1353.685997396	1353.693997396	22000.000	38000.000	0.3333
396	Spectrogram 1	1	1353.685997396	1353.693997396	22000.000	38000.000	0.3333
397	Waveform 1	1	1354.125997396	1354.127330729	22000.000	38000.000	1.0000
397	Spectrogram 1	1	1354.125997396	1354.127330729	22000.000	38000.000	1.0000
398	Waveform 1	1	1355.023997396	1355.037997396	22000.000	38000.000	0.2857
398	Spectrogram 1	1	1355.023997396	1355.037997396	22000.000	38000.000	0.2857
399	Waveform 1	1	1355.534664063	1355.553330729	22000.000	38000.000	0.4643
399	Spectrogram 1	1	1355.534664063	1355.553330729	22000.000	38000.000	0.4643
400	Waveform 1	1	1356.379330729	1356.388664062	22000.000	38000.000	0.2857
400	Spectrogram 1	1	1356.379330729	1356.388664062	22000.000	38000.000	0.2857
401	Waveform 1	1	1356.963997396	1356.988664062	22000.000	38000.000	0.0811
401	Spectrogram 1	1	1356.963997396	1356.988664062	22000.000	38000.000	0.0811
402	Waveform 1	1	1357.563330729	1357.600664062	22000.000	38000.000	0.1071
402	Spectrogram 1	1	1357.563330729	1357.600664062	22000.000	38000.000	0.1071
403	Waveform 1	1	1380.693330729	1380.707330729	22000.000	38000.000	0.3333
403	Spectrogram 1	1	1380.693330729	1380.707330729	22000.000	38000.000	0.3333
404	Waveform 1	1	1381.063330729	1381.075330729	22000.000	38000.000	0.1667
404	Spectrogram 1	1	1381.063330729	1381.075330729	22000.000	38000.000	0.1667
405	Waveform 1	1	1382.013330729	1382.018664062	22000.000	38000.000	0.3750
405	Spectrogram 1	1	1382.013330729	1382.018664062	22000.000	38000.000	0.3750
406	Waveform 1	1	1382.370664062	1382.373997396	22000.000	38000.000	0.8000
406	Spectrogram 1	1	1382.370664062	1382.373997396	22000.000	38000.000	0.8000
407	Waveform 1	1	1382.920664063	1382.925330729	22000.000	38000.000	0.7143
407	Spectrogram 1	1	1382.920664063	1382.925330729	22000.000	38000.000	0.7143
408	Waveform 1	1	1406.601330729	1406.605997396	22000.000	38000.000	0.2857
408	Spectrogram 1	1	1406.601330729	1406.605997396	22000.000	38000.000	0.2857
409	Waveform 1	1	1429.258664062	1429.269330729	22000.000	38000.000	0.1250
409	Spectrogram 1	1	1429.258664062	1429.269330729	22000.000	38000.000	0.1250
410	Waveform 1	1	1452.288664062	1452.298664062	22000.000	38000.000	0.2667
410	Spectrogram 1	1	1452.288664062	1452.298664062	22000.000	38000.000	0.2667
411	Waveform 1	1	1452.677997396	1452.685997396	22000.000	38000.000	0.3333
411	Spectrogram 1	1	1452.677997396	1452.685997396	22000.000	38000.000	0.3333
412	Waveform 1	1	1453.467997396	1453.474664062	22000.000	38000.000	0.2000
412	Spectrogram 1	1	1453.467997396	1453.474664062	22000.000	38000.000	0.2000
413	Waveform 1	1	1458.293330729	1458.297997396	22000.000	38000.000	0.5714
413	Spectrogram 1	1	1458.293330729	1458.297997396	22000.000	38000.000	0.5714
414	Waveform 1	1	1458.861997396	1458.877997396	22000.000	38000.000	0.2917
414	Spectrogram 1	1	1458.861997396	1458.877997396	22000.000	38000.000	0.2917
415	Waveform 1	1	1459.996664063	1460.019330729	22000.000	38000.000	0.2059
415	Spectrogram 1	1	1459.996664063	1460.019330729	22000.000	38000.000	0.2059
416	Waveform 1	1	1460.437997396	1460.469330729	22000.000	38000.000	0.4894
416	Spectrogram 1	1	1460.437997396	1460.469330729	22000.000	38000.000	0.4894
417	Waveform 1	1	1461.223997396	1461.263330729	22000.000	38000.000	0.3559
417	Spectrogram 1	1	1461.223997396	1461.263330729	22000.000	38000.000	0.3559
418	Waveform 1	1	1462.139330729	1462.167330729	22000.000	38000.000	0.4762
418	Spectrogram 1	1	1462.139330729	1462.167330729	22000.000	38000.000	0.4762
419	Waveform 1	1	1463.056664062	1463.095997396	22000.000	38000.000	0.2881
419	Spectrogram 1	1	1463.056664062	1463.095997396	22000.000	38000.000	0.2881
420	Waveform 1	1	1463.986664063	1464.028664062	22000.000	38000.000	0.1587
420	Spectrogram 1	1	1463.986664063	1464.028664062	22000.000	38000.000	0.1587
421	Waveform 1	1	1464.219997396	1464.259330729	22000.000	38000.000	0.2203
421	Spectrogram 1	1	1464.219997396	1464.259330729	22000.000	38000.000	0.2203
422	Waveform 1	1	1464.915330729	1464.965997396	22000.000	38000.000	0.2237
422	Spectrogram 1	1	1464.915330729	1464.965997396	22000.000	38000.000	0.2237
423	Waveform 1	1	1465.681330729	1465.687330729	22000.000	38000.000	0.3333
423	Spectrogram 1	1	1465.681330729	1465.687330729	22000.000	38000.000	0.3333
424	Waveform 1	1	1466.081997396	1466.101330729	22000.000	38000.000	0.2414
424	Spectrogram 1	1	1466.081997396	1466.101330729	22000.000	38000.000	0.2414
425	Waveform 1	1	1466.771997396	1466.809997396	22000.000	38000.000	0.2456
425	Spectrogram 1	1	1466.771997396	1466.809997396	22000.000	38000.000	0.2456
426	Waveform 1	1	1467.578664062	1467.621997396	22000.000	38000.000	0.2462
426	Spectrogram 1	1	1467.578664062	1467.621997396	22000.000	38000.000	0.2462
427	Waveform 1	1	1468.407330729	1468.441330729	22000.000	38000.000	0.1569
427	Spectrogram 1	1	1468.407330729	1468.441330729	22000.000	38000.000	0.1569
428	Waveform 1	1	1469.249330729	1469.265997396	22000.000	38000.000	0.4800
428	Spectrogram 1	1	1469.249330729	1469.265997396	22000.000	38000.000	0.4800
429	Waveform 1	1	1469.591997396	1469.608664062	22000.000	38000.000	0.2400
429	Spectrogram 1	1	1469.591997396	1469.608664062	22000.000	38000.000	0.2400
430	Waveform 1	1	1470.277997396	1470.289997396	22000.000	38000.000	0.3333
430	Spectrogram 1	1	1470.277997396	1470.289997396	22000.000	38000.000	0.3333
431	Waveform 1	1	1471.707330729	1471.716664062	22000.000	38000.000	0.1429
431	Spectrogram 1	1	1471.707330729	1471.716664062	22000.000	38000.000	0.1429
432	Waveform 1	1	1475.523997396	1475.527330729	22000.000	38000.000	0.8000
432	Spectrogram 1	1	1475.523997396	1475.527330729	22000.000	38000.000	0.8000
433	Waveform 1	1	1505.850664062	1505.857330729	22000.000	38000.000	0.5000
433	Spectrogram 1	1	1505.850664062	1505.857330729	22000.000	38000.000	0.5000
434	Waveform 1	1	1506.812664062	1506.824664063	22000.000	38000.000	0.2778
434	Spectrogram 1	1	1506.812664062	1506.824664063	22000.000	38000.000	0.2778
435	Waveform 1	1	1507.625330729	1507.638664062	22000.000	38000.000	0.1500
435	Spectrogram 1	1	1507.625330729	1507.638664062	22000.000	38000.000	0.1500
436	Waveform 1	1	1508.597997396	1508.610664062	22000.000	38000.000	0.3158
436	Spectrogram 1	1	1508.597997396	1508.610664062	22000.000	38000.000	0.3158
437	Waveform 1	1	1508.836664062	1508.853330729	22000.000	38000.000	0.3200
437	Spectrogram 1	1	1508.836664062	1508.853330729	22000.000	38000.000	0.3200
438	Waveform 1	1	1509.451997396	1509.455997396	22000.000	38000.000	0.5000
438	Spectrogram 1	1	1509.451997396	1509.455997396	22000.000	38000.000	0.5000
439	Waveform 1	1	1614.963997396	1614.966664062	22000.000	38000.000	1.0000
439	Spectrogram 1	1	1614.963997396	1614.966664062	22000.000	38000.000	1.0000
440	Waveform 1	1	1712.241997396	1712.247997396	22000.000	38000.000	0.2222
440	Spectrogram 1	1	1712.241997396	1712.247997396	22000.000	38000.000	0.2222
441	Waveform 1	1	1712.753997396	1712.755997396	22000.000	38000.000	1.0000
441	Spectrogram 1	1	1712.753997396	1712.755997396	22000.000	38000.000	1.0000
442	Waveform 1	1	1713.097997396	1713.099330729	22000.000	38000.000	1.0000
442	Spectrogram 1	1	1713.097997396	1713.099330729	22000.000	38000.000	1.0000
443	Waveform 1	1	1713.545330729	1713.549997396	22000.000	38000.000	0.5714
443	Spectrogram 1	1	1713.545330729	1713.549997396	22000.000	38000.000	0.5714
444	Waveform 1	1	1713.665997396	1713.670664063	22000.000	38000.000	0.2857
444	Spectrogram 1	1	1713.665997396	1713.670664063	22000.000	38000.000	0.2857
