Selection	View	Channel	Begin Time (s)	End Time (s)	Low Freq (Hz)	High Freq (Hz)	Occupancy
1	Waveform 1	1	0.110664063	0.141330729	22000.000	38000.000	0.1304
1	Spectrogram 1	1	0.110664063	0.141330729	22000.000	38000.000	0.1304
2	Waveform 1	1	0.978664062	1.012664063	22000.000	38000.000	0.1569
2	Spectrogram 1	1	0.978664062	1.012664063	22000.000	38000.000	0.1569
3	Waveform 1	1	2.141997396	2.165997396	22000.000	38000.000	0.1944
3	Spectrogram 1	1	2.141997396	2.165997396	22000.000	38000.000	0.1944
4	Waveform 1	1	3.135997396	3.161330729	22000.000	38000.000	0.1316
4	Spectrogram 1	1	3.135997396	3.161330729	22000.000	38000.000	0.1316
5	Waveform 1	1	3.705330729	3.715997396	22000.000	38000.000	0.3125
5	Spectrogram 1	1	3.705330729	3.715997396	22000.000	38000.000	0.3125
6	Waveform 1	1	4.426664063	4.437997396	22000.000	38000.000	0.2941
6	Spectrogram 1	1	4.426664063	4.437997396	22000.000	38000.000	0.2941
7	Waveform 1	1	5.272664063	5.277997396	22000.000	38000.000	0.3750
7	Spectrogram 1	1	5.272664063	5.277997396	22000.000	38000.000	0.3750
8	Waveform 1	1	19.167997396	19.176664062	22000.000	38000.000	0.2308
8	Spectrogram 1	1	19.167997396	19.176664062	22000.000	38000.000	0.2308
9	Waveform 1	1	20.934664063	20.961997396	22000.000	38000.000	0.0732
9	Spectrogram 1	1	20.934664063	20.961997396	22000.000	38000.000	0.0732
10	Waveform 1	1	21.537330729	21.557997396	22000.000	38000.000	0.2581
10	Spectrogram 1	1	21.537330729	21.557997396	22000.000	38000.000	0.2581
11	Waveform 1	1	21.820664063	21.859997396	22000.000	38000.000	0.2203
11	Spectrogram 1	1	21.820664063	21.859997396	22000.000	38000.000	0.2203
12	Waveform 1	1	22.261997396	22.273997396	22000.000	38000.000	0.3333
12	Spectrogram 1	1	22.261997396	22.273997396	22000.000	38000.000	0.3333
13	Waveform 1	1	23.566664062	23.569330729	22000.000	38000.000	0.5000
13	Spectrogram 1	1	23.566664062	23.569330729	22000.000	38000.000	0.5000
14	Waveform 1	1	25.821330729	25.823997396	22000.000	38000.000	0.5000
14	Spectrogram 1	1	25.821330729	25.823997396	22000.000	38000.000	0.5000
15	Waveform 1	1	49.875330729	49.877330729	22000.000	38000.000	1.0000
15	Spectrogram 1	1	49.875330729	49.877330729	22000.000	38000.000	1.0000
16	Waveform 1	1	57.031997396	57.043330729	22000.000	38000.000	0.1176
16	Spectrogram 1	1	57.031997396	57.043330729	22000.000	38000.000	0.1176
17	Waveform 1	1	58.123330729	58.126664062	22000.000	38000.000	0.4000
17	Spectrogram 1	1	58.123330729	58.126664062	22000.000	38000.000	0.4000
18	Waveform 1	1	58.801997396	58.805997396	22000.000	38000.000	0.6667
18	Spectrogram 1	1	58.801997396	58.805997396	22000.000	38000.000	0.6667
19	Waveform 1	1	59.058664063	59.068664062	22000.000	38000.000	0.4000
19	Spectrogram 1	1	59.058664063	59.068664062	22000.000	38000.000	0.4000
20	Waveform 1	1	59.588664063	59.593330729	22000.000	38000.000	0.4286
20	Spectrogram 1	1	59.588664063	59.593330729	22000.000	38000.000	0.4286
21	Waveform 1	1	59.985997396	59.996664063	22000.000	38000.000	0.2500
21	Spectrogram 1	1	59.985997396	59.996664063	22000.000	38000.000	0.2500
22	Waveform 1	1	60.510664062	60.521330729	22000.000	38000.000	0.3750
22	Spectrogram 1	1	60.510664062	60.521330729	22000.000	38000.000	0.3750
23	Waveform 1	1	61.476664062	61.499997396	22000.000	38000.000	0.1429
23	Spectrogram 1	1	61.476664062	61.499997396	22000.000	38000.000	0.1429
24	Waveform 1	1	61.641330729	61.653330729	22000.000	38000.000	0.3889
24	Spectrogram 1	1	61.641330729	61.653330729	22000.000	38000.000	0.3889
25	Waveform 1	1	63.052664062	63.053997396	22000.000	38000.000	1.0000
25	Spectrogram 1	1	63.052664062	63.053997396	22000.000	38000.000	1.0000
26	Waveform 1	1	95.310664062	95.312664062	22000.000	38000.000	1.0000
26	Spectrogram 1	1	95.310664062	95.312664062	22000.000	38000.000	1.0000
27	Waveform 1	1	99.317330729	99.318664062	22000.000	38000.000	1.0000
27	Spectrogram 1	1	99.317330729	99.318664062	22000.000	38000.000	1.0000
28	Waveform 1	1	100.113330729	100.123330729	22000.000	38000.000	0.1333
28	Spectrogram 1	1	100.113330729	100.123330729	22000.000	38000.000	0.1333
29	Waveform 1	1	100.650664062	100.667330729	22000.000	38000.000	0.0800
29	Spectrogram 1	1	100.650664062	100.667330729	22000.000	38000.000	0.0800
30	Waveform 1	1	101.188664062	101.201997396	22000.000	38000.000	0.2000
30	Spectrogram 1	1	101.188664062	101.201997396	22000.000	38000.000	0.2000
31	Waveform 1	1	101.736664062	101.745997396	22000.000	38000.000	0.2857
31	Spectrogram 1	1	101.736664062	101.745997396	22000.000	38000.000	0.2857
32	Waveform 1	1	102.269997396	102.272664062	22000.000	38000.000	0.7500
32	Spectrogram 1	1	102.269997396	102.272664062	22000.000	38000.000	0.7500
33	Waveform 1	1	102.787997396	102.809330729	22000.000	38000.000	0.1250
33	Spectrogram 1	1	102.787997396	102.809330729	22000.000	38000.000	0.1250
34	Waveform 1	1	103.325997396	103.335997396	22000.000	38000.000	0.2000
34	Spectrogram 1	1	103.325997396	103.335997396	22000.000	38000.000	0.2000
35	Waveform 1	1	103.867997396	103.884664062	22000.000	38000.000	0.3200
35	Spectrogram 1	1	103.867997396	103.884664062	22000.000	38000.000	0.3200
36	Waveform 1	1	105.715997396	105.729330729	22000.000	38000.000	0.1000
36	Spectrogram 1	1	105.715997396	105.729330729	22000.000	38000.000	0.1000
37	Waveform 1	1	106.117997396	106.120664062	22000.000	38000.000	0.5000
37	Spectrogram 1	1	106.117997396	106.120664062	22000.000	38000.000	0.5000
38	Waveform 1	1	106.544664062	106.547997396	22000.000	38000.000	0.6000
38	Spectrogram 1	1	106.544664062	106.547997396	22000.000	38000.000	0.6000
39	Waveform 1	1	170.258664063	170.268664062	22000.000	38000.000	0.2000
39	Spectrogram 1	1	170.258664063	170.268664062	22000.000	38000.000	0.2000
40	Waveform 1	1	185.994664062	186.001330729	22000.000	38000.000	0.3000
40	Spectrogram 1	1	185.994664062	186.001330729	22000.000	38000.000	0.3000
41	Waveform 1	1	196.763997396	196.765997396	22000.000	38000.000	0.6667
41	Spectrogram 1	1	196.763997396	196.765997396	22000.000	38000.000	0.6667
42	Waveform 1	1	197.483997396	197.488664062	22000.000	38000.000	0.2857
42	Spectrogram 1	1	197.483997396	197.488664062	22000.000	38000.000	0.2857
43	Waveform 1	1	207.877330729	207.888664062	22000.000	38000.000	0.2353
43	Spectrogram 1	1	207.877330729	207.888664062	22000.000	38000.000	0.2353
44	Waveform 1	1	209.033330729	209.058664062	22000.000	38000.000	0.1053
44	Spectrogram 1	1	209.033330729	209.058664062	22000.000	38000.000	0.1053
45	Waveform 1	1	215.647997396	215.656664062	22000.000	38000.000	0.1538
45	Spectrogram 1	1	215.647997396	215.656664062	22000.000	38000.000	0.1538
46	Waveform 1	1	241.847330729	241.850664062	22000.000	38000.000	0.4000
46	Spectrogram 1	1	241.847330729	241.850664062	22000.000	38000.000	0.4000
47	Waveform 1	1	243.589330729	243.601330729	22000.000	38000.000	0.2778
47	Spectrogram 1	1	243.589330729	243.601330729	22000.000	38000.000	0.2778
48	Waveform 1	1	244.255997396	244.262664062	22000.000	38000.000	0.2000
48	Spectrogram 1	1	244.255997396	244.262664062	22000.000	38000.000	0.2000
49	Waveform 1	1	244.779997396	244.784664062	22000.000	38000.000	0.2857
49	Spectrogram 1	1	244.779997396	244.784664062	22000.000	38000.000	0.2857
50	Waveform 1	1	265.601330729	265.602664062	22000.000	38000.000	1.0000
50	Spectrogram 1	1	265.601330729	265.602664062	22000.000	38000.000	1.0000
51	Waveform 1	1	269.025330729	269.048664062	22000.000	38000.000	0.1429
51	Spectrogram 1	1	269.025330729	269.048664062	22000.000	38000.000	0.1429
52	Waveform 1	1	270.213997396	270.224664062	22000.000	38000.000	0.2500
52	Spectrogram 1	1	270.213997396	270.224664062	22000.000	38000.000	0.2500
53	Waveform 1	1	270.936664062	270.961330729	22000.000	38000.000	0.4054
53	Spectrogram 1	1	270.936664062	270.961330729	22000.000	38000.000	0.4054
54	Waveform 1	1	273.393330729	273.395997396	22000.000	38000.000	0.5000
54	Spectrogram 1	1	273.393330729	273.395997396	22000.000	38000.000	0.5000
55	Waveform 1	1	273.949330729	273.973330729	22000.000	38000.000	0.1667
55	Spectrogram 1	1	273.949330729	273.973330729	22000.000	38000.000	0.1667
56	Waveform 1	1	287.567330729	287.573330729	22000.000	38000.000	0.4444
56	Spectrogram 1	1	287.567330729	287.573330729	22000.000	38000.000	0.4444
57	Waveform 1	1	291.627330729	291.635997396	22000.000	38000.000	0.3077
57	Spectrogram 1	1	291.627330729	291.635997396	22000.000	38000.000	0.3077
58	Waveform 1	1	292.000664062	292.011330729	22000.000	38000.000	0.2500
58	Spectrogram 1	1	292.000664062	292.011330729	22000.000	38000.000	0.2500
59	Waveform 1	1	301.609997396	301.626664062	22000.000	38000.000	0.1200
59	Spectrogram 1	1	301.609997396	301.626664062	22000.000	38000.000	0.1200
60	Waveform 1	1	303.383997396	303.400664062	22000.000	38000.000	0.2000
60	Spectrogram 1	1	303.383997396	303.400664062	22000.000	38000.000	0.2000
61	Waveform 1	1	303.647330729	303.656664062	22000.000	38000.000	0.2857
61	Spectrogram 1	1	303.647330729	303.656664062	22000.000	38000.000	0.2857
62	Waveform 1	1	303.911997396	303.919997396	22000.000	38000.000	0.1667
62	Spectrogram 1	1	303.911997396	303.919997396	22000.000	38000.000	0.1667
63	Waveform 1	1	304.320664062	304.356664062	22000.000	38000.000	0.2407
63	Spectrogram 1	1	304.320664062	304.356664062	22000.000	38000.000	0.2407
64	Waveform 1	1	304.476664062	304.505997396	22000.000	38000.000	0.1364
64	Spectrogram 1	1	304.476664062	304.505997396	22000.000	38000.000	0.1364
65	Waveform 1	1	304.630664062	304.649997396	22000.000	38000.000	0.3103
65	Spectrogram 1	1	304.630664062	304.649997396	22000.000	38000.000	0.3103
66	Waveform 1	1	304.880664062	304.910664063	22000.000	38000.000	0.2000
66	Spectrogram 1	1	304.880664062	304.910664063	22000.000	38000.000	0.2000
67	Waveform 1	1	305.114664062	305.149330729	22000.000	38000.000	0.1923
67	Spectrogram 1	1	305.114664062	305.149330729	22000.000	38000.000	0.1923
68	Waveform 1	1	305.501330729	305.539997396	22000.000	38000.000	0.2931
68	Spectrogram 1	1	305.501330729	305.539997396	22000.000	38000.000	0.2931
69	Waveform 1	1	305.895997396	305.927997396	22000.000	38000.000	0.1667
69	Spectrogram 1	1	305.895997396	305.927997396	22000.000	38000.000	0.1667
70	Waveform 1	1	306.429330729	306.450664062	22000.000	38000.000	0.1875
70	Spectrogram 1	1	306.429330729	306.450664062	22000.000	38000.000	0.1875
71	Waveform 1	1	307.080664062	307.096664062	22000.000	38000.000	0.2917
71	Spectrogram 1	1	307.080664062	307.096664062	22000.000	38000.000	0.2917
72	Waveform 1	1	307.769330729	307.787997396	22000.000	38000.000	0.1786
72	Spectrogram 1	1	307.769330729	307.787997396	22000.000	38000.000	0.1786
73	Waveform 1	1	309.019997396	309.024664062	22000.000	38000.000	0.4286
73	Spectrogram 1	1	309.019997396	309.024664062	22000.000	38000.000	0.4286
74	Waveform 1	1	309.841330729	309.843997396	22000.000	38000.000	1.0000
74	Spectrogram 1	1	309.841330729	309.843997396	22000.000	38000.000	1.0000
75	Waveform 1	1	310.265997396	310.267997396	22000.000	38000.000	0.6667
75	Spectrogram 1	1	310.265997396	310.267997396	22000.000	38000.000	0.6667
76	Waveform 1	1	310.725330729	310.727330729	22000.000	38000.000	1.0000
76	Spectrogram 1	1	310.725330729	310.727330729	22000.000	38000.000	1.0000
77	Waveform 1	1	311.797330729	311.803330729	22000.000	38000.000	0.2222
77	Spectrogram 1	1	311.797330729	311.803330729	22000.000	38000.000	0.2222
78	Waveform 1	1	312.052664063	312.055997396	22000.000	38000.000	0.4000
78	Spectrogram 1	1	312.052664063	312.055997396	22000.000	38000.000	0.4000
79	Waveform 1	1	312.365330729	312.369997396	22000.000	38000.000	0.4286
79	Spectrogram 1	1	312.365330729	312.369997396	22000.000	38000.000	0.4286
80	Waveform 1	1	312.638664062	312.650664062	22000.000	38000.000	0.2222
80	Spectrogram 1	1	312.638664062	312.650664062	22000.000	38000.000	0.2222
81	Waveform 1	1	313.093330729	313.109330729	22000.000	38000.000	0.1667
81	Spectrogram 1	1	313.093330729	313.109330729	22000.000	38000.000	0.1667
82	Waveform 1	1	313.382664062	313.400664062	22000.000	38000.000	0.1852
82	Spectrogram 1	1	313.382664062	313.400664062	22000.000	38000.000	0.1852
83	Waveform 1	1	313.541330729	313.559330729	22000.000	38000.000	0.2593
83	Spectrogram 1	1	313.541330729	313.559330729	22000.000	38000.000	0.2593
84	Waveform 1	1	313.826664063	313.853330729	22000.000	38000.000	0.1750
84	Spectrogram 1	1	313.826664063	313.853330729	22000.000	38000.000	0.1750
85	Waveform 1	1	314.152664062	314.177330729	22000.000	38000.000	0.3784
85	Spectrogram 1	1	314.152664062	314.177330729	22000.000	38000.000	0.3784
86	Waveform 1	1	314.311330729	314.316664062	22000.000	38000.000	0.6250
86	Spectrogram 1	1	314.311330729	314.316664062	22000.000	38000.000	0.6250
87	Waveform 1	1	314.890664062	314.899997396	22000.000	38000.000	0.2857
87	Spectrogram 1	1	314.890664062	314.899997396	22000.000	38000.000	0.2857
88	Waveform 1	1	315.187330729	315.195997396	22000.000	38000.000	0.3077
88	Spectrogram 1	1	315.187330729	315.195997396	22000.000	38000.000	0.3077
89	Waveform 1	1	315.474664062	315.545997396	22000.000	38000.000	0.0748
89	Spectrogram 1	1	315.474664062	315.545997396	22000.000	38000.000	0.0748
90	Waveform 1	1	315.772664062	315.789330729	22000.000	38000.000	0.4000
90	Spectrogram 1	1	315.772664062	315.789330729	22000.000	38000.000	0.4000
91	Waveform 1	1	315.899997396	315.917997396	22000.000	38000.000	0.2222
91	Spectrogram 1	1	315.899997396	315.917997396	22000.000	38000.000	0.2222
92	Waveform 1	1	316.265997396	316.275997396	22000.000	38000.000	0.2667
92	Spectrogram 1	1	316.265997396	316.275997396	22000.000	38000.000	0.2667
93	Waveform 1	1	317.301997396	317.317330729	22000.000	38000.000	0.1739
93	Spectrogram 1	1	317.301997396	317.317330729	22000.000	38000.000	0.1739
94	Waveform 1	1	317.449997396	317.481997396	22000.000	38000.000	0.2083
94	Spectrogram 1	1	317.449997396	317.481997396	22000.000	38000.000	0.2083
95	Waveform 1	1	317.720664063	317.747330729	22000.000	38000.000	0.2250
95	Spectrogram 1	1	317.720664063	317.747330729	22000.000	38000.000	0.2250
96	Waveform 1	1	317.967997396	318.060664062	22000.000	38000.000	0.1295
96	Spectrogram 1	1	317.967997396	318.060664062	22000.000	38000.000	0.1295
97	Waveform 1	1	318.328664062	318.377330729	22000.000	38000.000	0.1918
97	Spectrogram 1	1	318.328664062	318.377330729	22000.000	38000.000	0.1918
98	Waveform 1	1	319.101330729	319.102664062	22000.000	38000.000	1.0000
98	Spectrogram 1	1	319.101330729	319.102664062	22000.000	38000.000	1.0000
99	Waveform 1	1	319.176664062	319.190664062	22000.000	38000.000	0.1429
99	Spectrogram 1	1	319.176664062	319.190664062	22000.000	38000.000	0.1429
100	Waveform 1	1	319.459330729	319.468664063	22000.000	38000.000	0.2143
100	Spectrogram 1	1	319.459330729	319.468664063	22000.000	38000.000	0.2143
101	Waveform 1	1	319.649330729	319.650664062	22000.000	38000.000	1.0000
101	Spectrogram 1	1	319.649330729	319.650664062	22000.000	38000.000	1.0000
102	Waveform 1	1	319.749997396	319.809997396	22000.000	38000.000	0.1889
102	Spectrogram 1	1	319.749997396	319.809997396	22000.000	38000.000	0.1889
103	Waveform 1	1	319.917330729	319.963997396	22000.000	38000.000	0.2429
103	Spectrogram 1	1	319.917330729	319.963997396	22000.000	38000.000	0.2429
104	Waveform 1	1	320.193330729	320.234664062	22000.000	38000.000	0.1290
104	Spectrogram 1	1	320.193330729	320.234664062	22000.000	38000.000	0.1290
105	Waveform 1	1	320.476664062	320.489997396	22000.000	38000.000	0.1500
105	Spectrogram 1	1	320.476664062	320.489997396	22000.000	38000.000	0.1500
106	Waveform 1	1	320.632664062	320.673330729	22000.000	38000.000	0.2131
106	Spectrogram 1	1	320.632664062	320.673330729	22000.000	38000.000	0.2131
107	Waveform 1	1	320.884664063	320.941997396	22000.000	38000.000	0.0930
107	Spectrogram 1	1	320.884664063	320.941997396	22000.000	38000.000	0.0930
108	Waveform 1	1	321.204664063	321.231997396	22000.000	38000.000	0.2439
108	Spectrogram 1	1	321.204664063	321.231997396	22000.000	38000.000	0.2439
109	Waveform 1	1	321.485330729	321.513997396	22000.000	38000.000	0.1628
109	Spectrogram 1	1	321.485330729	321.513997396	22000.000	38000.000	0.1628
110	Waveform 1	1	321.929330729	321.934664063	22000.000	38000.000	0.5000
110	Spectrogram 1	1	321.929330729	321.934664063	22000.000	38000.000	0.5000
111	Waveform 1	1	322.072664062	322.093997396	22000.000	38000.000	0.1562
111	Spectrogram 1	1	322.072664062	322.093997396	22000.000	38000.000	0.1562
112	Waveform 1	1	322.200664062	322.263997396	22000.000	38000.000	0.0737
112	Spectrogram 1	1	322.200664062	322.263997396	22000.000	38000.000	0.0737
113	Waveform 1	1	322.343330729	322.429997396	22000.000	38000.000	0.0846
113	Spectrogram 1	1	322.343330729	322.429997396	22000.000	38000.000	0.0846
114	Waveform 1	1	322.728664063	322.781330729	22000.000	38000.000	0.2025
114	Spectrogram 1	1	322.728664063	322.781330729	22000.000	38000.000	0.2025
115	Waveform 1	1	323.311997396	323.316664062	22000.000	38000.000	0.4286
115	Spectrogram 1	1	323.311997396	323.316664062	22000.000	38000.000	0.4286
116	Waveform 1	1	323.469997396	323.547330729	22000.000	38000.000	0.0948
116	Spectrogram 1	1	323.469997396	323.547330729	22000.000	38000.000	0.0948
117	Waveform 1	1	323.901997396	323.903330729	22000.000	38000.000	1.0000
117	Spectrogram 1	1	323.901997396	323.903330729	22000.000	38000.000	1.0000
118	Waveform 1	1	324.167997396	324.208664063	22000.000	38000.000	0.1311
118	Spectrogram 1	1	324.167997396	324.208664063	22000.000	38000.000	0.1311
119	Waveform 1	1	324.729997396	324.784664062	22000.000	38000.000	0.1463
119	Spectrogram 1	1	324.729997396	324.784664062	22000.000	38000.000	0.1463
120	Waveform 1	1	325.098664063	325.103997396	22000.000	38000.000	0.2500
120	Spectrogram 1	1	325.098664063	325.103997396	22000.000	38000.000	0.2500
121	Waveform 1	1	325.284664062	325.338664063	22000.000	38000.000	0.1852
121	Spectrogram 1	1	325.284664062	325.338664063	22000.000	38000.000	0.1852
122	Waveform 1	1	325.479997396	325.489330729	22000.000	38000.000	0.2143
122	Spectrogram 1	1	325.479997396	325.489330729	22000.000	38000.000	0.2143
123	Waveform 1	1	325.586664063	325.675330729	22000.000	38000.000	0.1203
123	Spectrogram 1	1	325.586664063	325.675330729	22000.000	38000.000	0.1203
124	Waveform 1	1	325.867330729	325.879330729	22000.000	38000.000	0.2222
124	Spectrogram 1	1	325.867330729	325.879330729	22000.000	38000.000	0.2222
125	Waveform 1	1	326.145330729	326.249330729	22000.000	38000.000	0.1282
125	Spectrogram 1	1	326.145330729	326.249330729	22000.000	38000.000	0.1282
126	Waveform 1	1	326.438664062	326.449330729	22000.000	38000.000	0.1250
126	Spectrogram 1	1	326.438664062	326.449330729	22000.000	38000.000	0.1250
127	Waveform 1	1	326.705330729	326.807997396	22000.000	38000.000	0.0974
127	Spectrogram 1	1	326.705330729	326.807997396	22000.000	38000.000	0.0974
128	Waveform 1	1	327.165330729	327.177997396	22000.000	38000.000	0.3684
128	Spectrogram 1	1	327.165330729	327.177997396	22000.000	38000.000	0.3684
129	Waveform 1	1	327.438664062	327.472664062	22000.000	38000.000	0.2549
129	Spectrogram 1	1	327.438664062	327.472664062	22000.000	38000.000	0.2549
130	Waveform 1	1	327.625330729	327.637997396	22000.000	38000.000	0.1579
130	Spectrogram 1	1	327.625330729	327.637997396	22000.000	38000.000	0.1579
131	Waveform 1	1	328.007997396	328.039330729	22000.000	38000.000	0.2128
131	Spectrogram 1	1	328.007997396	328.039330729	22000.000	38000.000	0.2128
132	Waveform 1	1	329.925330729	329.942664063	22000.000	38000.000	0.1923
132	Spectrogram 1	1	329.925330729	329.942664063	22000.000	38000.000	0.1923
133	Waveform 1	1	330.481330729	330.519997396	22000.000	38000.000	0.2241
133	Spectrogram 1	1	330.481330729	330.519997396	22000.000	38000.000	0.2241
134	Waveform 1	1	331.163330729	331.167330729	22000.000	38000.000	0.6667
134	Spectrogram 1	1	331.163330729	331.167330729	22000.000	38000.000	0.6667
135	Waveform 1	1	331.420664063	331.461330729	22000.000	38000.000	0.4590
135	Spectrogram 1	1	331.420664063	331.461330729	22000.000	38000.000	0.4590
136	Waveform 1	1	332.065997396	332.141997396	22000.000	38000.000	0.1842
136	Spectrogram 1	1	332.065997396	332.141997396	22000.000	38000.000	0.1842
137	Waveform 1	1	332.650664062	332.703997396	22000.000	38000.000	0.1250
137	Spectrogram 1	1	332.650664062	332.703997396	22000.000	38000.000	0.1250
138	Waveform 1	1	333.218664063	333.237997396	22000.000	38000.000	0.2414
138	Spectrogram 1	1	333.218664063	333.237997396	22000.000	38000.000	0.2414
139	Waveform 1	1	333.785997396	333.787997396	22000.000	38000.000	1.0000
139	Spectrogram 1	1	333.785997396	333.787997396	22000.000	38000.000	1.0000
140	Waveform 1	1	333.934664063	333.963330729	22000.000	38000.000	0.1395
140	Spectrogram 1	1	333.934664063	333.963330729	22000.000	38000.000	0.1395
141	Waveform 1	1	334.807997396	334.812664063	22000.000	38000.000	0.2857
141	Spectrogram 1	1	334.807997396	334.812664063	22000.000	38000.000	0.2857
142	Waveform 1	1	335.283997396	335.289330729	22000.000	38000.000	0.2500
142	Spectrogram 1	1	335.283997396	335.289330729	22000.000	38000.000	0.2500
143	Waveform 1	1	337.399330729	337.401997396	22000.000	38000.000	0.5000
143	Spectrogram 1	1	337.399330729	337.401997396	22000.000	38000.000	0.5000
144	Waveform 1	1	337.711330729	337.717997396	22000.000	38000.000	0.2000
144	Spectrogram 1	1	337.711330729	337.717997396	22000.000	38000.000	0.2000
145	Waveform 1	1	338.296664062	338.308664062	22000.000	38000.000	0.2778
145	Spectrogram 1	1	338.296664062	338.308664062	22000.000	38000.000	0.2778
146	Waveform 1	1	338.881330729	338.895330729	22000.000	38000.000	0.1905
146	Spectrogram 1	1	338.881330729	338.895330729	22000.000	38000.000	0.1905
147	Waveform 1	1	339.036664062	339.053330729	22000.000	38000.000	0.2000
147	Spectrogram 1	1	339.036664062	339.053330729	22000.000	38000.000	0.2000
148	Waveform 1	1	340.395997396	340.414664062	22000.000	38000.000	0.2500
148	Spectrogram 1	1	340.395997396	340.414664062	22000.000	38000.000	0.2500
149	Waveform 1	1	340.865997396	340.870664062	22000.000	38000.000	0.5714
149	Spectrogram 1	1	340.865997396	340.870664062	22000.000	38000.000	0.5714
150	Waveform 1	1	341.456664063	341.483330729	22000.000	38000.000	0.3000
150	Spectrogram 1	1	341.456664063	341.483330729	22000.000	38000.000	0.3000
151	Waveform 1	1	341.606664062	341.641997396	22000.000	38000.000	0.3396
151	Spectrogram 1	1	341.606664062	341.641997396	22000.000	38000.000	0.3396
152	Waveform 1	1	341.777330729	341.781330729	22000.000	38000.000	0.3333
152	Spectrogram 1	1	341.777330729	341.781330729	22000.000	38000.000	0.3333
153	Waveform 1	1	341.940664062	341.948664062	22000.000	38000.000	0.7500
153	Spectrogram 1	1	341.940664062	341.948664062	22000.000	38000.000	0.7500
154	Waveform 1	1	342.088664063	342.099330729	22000.000	38000.000	0.2500
154	Spectrogram 1	1	342.088664063	342.099330729	22000.000	38000.000	0.2500
155	Waveform 1	1	342.506664062	342.535997396	22000.000	38000.000	0.1364
155	Spectrogram 1	1	342.506664062	342.535997396	22000.000	38000.000	0.1364
156	Waveform 1	1	342.629997396	342.643997396	22000.000	38000.000	0.0952
156	Spectrogram 1	1	342.629997396	342.643997396	22000.000	38000.000	0.0952
157	Waveform 1	1	344.670664063	344.675997396	22000.000	38000.000	0.2500
157	Spectrogram 1	1	344.670664063	344.675997396	22000.000	38000.000	0.2500
158	Waveform 1	1	345.283997396	345.289330729	22000.000	38000.000	0.2500
158	Spectrogram 1	1	345.283997396	345.289330729	22000.000	38000.000	0.2500
159	Waveform 1	1	348.080664062	348.081997396	22000.000	38000.000	1.0000
159	Spectrogram 1	1	348.080664062	348.081997396	22000.000	38000.000	1.0000
160	Waveform 1	1	352.055997396	352.062664063	22000.000	38000.000	0.3000
160	Spectrogram 1	1	352.055997396	352.062664063	22000.000	38000.000	0.3000
161	Waveform 1	1	352.654664062	352.655997396	22000.000	38000.000	1.0000
161	Spectrogram 1	1	352.654664062	352.655997396	22000.000	38000.000	1.0000
162	Waveform 1	1	353.253330729	353.270664062	22000.000	38000.000	0.3077
162	Spectrogram 1	1	353.253330729	353.270664062	22000.000	38000.000	0.3077
163	Waveform 1	1	353.560664062	353.567997396	22000.000	38000.000	0.2727
163	Spectrogram 1	1	353.560664062	353.567997396	22000.000	38000.000	0.2727
164	Waveform 1	1	354.004664063	354.019997396	22000.000	38000.000	0.2609
164	Spectrogram 1	1	354.004664063	354.019997396	22000.000	38000.000	0.2609
165	Waveform 1	1	354.591330729	354.603997396	22000.000	38000.000	0.2105
165	Spectrogram 1	1	354.591330729	354.603997396	22000.000	38000.000	0.2105
166	Waveform 1	1	354.776664063	354.779330729	22000.000	38000.000	0.5000
166	Spectrogram 1	1	354.776664063	354.779330729	22000.000	38000.000	0.5000
167	Waveform 1	1	355.366664062	355.377330729	22000.000	38000.000	0.3750
167	Spectrogram 1	1	355.366664062	355.377330729	22000.000	38000.000	0.3750
168	Waveform 1	1	355.994664063	356.007330729	22000.000	38000.000	0.1053
168	Spectrogram 1	1	355.994664063	356.007330729	22000.000	38000.000	0.1053
169	Waveform 1	1	356.615330729	356.617997396	22000.000	38000.000	0.5000
169	Spectrogram 1	1	356.615330729	356.617997396	22000.000	38000.000	0.5000
170	Waveform 1	1	356.785330729	356.802664063	22000.000	38000.000	0.2308
170	Spectrogram 1	1	356.785330729	356.802664063	22000.000	38000.000	0.2308
171	Waveform 1	1	357.351330729	357.369330729	22000.000	38000.000	0.2222
171	Spectrogram 1	1	357.351330729	357.369330729	22000.000	38000.000	0.2222
172	Waveform 1	1	358.120664062	358.128664062	22000.000	38000.000	0.2500
172	Spectrogram 1	1	358.120664062	358.128664062	22000.000	38000.000	0.2500
173	Waveform 1	1	364.163330729	364.175997396	22000.000	38000.000	0.3158
173	Spectrogram 1	1	364.163330729	364.175997396	22000.000	38000.000	0.3158
174	Waveform 1	1	366.056664062	366.063997396	22000.000	38000.000	0.3636
174	Spectrogram 1	1	366.056664062	366.063997396	22000.000	38000.000	0.3636
175	Waveform 1	1	379.557997396	379.559330729	22000.000	38000.000	1.0000
175	Spectrogram 1	1	379.557997396	379.559330729	22000.000	38000.000	1.0000
176	Waveform 1	1	380.742664063	380.743997396	22000.000	38000.000	1.0000
176	Spectrogram 1	1	380.742664063	380.743997396	22000.000	38000.000	1.0000
177	Waveform 1	1	381.025330729	381.036664062	22000.000	38000.000	0.2353
177	Spectrogram 1	1	381.025330729	381.036664062	22000.000	38000.000	0.2353
178	Waveform 1	1	381.591997396	381.595997396	22000.000	38000.000	0.5000
178	Spectrogram 1	1	381.591997396	381.595997396	22000.000	38000.000	0.5000
179	Waveform 1	1	382.193997396	382.195330729	22000.000	38000.000	1.0000
179	Spectrogram 1	1	382.193997396	382.195330729	22000.000	38000.000	1.0000
180	Waveform 1	1	388.831330729	388.832664062	22000.000	38000.000	1.0000
180	Spectrogram 1	1	388.831330729	388.832664062	22000.000	38000.000	1.0000
181	Waveform 1	1	389.563997396	389.569997396	22000.000	38000.000	0.3333
181	Spectrogram 1	1	389.563997396	389.569997396	22000.000	38000.000	0.3333
182	Waveform 1	1	390.323330729	390.333997396	22000.000	38000.000	0.1250
182	Spectrogram 1	1	390.323330729	390.333997396	22000.000	38000.000	0.1250
183	Waveform 1	1	390.893330729	390.914664062	22000.000	38000.000	0.2812
183	Spectrogram 1	1	390.893330729	390.914664062	22000.000	38000.000	0.2812
184	Waveform 1	1	391.908664063	391.922664063	22000.000	38000.000	0.4286
184	Spectrogram 1	1	391.908664063	391.922664063	22000.000	38000.000	0.4286
185	Waveform 1	1	392.503997396	392.536664062	22000.000	38000.000	0.0816
185	Spectrogram 1	1	392.503997396	392.536664062	22000.000	38000.000	0.0816
186	Waveform 1	1	393.086664063	393.109330729	22000.000	38000.000	0.2353
186	Spectrogram 1	1	393.086664063	393.109330729	22000.000	38000.000	0.2353
187	Waveform 1	1	393.664664062	393.688664062	22000.000	38000.000	0.2778
187	Spectrogram 1	1	393.664664062	393.688664062	22000.000	38000.000	0.2778
188	Waveform 1	1	393.834664062	393.869997396	22000.000	38000.000	0.2075
188	Spectrogram 1	1	393.834664062	393.869997396	22000.000	38000.000	0.2075
189	Waveform 1	1	394.571330729	394.598664063	22000.000	38000.000	0.2683
189	Spectrogram 1	1	394.571330729	394.598664063	22000.000	38000.000	0.2683
190	Waveform 1	1	395.135997396	395.163997396	22000.000	38000.000	0.2381
190	Spectrogram 1	1	395.135997396	395.163997396	22000.000	38000.000	0.2381
191	Waveform 1	1	395.727997396	395.748664062	22000.000	38000.000	0.1613
191	Spectrogram 1	1	395.727997396	395.748664062	22000.000	38000.000	0.1613
192	Waveform 1	1	396.303330729	396.329997396	22000.000	38000.000	0.1250
192	Spectrogram 1	1	396.303330729	396.329997396	22000.000	38000.000	0.1250
193	Waveform 1	1	396.879997396	396.907997396	22000.000	38000.000	0.1667
193	Spectrogram 1	1	396.879997396	396.907997396	22000.000	38000.000	0.1667
194	Waveform 1	1	408.678664062	408.694664063	22000.000	38000.000	0.2500
194	Spectrogram 1	1	408.678664062	408.694664063	22000.000	38000.000	0.2500
195	Waveform 1	1	409.205330729	409.211997396	22000.000	38000.000	0.3000
195	Spectrogram 1	1	409.205330729	409.211997396	22000.000	38000.000	0.3000
196	Waveform 1	1	412.013997396	412.015330729	22000.000	38000.000	1.0000
196	Spectrogram 1	1	412.013997396	412.015330729	22000.000	38000.000	1.0000
197	Waveform 1	1	412.816664062	412.823997396	22000.000	38000.000	0.2727
197	Spectrogram 1	1	412.816664062	412.823997396	22000.000	38000.000	0.2727
198	Waveform 1	1	413.286664062	413.289330729	22000.000	38000.000	0.7500
198	Spectrogram 1	1	413.286664062	413.289330729	22000.000	38000.000	0.7500
199	Waveform 1	1	414.079997396	414.113330729	22000.000	38000.000	0.1200
199	Spectrogram 1	1	414.079997396	414.113330729	22000.000	38000.000	0.1200
200	Waveform 1	1	414.607330729	414.615997396	22000.000	38000.000	0.2308
200	Spectrogram 1	1	414.607330729	414.615997396	22000.000	38000.000	0.2308
201	Waveform 1	1	414.699997396	414.725330729	22000.000	38000.000	0.1579
201	Spectrogram 1	1	414.699997396	414.725330729	22000.000	38000.000	0.1579
202	Waveform 1	1	414.869997396	414.874664063	22000.000	38000.000	0.5714
202	Spectrogram 1	1	414.869997396	414.874664063	22000.000	38000.000	0.5714
203	Waveform 1	1	415.043330729	415.128664062	22000.000	38000.000	0.0859
203	Spectrogram 1	1	415.043330729	415.128664062	22000.000	38000.000	0.0859
204	Waveform 1	1	415.506664062	415.521330729	22000.000	38000.000	0.2727
204	Spectrogram 1	1	415.506664062	415.521330729	22000.000	38000.000	0.2727
205	Waveform 1	1	415.935997396	415.961330729	22000.000	38000.000	0.2632
205	Spectrogram 1	1	415.935997396	415.961330729	22000.000	38000.000	0.2632
206	Waveform 1	1	416.171330729	416.179997396	22000.000	38000.000	0.3077
206	Spectrogram 1	1	416.171330729	416.179997396	22000.000	38000.000	0.3077
207	Waveform 1	1	416.565997396	416.591330729	22000.000	38000.000	0.0789
207	Spectrogram 1	1	416.565997396	416.591330729	22000.000	38000.000	0.0789
208	Waveform 1	1	416.840664062	416.859330729	22000.000	38000.000	0.2143
208	Spectrogram 1	1	416.840664062	416.859330729	22000.000	38000.000	0.2143
209	Waveform 1	1	417.107330729	417.122664063	22000.000	38000.000	0.2609
209	Spectrogram 1	1	417.107330729	417.122664063	22000.000	38000.000	0.2609
210	Waveform 1	1	417.659330729	417.661997396	22000.000	38000.000	0.5000
210	Spectrogram 1	1	417.659330729	417.661997396	22000.000	38000.000	0.5000
211	Waveform 1	1	417.773997396	417.779997396	22000.000	38000.000	0.3333
211	Spectrogram 1	1	417.773997396	417.779997396	22000.000	38000.000	0.3333
212	Waveform 1	1	417.903997396	417.953997396	22000.000	38000.000	0.1333
212	Spectrogram 1	1	417.903997396	417.953997396	22000.000	38000.000	0.1333
213	Waveform 1	1	418.153330729	418.178664062	22000.000	38000.000	0.2105
213	Spectrogram 1	1	418.153330729	418.178664062	22000.000	38000.000	0.2105
214	Waveform 1	1	418.309330729	418.333997396	22000.000	38000.000	0.1081
214	Spectrogram 1	1	418.309330729	418.333997396	22000.000	38000.000	0.1081
215	Waveform 1	1	418.441997396	418.480664063	22000.000	38000.000	0.3103
215	Spectrogram 1	1	418.441997396	418.480664063	22000.000	38000.000	0.3103
216	Waveform 1	1	418.556664062	418.591997396	22000.000	38000.000	0.1509
216	Spectrogram 1	1	418.556664062	418.591997396	22000.000	38000.000	0.1509
217	Waveform 1	1	418.751330729	418.834664062	22000.000	38000.000	0.0800
217	Spectrogram 1	1	418.751330729	418.834664062	22000.000	38000.000	0.0800
218	Waveform 1	1	419.043997396	419.116664062	22000.000	38000.000	0.0734
218	Spectrogram 1	1	419.043997396	419.116664062	22000.000	38000.000	0.0734
219	Waveform 1	1	419.196664063	419.203330729	22000.000	38000.000	0.3000
219	Spectrogram 1	1	419.196664063	419.203330729	22000.000	38000.000	0.3000
220	Waveform 1	1	419.329997396	419.389330729	22000.000	38000.000	0.2022
220	Spectrogram 1	1	419.329997396	419.389330729	22000.000	38000.000	0.2022
221	Waveform 1	1	419.837330729	419.869997396	22000.000	38000.000	0.2857
221	Spectrogram 1	1	419.837330729	419.869997396	22000.000	38000.000	0.2857
222	Waveform 1	1	420.006664062	420.017330729	22000.000	38000.000	0.1250
222	Spectrogram 1	1	420.006664062	420.017330729	22000.000	38000.000	0.1250
223	Waveform 1	1	420.121997396	420.201997396	22000.000	38000.000	0.1417
223	Spectrogram 1	1	420.121997396	420.201997396	22000.000	38000.000	0.1417
224	Waveform 1	1	420.337330729	420.419997396	22000.000	38000.000	0.2097
224	Spectrogram 1	1	420.337330729	420.419997396	22000.000	38000.000	0.2097
225	Waveform 1	1	420.509330729	420.521997396	22000.000	38000.000	0.2632
225	Spectrogram 1	1	420.509330729	420.521997396	22000.000	38000.000	0.2632
226	Waveform 1	1	420.655330729	420.686664062	22000.000	38000.000	0.1702
226	Spectrogram 1	1	420.655330729	420.686664062	22000.000	38000.000	0.1702
227	Waveform 1	1	420.913330729	420.984664062	22000.000	38000.000	0.1776
227	Spectrogram 1	1	420.913330729	420.984664062	22000.000	38000.000	0.1776
228	Waveform 1	1	421.123997396	421.193997396	22000.000	38000.000	0.1714
228	Spectrogram 1	1	421.123997396	421.193997396	22000.000	38000.000	0.1714
229	Waveform 1	1	421.594664062	421.599997396	22000.000	38000.000	0.5000
229	Spectrogram 1	1	421.594664062	421.599997396	22000.000	38000.000	0.5000
230	Waveform 1	1	421.747997396	421.783330729	22000.000	38000.000	0.3208
230	Spectrogram 1	1	421.747997396	421.783330729	22000.000	38000.000	0.3208
231	Waveform 1	1	424.333997396	424.348664063	22000.000	38000.000	0.3182
231	Spectrogram 1	1	424.333997396	424.348664063	22000.000	38000.000	0.3182
232	Waveform 1	1	424.810664062	424.821997396	22000.000	38000.000	0.1176
232	Spectrogram 1	1	424.810664062	424.821997396	22000.000	38000.000	0.1176
233	Waveform 1	1	425.279997396	425.297330729	22000.000	38000.000	0.1923
233	Spectrogram 1	1	425.279997396	425.297330729	22000.000	38000.000	0.1923
234	Waveform 1	1	426.455330729	426.459997396	22000.000	38000.000	0.2857
234	Spectrogram 1	1	426.455330729	426.459997396	22000.000	38000.000	0.2857
235	Waveform 1	1	433.621997396	433.623330729	22000.000	38000.000	1.0000
235	Spectrogram 1	1	433.621997396	433.623330729	22000.000	38000.000	1.0000
236	Waveform 1	1	434.469997396	434.472664062	22000.000	38000.000	0.5000
236	Spectrogram 1	1	434.469997396	434.472664062	22000.000	38000.000	0.5000
237	Waveform 1	1	436.229330729	436.233997396	22000.000	38000.000	0.5714
237	Spectrogram 1	1	436.229330729	436.233997396	22000.000	38000.000	0.5714
238	Waveform 1	1	438.424664062	438.428664062	22000.000	38000.000	0.3333
238	Spectrogram 1	1	438.424664062	438.428664062	22000.000	38000.000	0.3333
239	Waveform 1	1	438.843330729	438.852664062	22000.000	38000.000	0.4286
239	Spectrogram 1	1	438.843330729	438.852664062	22000.000	38000.000	0.4286
240	Waveform 1	1	439.389997396	439.393330729	22000.000	38000.000	0.4000
240	Spectrogram 1	1	439.389997396	439.393330729	22000.000	38000.000	0.4000
241	Waveform 1	1	440.017997396	440.019997396	22000.000	38000.000	0.6667
241	Spectrogram 1	1	440.017997396	440.019997396	22000.000	38000.000	0.6667
242	Waveform 1	1	440.270664062	440.289997396	22000.000	38000.000	0.2414
242	Spectrogram 1	1	440.270664062	440.289997396	22000.000	38000.000	0.2414
243	Waveform 1	1	440.548664062	440.563997396	22000.000	38000.000	0.2609
243	Spectrogram 1	1	440.548664062	440.563997396	22000.000	38000.000	0.2609
244	Waveform 1	1	442.924664062	442.941997396	22000.000	38000.000	0.0769
244	Spectrogram 1	1	442.924664062	442.941997396	22000.000	38000.000	0.0769
245	Waveform 1	1	443.179330729	443.199330729	22000.000	38000.000	0.2000
245	Spectrogram 1	1	443.179330729	443.199330729	22000.000	38000.000	0.2000
246	Waveform 1	1	443.602664062	443.604664062	22000.000	38000.000	1.0000
246	Spectrogram 1	1	443.602664062	443.604664062	22000.000	38000.000	1.0000
247	Waveform 1	1	443.867330729	443.871330729	22000.000	38000.000	0.3333
247	Spectrogram 1	1	443.867330729	443.871330729	22000.000	38000.000	0.3333
248	Waveform 1	1	444.284664062	444.321997396	22000.000	38000.000	0.1250
248	Spectrogram 1	1	444.284664062	444.321997396	22000.000	38000.000	0.1250
249	Waveform 1	1	444.829997396	444.874664063	22000.000	38000.000	0.0746
249	Spectrogram 1	1	444.829997396	444.874664063	22000.000	38000.000	0.0746
250	Waveform 1	1	444.996664062	445.079330729	22000.000	38000.000	0.0887
250	Spectrogram 1	1	444.996664062	445.079330729	22000.000	38000.000	0.0887
251	Waveform 1	1	445.857997396	445.869997396	22000.000	38000.000	0.3333
251	Spectrogram 1	1	445.857997396	445.869997396	22000.000	38000.000	0.3333
252	Waveform 1	1	446.083330729	446.089330729	22000.000	38000.000	0.4444
252	Spectrogram 1	1	446.083330729	446.089330729	22000.000	38000.000	0.4444
253	Waveform 1	1	446.361330729	446.413330729	22000.000	38000.000	0.1538
253	Spectrogram 1	1	446.361330729	446.413330729	22000.000	38000.000	0.1538
254	Waveform 1	1	446.626664062	446.681330729	22000.000	38000.000	0.1463
254	Spectrogram 1	1	446.626664062	446.681330729	22000.000	38000.000	0.1463
255	Waveform 1	1	447.795330729	447.855330729	22000.000	38000.000	0.1222
255	Spectrogram 1	1	447.795330729	447.855330729	22000.000	38000.000	0.1222
256	Waveform 1	1	447.953997396	448.007997396	22000.000	38000.000	0.1605
256	Spectrogram 1	1	447.953997396	448.007997396	22000.000	38000.000	0.1605
257	Waveform 1	1	449.085997396	449.151997396	22000.000	38000.000	0.0707
257	Spectrogram 1	1	449.085997396	449.151997396	22000.000	38000.000	0.0707
258	Waveform 1	1	449.829330729	449.841997396	22000.000	38000.000	0.1579
258	Spectrogram 1	1	449.829330729	449.841997396	22000.000	38000.000	0.1579
259	Waveform 1	1	450.089997396	450.134664063	22000.000	38000.000	0.1045
259	Spectrogram 1	1	450.089997396	450.134664063	22000.000	38000.000	0.1045
260	Waveform 1	1	450.478664063	450.554664062	22000.000	38000.000	0.0702
260	Spectrogram 1	1	450.478664063	450.554664062	22000.000	38000.000	0.0702
261	Waveform 1	1	451.034664062	451.036664062	22000.000	38000.000	0.6667
261	Spectrogram 1	1	451.034664062	451.036664062	22000.000	38000.000	0.6667
262	Waveform 1	1	451.345330729	451.356664062	22000.000	38000.000	0.1176
262	Spectrogram 1	1	451.345330729	451.356664062	22000.000	38000.000	0.1176
263	Waveform 1	1	451.590664062	451.659997396	22000.000	38000.000	0.0769
263	Spectrogram 1	1	451.590664062	451.659997396	22000.000	38000.000	0.0769
264	Waveform 1	1	452.403330729	452.434664063	22000.000	38000.000	0.1064
264	Spectrogram 1	1	452.403330729	452.434664063	22000.000	38000.000	0.1064
265	Waveform 1	1	453.259330729	453.292664062	22000.000	38000.000	0.1000
265	Spectrogram 1	1	453.259330729	453.292664062	22000.000	38000.000	0.1000
266	Waveform 1	1	453.555997396	453.611330729	22000.000	38000.000	0.1084
266	Spectrogram 1	1	453.555997396	453.611330729	22000.000	38000.000	0.1084
267	Waveform 1	1	453.839997396	453.865997396	22000.000	38000.000	0.1282
267	Spectrogram 1	1	453.839997396	453.865997396	22000.000	38000.000	0.1282
268	Waveform 1	1	454.276664063	454.282664062	22000.000	38000.000	0.4444
268	Spectrogram 1	1	454.276664063	454.282664062	22000.000	38000.000	0.4444
269	Waveform 1	1	455.840664062	455.844664062	22000.000	38000.000	0.3333
269	Spectrogram 1	1	455.840664062	455.844664062	22000.000	38000.000	0.3333
270	Waveform 1	1	456.400664062	456.416664062	22000.000	38000.000	0.0833
270	Spectrogram 1	1	456.400664062	456.416664062	22000.000	38000.000	0.0833
271	Waveform 1	1	456.957330729	456.979997396	22000.000	38000.000	0.0882
271	Spectrogram 1	1	456.957330729	456.979997396	22000.000	38000.000	0.0882
272	Waveform 1	1	459.054664062	459.057330729	22000.000	38000.000	0.5000
272	Spectrogram 1	1	459.054664062	459.057330729	22000.000	38000.000	0.5000
273	Waveform 1	1	459.613330729	459.623330729	22000.000	38000.000	0.4000
273	Spectrogram 1	1	459.613330729	459.623330729	22000.000	38000.000	0.4000
274	Waveform 1	1	459.891997396	459.897997396	22000.000	38000.000	0.3333
274	Spectrogram 1	1	459.891997396	459.897997396	22000.000	38000.000	0.3333
275	Waveform 1	1	460.165997396	460.181330729	22000.000	38000.000	0.3478
275	Spectrogram 1	1	460.165997396	460.181330729	22000.000	38000.000	0.3478
276	Waveform 1	1	460.600664063	460.624664063	22000.000	38000.000	0.2500
276	Spectrogram 1	1	460.600664063	460.624664063	22000.000	38000.000	0.2500
277	Waveform 1	1	461.163997396	461.182664063	22000.000	38000.000	0.2143
277	Spectrogram 1	1	461.163997396	461.182664063	22000.000	38000.000	0.2143
278	Waveform 1	1	464.197997396	464.199330729	22000.000	38000.000	1.0000
278	Spectrogram 1	1	464.197997396	464.199330729	22000.000	38000.000	1.0000
279	Waveform 1	1	464.710664062	464.721330729	22000.000	38000.000	0.1875
279	Spectrogram 1	1	464.710664062	464.721330729	22000.000	38000.000	0.1875
280	Waveform 1	1	468.530664062	468.541330729	22000.000	38000.000	0.1875
280	Spectrogram 1	1	468.530664062	468.541330729	22000.000	38000.000	0.1875
281	Waveform 1	1	468.813330729	468.815997396	22000.000	38000.000	1.0000
281	Spectrogram 1	1	468.813330729	468.815997396	22000.000	38000.000	1.0000
282	Waveform 1	1	469.085997396	469.103997396	22000.000	38000.000	0.2593
282	Spectrogram 1	1	469.085997396	469.103997396	22000.000	38000.000	0.2593
283	Waveform 1	1	469.651997396	469.666664062	22000.000	38000.000	0.1364
283	Spectrogram 1	1	469.651997396	469.666664062	22000.000	38000.000	0.1364
284	Waveform 1	1	469.810664062	469.823330729	22000.000	38000.000	0.3684
284	Spectrogram 1	1	469.810664062	469.823330729	22000.000	38000.000	0.3684
285	Waveform 1	1	469.991997396	470.007330729	22000.000	38000.000	0.3478
285	Spectrogram 1	1	469.991997396	470.007330729	22000.000	38000.000	0.3478
286	Waveform 1	1	479.771997396	479.773330729	22000.000	38000.000	1.0000
286	Spectrogram 1	1	479.771997396	479.773330729	22000.000	38000.000	1.0000
287	Waveform 1	1	480.669330729	480.673330729	22000.000	38000.000	0.3333
287	Spectrogram 1	1	480.669330729	480.673330729	22000.000	38000.000	0.3333
288	Waveform 1	1	481.073997396	481.083330729	22000.000	38000.000	0.3571
288	Spectrogram 1	1	481.073997396	481.083330729	22000.000	38000.000	0.3571
289	Waveform 1	1	481.328664062	481.331330729	22000.000	38000.000	0.5000
289	Spectrogram 1	1	481.328664062	481.331330729	22000.000	38000.000	0.5000
290	Waveform 1	1	481.722664062	481.755330729	22000.000	38000.000	0.1020
290	Spectrogram 1	1	481.722664062	481.755330729	22000.000	38000.000	0.1020
291	Waveform 1	1	481.995330729	482.003997396	22000.000	38000.000	0.2308
291	Spectrogram 1	1	481.995330729	482.003997396	22000.000	38000.000	0.2308
292	Waveform 1	1	482.250664062	482.259330729	22000.000	38000.000	0.1538
292	Spectrogram 1	1	482.250664062	482.259330729	22000.000	38000.000	0.1538
293	Waveform 1	1	482.535330729	482.548664062	22000.000	38000.000	0.2500
293	Spectrogram 1	1	482.535330729	482.548664062	22000.000	38000.000	0.2500
294	Waveform 1	1	483.083997396	483.109997396	22000.000	38000.000	0.1282
294	Spectrogram 1	1	483.083997396	483.109997396	22000.000	38000.000	0.1282
295	Waveform 1	1	484.330664062	484.356664062	22000.000	38000.000	0.0769
295	Spectrogram 1	1	484.330664062	484.356664062	22000.000	38000.000	0.0769
296	Waveform 1	1	484.623330729	484.633330729	22000.000	38000.000	0.2000
296	Spectrogram 1	1	484.623330729	484.633330729	22000.000	38000.000	0.2000
297	Waveform 1	1	484.905997396	484.907330729	22000.000	38000.000	1.0000
297	Spectrogram 1	1	484.905997396	484.907330729	22000.000	38000.000	1.0000
298	Waveform 1	1	485.187997396	485.211997396	22000.000	38000.000	0.0833
298	Spectrogram 1	1	485.187997396	485.211997396	22000.000	38000.000	0.0833
299	Waveform 1	1	485.455997396	485.496664062	22000.000	38000.000	0.0820
299	Spectrogram 1	1	485.455997396	485.496664062	22000.000	38000.000	0.0820
300	Waveform 1	1	485.711997396	485.735330729	22000.000	38000.000	0.0857
300	Spectrogram 1	1	485.711997396	485.735330729	22000.000	38000.000	0.0857
301	Waveform 1	1	486.093997396	486.105997396	22000.000	38000.000	0.2778
301	Spectrogram 1	1	486.093997396	486.105997396	22000.000	38000.000	0.2778
302	Waveform 1	1	486.391997396	486.393997396	22000.000	38000.000	1.0000
302	Spectrogram 1	1	486.391997396	486.393997396	22000.000	38000.000	1.0000
303	Waveform 1	1	486.542664062	486.565997396	22000.000	38000.000	0.1429
303	Spectrogram 1	1	486.542664062	486.565997396	22000.000	38000.000	0.1429
304	Waveform 1	1	487.823997396	487.835997396	22000.000	38000.000	0.2778
304	Spectrogram 1	1	487.823997396	487.835997396	22000.000	38000.000	0.2778
305	Waveform 1	1	488.421330729	488.437330729	22000.000	38000.000	0.0833
305	Spectrogram 1	1	488.421330729	488.437330729	22000.000	38000.000	0.0833
306	Waveform 1	1	493.404664062	493.406664062	22000.000	38000.000	0.6667
306	Spectrogram 1	1	493.404664062	493.406664062	22000.000	38000.000	0.6667
307	Waveform 1	1	493.566664062	493.567997396	22000.000	38000.000	1.0000
307	Spectrogram 1	1	493.566664062	493.567997396	22000.000	38000.000	1.0000
308	Waveform 1	1	493.925997396	493.934664063	22000.000	38000.000	0.3077
308	Spectrogram 1	1	493.925997396	493.934664063	22000.000	38000.000	0.3077
309	Waveform 1	1	494.181330729	494.184664063	22000.000	38000.000	0.6000
309	Spectrogram 1	1	494.181330729	494.184664063	22000.000	38000.000	0.6000
310	Waveform 1	1	494.443997396	494.449997396	22000.000	38000.000	0.6667
310	Spectrogram 1	1	494.443997396	494.449997396	22000.000	38000.000	0.6667
311	Waveform 1	1	494.617997396	494.644664062	22000.000	38000.000	0.1250
311	Spectrogram 1	1	494.617997396	494.644664062	22000.000	38000.000	0.1250
312	Waveform 1	1	494.779330729	494.781997396	22000.000	38000.000	0.7500
312	Spectrogram 1	1	494.779330729	494.781997396	22000.000	38000.000	0.7500
313	Waveform 1	1	495.039330729	495.062664063	22000.000	38000.000	0.1143
313	Spectrogram 1	1	495.039330729	495.062664063	22000.000	38000.000	0.1143
314	Waveform 1	1	496.247997396	496.253330729	22000.000	38000.000	0.2500
314	Spectrogram 1	1	496.247997396	496.253330729	22000.000	38000.000	0.2500
315	Waveform 1	1	497.297330729	497.307997396	22000.000	38000.000	0.5000
315	Spectrogram 1	1	497.297330729	497.307997396	22000.000	38000.000	0.5000
316	Waveform 1	1	498.242664063	498.245330729	22000.000	38000.000	0.7500
316	Spectrogram 1	1	498.242664063	498.245330729	22000.000	38000.000	0.7500
317	Waveform 1	1	498.406664062	498.410664063	22000.000	38000.000	0.3333
317	Spectrogram 1	1	498.406664062	498.410664063	22000.000	38000.000	0.3333
318	Waveform 1	1	500.956664063	500.958664063	22000.000	38000.000	1.0000
318	Spectrogram 1	1	500.956664063	500.958664063	22000.000	38000.000	1.0000
319	Waveform 1	1	501.217997396	501.234664062	22000.000	38000.000	0.0800
319	Spectrogram 1	1	501.217997396	501.234664062	22000.000	38000.000	0.0800
320	Waveform 1	1	502.285997396	502.303997396	22000.000	38000.000	0.4444
320	Spectrogram 1	1	502.285997396	502.303997396	22000.000	38000.000	0.4444
321	Waveform 1	1	502.450664062	502.473330729	22000.000	38000.000	0.2059
321	Spectrogram 1	1	502.450664062	502.473330729	22000.000	38000.000	0.2059
322	Waveform 1	1	503.101997396	503.121330729	22000.000	38000.000	0.2069
322	Spectrogram 1	1	503.101997396	503.121330729	22000.000	38000.000	0.2069
323	Waveform 1	1	503.759997396	503.767997396	22000.000	38000.000	0.3333
323	Spectrogram 1	1	503.759997396	503.767997396	22000.000	38000.000	0.3333
324	Waveform 1	1	514.670664063	514.671997396	22000.000	38000.000	1.0000
324	Spectrogram 1	1	514.670664063	514.671997396	22000.000	38000.000	1.0000
325	Waveform 1	1	524.506664063	524.515330729	22000.000	38000.000	0.3077
325	Spectrogram 1	1	524.506664063	524.515330729	22000.000	38000.000	0.3077
326	Waveform 1	1	525.246664063	525.250664063	22000.000	38000.000	0.5000
326	Spectrogram 1	1	525.246664063	525.250664063	22000.000	38000.000	0.5000
327	Waveform 1	1	525.901330729	525.907330729	22000.000	38000.000	0.3333
327	Spectrogram 1	1	525.901330729	525.907330729	22000.000	38000.000	0.3333
328	Waveform 1	1	526.583330729	526.627330729	22000.000	38000.000	0.1364
328	Spectrogram 1	1	526.583330729	526.627330729	22000.000	38000.000	0.1364
329	Waveform 1	1	527.515997396	527.518664063	22000.000	38000.000	1.0000
329	Spectrogram 1	1	527.515997396	527.518664063	22000.000	38000.000	1.0000
330	Waveform 1	1	528.583997396	528.604664063	22000.000	38000.000	0.0968
330	Spectrogram 1	1	528.583997396	528.604664063	22000.000	38000.000	0.0968
331	Waveform 1	1	530.419330729	530.420664063	22000.000	38000.000	1.0000
331	Spectrogram 1	1	530.419330729	530.420664063	22000.000	38000.000	1.0000
332	Waveform 1	1	531.662664063	531.666664063	22000.000	38000.000	0.6667
332	Spectrogram 1	1	531.662664063	531.666664063	22000.000	38000.000	0.6667
333	Waveform 1	1	532.119330729	532.120664063	22000.000	38000.000	1.0000
333	Spectrogram 1	1	532.119330729	532.120664063	22000.000	38000.000	1.0000
334	Waveform 1	1	532.237330729	532.245330729	22000.000	38000.000	0.3333
334	Spectrogram 1	1	532.237330729	532.245330729	22000.000	38000.000	0.3333
335	Waveform 1	1	532.385330729	532.403330729	22000.000	38000.000	0.1481
335	Spectrogram 1	1	532.385330729	532.403330729	22000.000	38000.000	0.1481
336	Waveform 1	1	532.672664063	532.693997396	22000.000	38000.000	0.0938
336	Spectrogram 1	1	532.672664063	532.693997396	22000.000	38000.000	0.0938
337	Waveform 1	1	533.121997396	533.141997396	22000.000	38000.000	0.1667
337	Spectrogram 1	1	533.121997396	533.141997396	22000.000	38000.000	0.1667
338	Waveform 1	1	548.207330729	548.210664063	22000.000	38000.000	0.4000
338	Spectrogram 1	1	548.207330729	548.210664063	22000.000	38000.000	0.4000
339	Waveform 1	1	548.905330729	548.906664062	22000.000	38000.000	1.0000
339	Spectrogram 1	1	548.905330729	548.906664062	22000.000	38000.000	1.0000
340	Waveform 1	1	549.439997396	549.447997396	22000.000	38000.000	0.1667
340	Spectrogram 1	1	549.439997396	549.447997396	22000.000	38000.000	0.1667
341	Waveform 1	1	551.627330729	551.632664062	22000.000	38000.000	0.3750
341	Spectrogram 1	1	551.627330729	551.632664062	22000.000	38000.000	0.3750
342	Waveform 1	1	552.682664063	552.696664063	22000.000	38000.000	0.1905
342	Spectrogram 1	1	552.682664063	552.696664063	22000.000	38000.000	0.1905
343	Waveform 1	1	553.279330729	553.290664063	22000.000	38000.000	0.4118
343	Spectrogram 1	1	553.279330729	553.290664063	22000.000	38000.000	0.4118
344	Waveform 1	1	553.559997396	553.567330729	22000.000	38000.000	0.1818
344	Spectrogram 1	1	553.559997396	553.567330729	22000.000	38000.000	0.1818
345	Waveform 1	1	553.705330729	553.713330729	22000.000	38000.000	0.2500
345	Spectrogram 1	1	553.705330729	553.713330729	22000.000	38000.000	0.2500
346	Waveform 1	1	553.973997396	553.995997396	22000.000	38000.000	0.0909
346	Spectrogram 1	1	553.973997396	553.995997396	22000.000	38000.000	0.0909
347	Waveform 1	1	554.121330729	554.125330729	22000.000	38000.000	0.5000
347	Spectrogram 1	1	554.121330729	554.125330729	22000.000	38000.000	0.5000
348	Waveform 1	1	554.389330729	554.393330729	22000.000	38000.000	0.6667
348	Spectrogram 1	1	554.389330729	554.393330729	22000.000	38000.000	0.6667
349	Waveform 1	1	554.555997396	554.557997396	22000.000	38000.000	0.6667
349	Spectrogram 1	1	554.555997396	554.557997396	22000.000	38000.000	0.6667
350	Waveform 1	1	555.653997396	555.657330729	22000.000	38000.000	0.6000
350	Spectrogram 1	1	555.653997396	555.657330729	22000.000	38000.000	0.6000
351	Waveform 1	1	555.765997396	555.779997396	22000.000	38000.000	0.0952
351	Spectrogram 1	1	555.765997396	555.779997396	22000.000	38000.000	0.0952
352	Waveform 1	1	582.883330729	582.892664063	22000.000	38000.000	0.1429
352	Spectrogram 1	1	582.883330729	582.892664063	22000.000	38000.000	0.1429
353	Waveform 1	1	583.541330729	583.555330729	22000.000	38000.000	0.1429
353	Spectrogram 1	1	583.541330729	583.555330729	22000.000	38000.000	0.1429
354	Waveform 1	1	584.208664063	584.237330729	22000.000	38000.000	0.1163
354	Spectrogram 1	1	584.208664063	584.237330729	22000.000	38000.000	0.1163
355	Waveform 1	1	584.351997396	584.363330729	22000.000	38000.000	0.3529
355	Spectrogram 1	1	584.351997396	584.363330729	22000.000	38000.000	0.3529
356	Waveform 1	1	585.858664062	585.888664063	22000.000	38000.000	0.1556
356	Spectrogram 1	1	585.858664062	585.888664063	22000.000	38000.000	0.1556
357	Waveform 1	1	586.410664063	586.422664063	22000.000	38000.000	0.1667
357	Spectrogram 1	1	586.410664063	586.422664063	22000.000	38000.000	0.1667
358	Waveform 1	1	586.693330729	586.704664063	22000.000	38000.000	0.1765
358	Spectrogram 1	1	586.693330729	586.704664063	22000.000	38000.000	0.1765
359	Waveform 1	1	586.969997396	586.983330729	22000.000	38000.000	0.3000
359	Spectrogram 1	1	586.969997396	586.983330729	22000.000	38000.000	0.3000
360	Waveform 1	1	587.490664063	587.496664063	22000.000	38000.000	0.3333
360	Spectrogram 1	1	587.490664063	587.496664063	22000.000	38000.000	0.3333
361	Waveform 1	1	587.901330729	587.911997396	22000.000	38000.000	0.1875
361	Spectrogram 1	1	587.901330729	587.911997396	22000.000	38000.000	0.1875
362	Waveform 1	1	588.737997396	588.741330729	22000.000	38000.000	0.6000
362	Spectrogram 1	1	588.737997396	588.741330729	22000.000	38000.000	0.6000
363	Waveform 1	1	588.996664063	589.003997396	22000.000	38000.000	0.2727
363	Spectrogram 1	1	588.996664063	589.003997396	22000.000	38000.000	0.2727
364	Waveform 1	1	589.272664063	589.300664063	22000.000	38000.000	0.1190
364	Spectrogram 1	1	589.272664063	589.300664063	22000.000	38000.000	0.1190
365	Waveform 1	1	590.172664063	590.176664063	22000.000	38000.000	1.0000
365	Spectrogram 1	1	590.172664063	590.176664063	22000.000	38000.000	1.0000
366	Waveform 1	1	591.020664063	591.041330729	22000.000	38000.000	0.2258
366	Spectrogram 1	1	591.020664063	591.041330729	22000.000	38000.000	0.2258
367	Waveform 1	1	591.255330729	591.291330729	22000.000	38000.000	0.0926
367	Spectrogram 1	1	591.255330729	591.291330729	22000.000	38000.000	0.0926
368	Waveform 1	1	591.761330729	591.849330729	22000.000	38000.000	0.0833
368	Spectrogram 1	1	591.761330729	591.849330729	22000.000	38000.000	0.0833
369	Waveform 1	1	591.979330729	591.983330729	22000.000	38000.000	0.5000
369	Spectrogram 1	1	591.979330729	591.983330729	22000.000	38000.000	0.5000
370	Waveform 1	1	592.391997396	592.405997396	22000.000	38000.000	0.2381
370	Spectrogram 1	1	592.391997396	592.405997396	22000.000	38000.000	0.2381
371	Waveform 1	1	592.947330729	592.955330729	22000.000	38000.000	0.3333
371	Spectrogram 1	1	592.947330729	592.955330729	22000.000	38000.000	0.3333
372	Waveform 1	1	593.105330729	593.154664063	22000.000	38000.000	0.0811
372	Spectrogram 1	1	593.105330729	593.154664063	22000.000	38000.000	0.0811
373	Waveform 1	1	594.151330729	594.171330729	22000.000	38000.000	0.1333
373	Spectrogram 1	1	594.151330729	594.171330729	22000.000	38000.000	0.1333
374	Waveform 1	1	594.277997396	594.280664063	22000.000	38000.000	0.5000
374	Spectrogram 1	1	594.277997396	594.280664063	22000.000	38000.000	0.5000
375	Waveform 1	1	594.573330729	594.589997396	22000.000	38000.000	0.0800
375	Spectrogram 1	1	594.573330729	594.589997396	22000.000	38000.000	0.0800
376	Waveform 1	1	594.846664063	594.849330729	22000.000	38000.000	0.7500
376	Spectrogram 1	1	594.846664063	594.849330729	22000.000	38000.000	0.7500
377	Waveform 1	1	596.332664063	596.335330729	22000.000	38000.000	0.7500
377	Spectrogram 1	1	596.332664063	596.335330729	22000.000	38000.000	0.7500
378	Waveform 1	1	596.883997396	596.885330729	22000.000	38000.000	1.0000
378	Spectrogram 1	1	596.883997396	596.885330729	22000.000	38000.000	1.0000
379	Waveform 1	1	597.325330729	597.326664063	22000.000	38000.000	1.0000
379	Spectrogram 1	1	597.325330729	597.326664063	22000.000	38000.000	1.0000
380	Waveform 1	1	597.470664063	597.495330729	22000.000	38000.000	0.1081
380	Spectrogram 1	1	597.470664063	597.495330729	22000.000	38000.000	0.1081
381	Waveform 1	1	598.581330729	598.588664063	22000.000	38000.000	0.4545
381	Spectrogram 1	1	598.581330729	598.588664063	22000.000	38000.000	0.4545
382	Waveform 1	1	601.065330729	601.067997396	22000.000	38000.000	0.7500
382	Spectrogram 1	1	601.065330729	601.067997396	22000.000	38000.000	0.7500
383	Waveform 1	1	602.783330729	602.802664063	22000.000	38000.000	0.1034
383	Spectrogram 1	1	602.783330729	602.802664063	22000.000	38000.000	0.1034
384	Waveform 1	1	603.186664063	603.197330729	22000.000	38000.000	0.1250
384	Spectrogram 1	1	603.186664063	603.197330729	22000.000	38000.000	0.1250
385	Waveform 1	1	603.571330729	603.587330729	22000.000	38000.000	0.2500
385	Spectrogram 1	1	603.571330729	603.587330729	22000.000	38000.000	0.2500
386	Waveform 1	1	603.834664062	603.838664063	22000.000	38000.000	0.3333
386	Spectrogram 1	1	603.834664062	603.838664063	22000.000	38000.000	0.3333
387	Waveform 1	1	604.342664063	604.376664063	22000.000	38000.000	0.1176
387	Spectrogram 1	1	604.342664063	604.376664063	22000.000	38000.000	0.1176
388	Waveform 1	1	605.009330729	605.035997396	22000.000	38000.000	0.2000
388	Spectrogram 1	1	605.009330729	605.035997396	22000.000	38000.000	0.2000
389	Waveform 1	1	605.552664063	605.588664063	22000.000	38000.000	0.0741
389	Spectrogram 1	1	605.552664063	605.588664063	22000.000	38000.000	0.0741
390	Waveform 1	1	606.239997396	606.258664063	22000.000	38000.000	0.1071
390	Spectrogram 1	1	606.239997396	606.258664063	22000.000	38000.000	0.1071
391	Waveform 1	1	607.052664063	607.078664063	22000.000	38000.000	0.0769
391	Spectrogram 1	1	607.052664063	607.078664063	22000.000	38000.000	0.0769
392	Waveform 1	1	607.746664063	607.780664063	22000.000	38000.000	0.0784
392	Spectrogram 1	1	607.746664063	607.780664063	22000.000	38000.000	0.0784
393	Waveform 1	1	608.295330729	608.300664063	22000.000	38000.000	0.3750
393	Spectrogram 1	1	608.295330729	608.300664063	22000.000	38000.000	0.3750
394	Waveform 1	1	608.570664063	608.572664063	22000.000	38000.000	0.6667
394	Spectrogram 1	1	608.570664063	608.572664063	22000.000	38000.000	0.6667
395	Waveform 1	1	608.858664062	608.862664063	22000.000	38000.000	0.3333
395	Spectrogram 1	1	608.858664062	608.862664063	22000.000	38000.000	0.3333
396	Waveform 1	1	609.661997396	609.663997396	22000.000	38000.000	0.6667
396	Spectrogram 1	1	609.661997396	609.663997396	22000.000	38000.000	0.6667
397	Waveform 1	1	609.808664063	609.831330729	22000.000	38000.000	0.1176
397	Spectrogram 1	1	609.808664063	609.831330729	22000.000	38000.000	0.1176
398	Waveform 1	1	648.571330729	648.572664063	22000.000	38000.000	1.0000
398	Spectrogram 1	1	648.571330729	648.572664063	22000.000	38000.000	1.0000
399	Waveform 1	1	675.931330729	675.933997396	22000.000	38000.000	0.5000
399	Spectrogram 1	1	675.931330729	675.933997396	22000.000	38000.000	0.5000
400	Waveform 1	1	677.405330729	677.407330729	22000.000	38000.000	1.0000
400	Spectrogram 1	1	677.405330729	677.407330729	22000.000	38000.000	1.0000
401	Waveform 1	1	698.047997396	698.049997396	22000.000	38000.000	1.0000
401	Spectrogram 1	1	698.047997396	698.049997396	22000.000	38000.000	1.0000
402	Waveform 1	1	699.001997396	699.003330729	22000.000	38000.000	1.0000
402	Spectrogram 1	1	699.001997396	699.003330729	22000.000	38000.000	1.0000
403	Waveform 1	1	699.276664063	699.299330729	22000.000	38000.000	0.1765
403	Spectrogram 1	1	699.276664063	699.299330729	22000.000	38000.000	0.1765
404	Waveform 1	1	700.095997396	700.117330729	22000.000	38000.000	0.1562
404	Spectrogram 1	1	700.095997396	700.117330729	22000.000	38000.000	0.1562
405	Waveform 1	1	700.378664063	700.381997396	22000.000	38000.000	0.4000
405	Spectrogram 1	1	700.378664063	700.381997396	22000.000	38000.000	0.4000
406	Waveform 1	1	701.773997396	701.801330729	22000.000	38000.000	0.2195
406	Spectrogram 1	1	701.773997396	701.801330729	22000.000	38000.000	0.2195
407	Waveform 1	1	702.025997396	702.053997396	22000.000	38000.000	0.1429
407	Spectrogram 1	1	702.025997396	702.053997396	22000.000	38000.000	0.1429
408	Waveform 1	1	702.767997396	702.825330729	22000.000	38000.000	0.1395
408	Spectrogram 1	1	702.767997396	702.825330729	22000.000	38000.000	0.1395
409	Waveform 1	1	703.051330729	703.068664063	22000.000	38000.000	0.1538
409	Spectrogram 1	1	703.051330729	703.068664063	22000.000	38000.000	0.1538
410	Waveform 1	1	703.421330729	703.471997396	22000.000	38000.000	0.1053
410	Spectrogram 1	1	703.421330729	703.471997396	22000.000	38000.000	0.1053
411	Waveform 1	1	703.697997396	703.703997396	22000.000	38000.000	0.3333
411	Spectrogram 1	1	703.697997396	703.703997396	22000.000	38000.000	0.3333
412	Waveform 1	1	703.953997396	703.993330729	22000.000	38000.000	0.1017
412	Spectrogram 1	1	703.953997396	703.993330729	22000.000	38000.000	0.1017
413	Waveform 1	1	704.505330729	704.541997396	22000.000	38000.000	0.1273
413	Spectrogram 1	1	704.505330729	704.541997396	22000.000	38000.000	0.1273
414	Waveform 1	1	704.794664063	704.798664063	22000.000	38000.000	0.3333
414	Spectrogram 1	1	704.794664063	704.798664063	22000.000	38000.000	0.3333
415	Waveform 1	1	705.335997396	705.347997396	22000.000	38000.000	0.1667
415	Spectrogram 1	1	705.335997396	705.347997396	22000.000	38000.000	0.1667
416	Waveform 1	1	705.590664063	705.617997396	22000.000	38000.000	0.1707
416	Spectrogram 1	1	705.590664063	705.617997396	22000.000	38000.000	0.1707
417	Waveform 1	1	706.269330729	706.296664063	22000.000	38000.000	0.1220
417	Spectrogram 1	1	706.269330729	706.296664063	22000.000	38000.000	0.1220
418	Waveform 1	1	706.535997396	706.555330729	22000.000	38000.000	0.2069
418	Spectrogram 1	1	706.535997396	706.555330729	22000.000	38000.000	0.2069
419	Waveform 1	1	706.689997396	706.692664063	22000.000	38000.000	0.5000
419	Spectrogram 1	1	706.689997396	706.692664063	22000.000	38000.000	0.5000
420	Waveform 1	1	707.925997396	707.935997396	22000.000	38000.000	0.2000
420	Spectrogram 1	1	707.925997396	707.935997396	22000.000	38000.000	0.2000
421	Waveform 1	1	708.453330729	708.456664063	22000.000	38000.000	0.4000
421	Spectrogram 1	1	708.453330729	708.456664063	22000.000	38000.000	0.4000
422	Waveform 1	1	721.879997396	721.886664063	22000.000	38000.000	0.4000
422	Spectrogram 1	1	721.879997396	721.886664063	22000.000	38000.000	0.4000
423	Waveform 1	1	722.351330729	722.353997396	22000.000	38000.000	0.5000
423	Spectrogram 1	1	722.351330729	722.353997396	22000.000	38000.000	0.5000
424	Waveform 1	1	722.916664063	722.918664063	22000.000	38000.000	1.0000
424	Spectrogram 1	1	722.916664063	722.918664063	22000.000	38000.000	1.0000
425	Waveform 1	1	723.195330729	723.199997396	22000.000	38000.000	0.2857
425	Spectrogram 1	1	723.195330729	723.199997396	22000.000	38000.000	0.2857
426	Waveform 1	1	723.921330729	723.933997396	22000.000	38000.000	0.3158
426	Spectrogram 1	1	723.921330729	723.933997396	22000.000	38000.000	0.3158
427	Waveform 1	1	726.152664063	726.164664063	22000.000	38000.000	0.2222
427	Spectrogram 1	1	726.152664063	726.164664063	22000.000	38000.000	0.2222
428	Waveform 1	1	745.025997396	745.034664063	22000.000	38000.000	0.3846
428	Spectrogram 1	1	745.025997396	745.034664063	22000.000	38000.000	0.3846
429	Waveform 1	1	745.751330729	745.761997396	22000.000	38000.000	0.1250
429	Spectrogram 1	1	745.751330729	745.761997396	22000.000	38000.000	0.1250
430	Waveform 1	1	746.460664063	746.473997396	22000.000	38000.000	0.2000
430	Spectrogram 1	1	746.460664063	746.473997396	22000.000	38000.000	0.2000
431	Waveform 1	1	746.636664063	746.637997396	22000.000	38000.000	1.0000
431	Spectrogram 1	1	746.636664063	746.637997396	22000.000	38000.000	1.0000
432	Waveform 1	1	746.868664063	746.873997396	22000.000	38000.000	0.5000
432	Spectrogram 1	1	746.868664063	746.873997396	22000.000	38000.000	0.5000
433	Waveform 1	1	747.368664063	747.382664062	22000.000	38000.000	0.3810
433	Spectrogram 1	1	747.368664063	747.382664062	22000.000	38000.000	0.3810
434	Waveform 1	1	747.934664063	747.935997396	22000.000	38000.000	1.0000
434	Spectrogram 1	1	747.934664063	747.935997396	22000.000	38000.000	1.0000
435	Waveform 1	1	748.199330729	748.254664063	22000.000	38000.000	0.1205
435	Spectrogram 1	1	748.199330729	748.254664063	22000.000	38000.000	0.1205
436	Waveform 1	1	748.465330729	748.469330729	22000.000	38000.000	0.3333
436	Spectrogram 1	1	748.465330729	748.469330729	22000.000	38000.000	0.3333
437	Waveform 1	1	748.661330729	748.665330729	22000.000	38000.000	0.6667
437	Spectrogram 1	1	748.661330729	748.665330729	22000.000	38000.000	0.6667
438	Waveform 1	1	748.881330729	748.883997396	22000.000	38000.000	0.5000
438	Spectrogram 1	1	748.881330729	748.883997396	22000.000	38000.000	0.5000
439	Waveform 1	1	749.503997396	749.510664063	22000.000	38000.000	0.3000
439	Spectrogram 1	1	749.503997396	749.510664063	22000.000	38000.000	0.3000
440	Waveform 1	1	749.793997396	749.812664063	22000.000	38000.000	0.2857
440	Spectrogram 1	1	749.793997396	749.812664063	22000.000	38000.000	0.2857
441	Waveform 1	1	750.077997396	750.112664063	22000.000	38000.000	0.1538
441	Spectrogram 1	1	750.077997396	750.112664063	22000.000	38000.000	0.1538
442	Waveform 1	1	750.219330729	750.247330729	22000.000	38000.000	0.1429
442	Spectrogram 1	1	750.219330729	750.247330729	22000.000	38000.000	0.1429
443	Waveform 1	1	750.401997396	750.434664063	22000.000	38000.000	0.1837
443	Spectrogram 1	1	750.401997396	750.434664063	22000.000	38000.000	0.1837
444	Waveform 1	1	751.023330729	751.044664063	22000.000	38000.000	0.3125
444	Spectrogram 1	1	751.023330729	751.044664063	22000.000	38000.000	0.3125
445	Waveform 1	1	751.299330729	751.328664063	22000.000	38000.000	0.0909
445	Spectrogram 1	1	751.299330729	751.328664063	22000.000	38000.000	0.0909
446	Waveform 1	1	751.552664063	751.589997396	22000.000	38000.000	0.0893
446	Spectrogram 1	1	751.552664063	751.589997396	22000.000	38000.000	0.0893
447	Waveform 1	1	752.012664062	752.047997396	22000.000	38000.000	0.1132
447	Spectrogram 1	1	752.012664062	752.047997396	22000.000	38000.000	0.1132
448	Waveform 1	1	752.953330729	752.955330729	22000.000	38000.000	0.6667
448	Spectrogram 1	1	752.953330729	752.955330729	22000.000	38000.000	0.6667
449	Waveform 1	1	753.517997396	753.525330729	22000.000	38000.000	0.2727
449	Spectrogram 1	1	753.517997396	753.525330729	22000.000	38000.000	0.2727
450	Waveform 1	1	753.703997396	753.723997396	22000.000	38000.000	0.2667
450	Spectrogram 1	1	753.703997396	753.723997396	22000.000	38000.000	0.2667
451	Waveform 1	1	754.126664063	754.152664063	22000.000	38000.000	0.0769
451	Spectrogram 1	1	754.126664063	754.152664063	22000.000	38000.000	0.0769
452	Waveform 1	1	754.400664063	754.434664063	22000.000	38000.000	0.0784
452	Spectrogram 1	1	754.400664063	754.434664063	22000.000	38000.000	0.0784
453	Waveform 1	1	755.081997396	755.090664063	22000.000	38000.000	0.3846
453	Spectrogram 1	1	755.081997396	755.090664063	22000.000	38000.000	0.3846
454	Waveform 1	1	755.352664063	755.357330729	22000.000	38000.000	0.4286
454	Spectrogram 1	1	755.352664063	755.357330729	22000.000	38000.000	0.4286
455	Waveform 1	1	756.037997396	756.041997396	22000.000	38000.000	0.3333
455	Spectrogram 1	1	756.037997396	756.041997396	22000.000	38000.000	0.3333
456	Waveform 1	1	756.324664063	756.372664063	22000.000	38000.000	0.0972
456	Spectrogram 1	1	756.324664063	756.372664063	22000.000	38000.000	0.0972
457	Waveform 1	1	756.601330729	756.645997396	22000.000	38000.000	0.0746
457	Spectrogram 1	1	756.601330729	756.645997396	22000.000	38000.000	0.0746
458	Waveform 1	1	757.315997396	757.350664063	22000.000	38000.000	0.0769
458	Spectrogram 1	1	757.315997396	757.350664063	22000.000	38000.000	0.0769
459	Waveform 1	1	757.464664063	757.507997396	22000.000	38000.000	0.2000
459	Spectrogram 1	1	757.464664063	757.507997396	22000.000	38000.000	0.2000
460	Waveform 1	1	757.622664063	757.655997396	22000.000	38000.000	0.1200
460	Spectrogram 1	1	757.622664063	757.655997396	22000.000	38000.000	0.1200
461	Waveform 1	1	758.374664063	758.395330729	22000.000	38000.000	0.1290
461	Spectrogram 1	1	758.374664063	758.395330729	22000.000	38000.000	0.1290
462	Waveform 1	1	759.068664063	759.069997396	22000.000	38000.000	1.0000
462	Spectrogram 1	1	759.068664063	759.069997396	22000.000	38000.000	1.0000
463	Waveform 1	1	759.194664063	759.223330729	22000.000	38000.000	0.2791
463	Spectrogram 1	1	759.194664063	759.223330729	22000.000	38000.000	0.2791
464	Waveform 1	1	759.343997396	759.362664063	22000.000	38000.000	0.2500
464	Spectrogram 1	1	759.343997396	759.362664063	22000.000	38000.000	0.2500
465	Waveform 1	1	761.246664063	761.247997396	22000.000	38000.000	1.0000
465	Spectrogram 1	1	761.246664063	761.247997396	22000.000	38000.000	1.0000
466	Waveform 1	1	762.502664063	762.509330729	22000.000	38000.000	0.3000
466	Spectrogram 1	1	762.502664063	762.509330729	22000.000	38000.000	0.3000
467	Waveform 1	1	762.659330729	762.703997396	22000.000	38000.000	0.0896
467	Spectrogram 1	1	762.659330729	762.703997396	22000.000	38000.000	0.0896
468	Waveform 1	1	762.805997396	762.809997396	22000.000	38000.000	0.8333
468	Spectrogram 1	1	762.805997396	762.809997396	22000.000	38000.000	0.8333
469	Waveform 1	1	763.077997396	763.079330729	22000.000	38000.000	1.0000
469	Spectrogram 1	1	763.077997396	763.079330729	22000.000	38000.000	1.0000
470	Waveform 1	1	763.784664063	763.816664063	22000.000	38000.000	0.0833
470	Spectrogram 1	1	763.784664063	763.816664063	22000.000	38000.000	0.0833
471	Waveform 1	1	765.547330729	765.583997396	22000.000	38000.000	0.0727
471	Spectrogram 1	1	765.547330729	765.583997396	22000.000	38000.000	0.0727
472	Waveform 1	1	765.833330729	765.894664063	22000.000	38000.000	0.0978
472	Spectrogram 1	1	765.833330729	765.894664063	22000.000	38000.000	0.0978
473	Waveform 1	1	767.003330729	767.042664063	22000.000	38000.000	0.1356
473	Spectrogram 1	1	767.003330729	767.042664063	22000.000	38000.000	0.1356
474	Waveform 1	1	767.312664063	767.330664063	22000.000	38000.000	0.1481
474	Spectrogram 1	1	767.312664063	767.330664063	22000.000	38000.000	0.1481
475	Waveform 1	1	767.595997396	767.601330729	22000.000	38000.000	0.2500
475	Spectrogram 1	1	767.595997396	767.601330729	22000.000	38000.000	0.2500
476	Waveform 1	1	768.982664063	769.018664063	22000.000	38000.000	0.1667
476	Spectrogram 1	1	768.982664063	769.018664063	22000.000	38000.000	0.1667
477	Waveform 1	1	769.276664063	769.304664063	22000.000	38000.000	0.0952
477	Spectrogram 1	1	769.276664063	769.304664063	22000.000	38000.000	0.0952
478	Waveform 1	1	770.717330729	770.761997396	22000.000	38000.000	0.0746
478	Spectrogram 1	1	770.717330729	770.761997396	22000.000	38000.000	0.0746
479	Waveform 1	1	771.003330729	771.005330729	22000.000	38000.000	1.0000
479	Spectrogram 1	1	771.003330729	771.005330729	22000.000	38000.000	1.0000
480	Waveform 1	1	775.470664063	775.471997396	22000.000	38000.000	1.0000
480	Spectrogram 1	1	775.470664063	775.471997396	22000.000	38000.000	1.0000
481	Waveform 1	1	775.750664063	775.756664063	22000.000	38000.000	0.2222
481	Spectrogram 1	1	775.750664063	775.756664063	22000.000	38000.000	0.2222
482	Waveform 1	1	868.104664063	868.123997396	22000.000	38000.000	0.1379
482	Spectrogram 1	1	868.104664063	868.123997396	22000.000	38000.000	0.1379
483	Waveform 1	1	869.908664063	869.914664063	22000.000	38000.000	0.3333
483	Spectrogram 1	1	869.908664063	869.914664063	22000.000	38000.000	0.3333
484	Waveform 1	1	870.947330729	870.954664063	22000.000	38000.000	0.3636
484	Spectrogram 1	1	870.947330729	870.954664063	22000.000	38000.000	0.3636
485	Waveform 1	1	871.086664063	871.095997396	22000.000	38000.000	0.3571
485	Spectrogram 1	1	871.086664063	871.095997396	22000.000	38000.000	0.3571
486	Waveform 1	1	871.223997396	871.232664063	22000.000	38000.000	0.2308
486	Spectrogram 1	1	871.223997396	871.232664063	22000.000	38000.000	0.2308
487	Waveform 1	1	872.911997396	872.924664063	22000.000	38000.000	0.2632
487	Spectrogram 1	1	872.911997396	872.924664063	22000.000	38000.000	0.2632
488	Waveform 1	1	873.939997396	873.953330729	22000.000	38000.000	0.4000
488	Spectrogram 1	1	873.939997396	873.953330729	22000.000	38000.000	0.4000
489	Waveform 1	1	875.501330729	875.511997396	22000.000	38000.000	0.2500
489	Spectrogram 1	1	875.501330729	875.511997396	22000.000	38000.000	0.2500
490	Waveform 1	1	876.459330729	876.461997396	22000.000	38000.000	0.5000
490	Spectrogram 1	1	876.459330729	876.461997396	22000.000	38000.000	0.5000
491	Waveform 1	1	877.841330729	877.847330729	22000.000	38000.000	0.2222
491	Spectrogram 1	1	877.841330729	877.847330729	22000.000	38000.000	0.2222
492	Waveform 1	1	878.426664063	878.428664063	22000.000	38000.000	0.6667
492	Spectrogram 1	1	878.426664063	878.428664063	22000.000	38000.000	0.6667
493	Waveform 1	1	945.434664063	945.458664063	22000.000	38000.000	0.1944
493	Spectrogram 1	1	945.434664063	945.458664063	22000.000	38000.000	0.1944
494	Waveform 1	1	947.591330729	947.608664062	22000.000	38000.000	0.1154
494	Spectrogram 1	1	947.591330729	947.608664062	22000.000	38000.000	0.1154
495	Waveform 1	1	950.805330729	950.807330729	22000.000	38000.000	1.0000
495	Spectrogram 1	1	950.805330729	950.807330729	22000.000	38000.000	1.0000
496	Waveform 1	1	953.720664063	953.744664063	22000.000	38000.000	0.0833
496	Spectrogram 1	1	953.720664063	953.744664063	22000.000	38000.000	0.0833
497	Waveform 1	1	954.422664063	954.458664063	22000.000	38000.000	0.1111
497	Spectrogram 1	1	954.422664063	954.458664063	22000.000	38000.000	0.1111
498	Waveform 1	1	954.519330729	954.520664063	22000.000	38000.000	1.0000
498	Spectrogram 1	1	954.519330729	954.520664063	22000.000	38000.000	1.0000
499	Waveform 1	1	954.662664063	954.680664062	22000.000	38000.000	0.0741
499	Spectrogram 1	1	954.662664063	954.680664062	22000.000	38000.000	0.0741
500	Waveform 1	1	956.864664063	956.947330729	22000.000	38000.000	0.0726
500	Spectrogram 1	1	956.864664063	956.947330729	22000.000	38000.000	0.0726
501	Waveform 1	1	957.812664063	957.815997396	22000.000	38000.000	0.6000
501	Spectrogram 1	1	957.812664063	957.815997396	22000.000	38000.000	0.6000
502	Waveform 1	1	965.459330729	965.461997396	22000.000	38000.000	1.0000
502	Spectrogram 1	1	965.459330729	965.461997396	22000.000	38000.000	1.0000
503	Waveform 1	1	965.547997396	965.619997396	22000.000	38000.000	0.0926
503	Spectrogram 1	1	965.547997396	965.619997396	22000.000	38000.000	0.0926
504	Waveform 1	1	966.915330729	966.989330729	22000.000	38000.000	0.2162
504	Spectrogram 1	1	966.915330729	966.989330729	22000.000	38000.000	0.2162
505	Waveform 1	1	967.747997396	967.749997396	22000.000	38000.000	1.0000
505	Spectrogram 1	1	967.747997396	967.749997396	22000.000	38000.000	1.0000
506	Waveform 1	1	967.944664063	967.948664063	22000.000	38000.000	0.8333
506	Spectrogram 1	1	967.944664063	967.948664063	22000.000	38000.000	0.8333
507	Waveform 1	1	968.270664063	968.308664063	22000.000	38000.000	0.1404
507	Spectrogram 1	1	968.270664063	968.308664063	22000.000	38000.000	0.1404
508	Waveform 1	1	968.561330729	968.665330729	22000.000	38000.000	0.3462
508	Spectrogram 1	1	968.561330729	968.665330729	22000.000	38000.000	0.3462
509	Waveform 1	1	970.377330729	970.378664063	22000.000	38000.000	1.0000
509	Spectrogram 1	1	970.377330729	970.378664063	22000.000	38000.000	1.0000
510	Waveform 1	1	970.454664063	970.540664063	22000.000	38000.000	0.1085
510	Spectrogram 1	1	970.454664063	970.540664063	22000.000	38000.000	0.1085
511	Waveform 1	1	971.206664063	971.233330729	22000.000	38000.000	0.1000
511	Spectrogram 1	1	971.206664063	971.233330729	22000.000	38000.000	0.1000
512	Waveform 1	1	975.821330729	975.895997396	22000.000	38000.000	0.1518
512	Spectrogram 1	1	975.821330729	975.895997396	22000.000	38000.000	0.1518
513	Waveform 1	1	975.993997396	976.012664062	22000.000	38000.000	0.1786
513	Spectrogram 1	1	975.993997396	976.012664062	22000.000	38000.000	0.1786
514	Waveform 1	1	976.287997396	976.310664062	22000.000	38000.000	0.2059
514	Spectrogram 1	1	976.287997396	976.310664062	22000.000	38000.000	0.2059
515	Waveform 1	1	976.950664063	976.964664063	22000.000	38000.000	0.2857
515	Spectrogram 1	1	976.950664063	976.964664063	22000.000	38000.000	0.2857
516	Waveform 1	1	977.613330729	977.642664063	22000.000	38000.000	0.0909
516	Spectrogram 1	1	977.613330729	977.642664063	22000.000	38000.000	0.0909
517	Waveform 1	1	979.119330729	979.171997396	22000.000	38000.000	0.0759
517	Spectrogram 1	1	979.119330729	979.171997396	22000.000	38000.000	0.0759
518	Waveform 1	1	979.550664063	979.553997396	22000.000	38000.000	0.6000
518	Spectrogram 1	1	979.550664063	979.553997396	22000.000	38000.000	0.6000
519	Waveform 1	1	980.343997396	980.375997396	22000.000	38000.000	0.1458
519	Spectrogram 1	1	980.343997396	980.375997396	22000.000	38000.000	0.1458
520	Waveform 1	1	982.845997396	982.908664063	22000.000	38000.000	0.0957
520	Spectrogram 1	1	982.845997396	982.908664063	22000.000	38000.000	0.0957
521	Waveform 1	1	982.977330729	982.979330729	22000.000	38000.000	1.0000
521	Spectrogram 1	1	982.977330729	982.979330729	22000.000	38000.000	1.0000
522	Waveform 1	1	983.710664063	983.721330729	22000.000	38000.000	0.3125
522	Spectrogram 1	1	983.710664063	983.721330729	22000.000	38000.000	0.3125
523	Waveform 1	1	985.493997396	985.509997396	22000.000	38000.000	0.0833
523	Spectrogram 1	1	985.493997396	985.509997396	22000.000	38000.000	0.0833
524	Waveform 1	1	1029.635330729	1029.636664062	22000.000	38000.000	1.0000
524	Spectrogram 1	1	1029.635330729	1029.636664062	22000.000	38000.000	1.0000
525	Waveform 1	1	1109.529330729	1109.531997396	22000.000	38000.000	0.5000
525	Spectrogram 1	1	1109.529330729	1109.531997396	22000.000	38000.000	0.5000
526	Waveform 1	1	1310.329330729	1310.333997396	22000.000	38000.000	0.2857
526	Spectrogram 1	1	1310.329330729	1310.333997396	22000.000	38000.000	0.2857
527	Waveform 1	1	1340.967330729	1340.979997396	22000.000	38000.000	0.2632
527	Spectrogram 1	1	1340.967330729	1340.979997396	22000.000	38000.000	0.2632
528	Waveform 1	1	1341.582664063	1341.597330729	22000.000	38000.000	0.1818
528	Spectrogram 1	1	1341.582664063	1341.597330729	22000.000	38000.000	0.1818
529	Waveform 1	1	1341.790664062	1341.807330729	22000.000	38000.000	0.3200
529	Spectrogram 1	1	1341.790664062	1341.807330729	22000.000	38000.000	0.3200
530	Waveform 1	1	1342.001997396	1342.045997396	22000.000	38000.000	0.0758
530	Spectrogram 1	1	1342.001997396	1342.045997396	22000.000	38000.000	0.0758
531	Waveform 1	1	1342.232664062	1342.243330729	22000.000	38000.000	0.3750
531	Spectrogram 1	1	1342.232664062	1342.243330729	22000.000	38000.000	0.3750
532	Waveform 1	1	1342.517330729	1342.543997396	22000.000	38000.000	0.4500
532	Spectrogram 1	1	1342.517330729	1342.543997396	22000.000	38000.000	0.4500
533	Waveform 1	1	1342.757997396	1342.799330729	22000.000	38000.000	0.1935
533	Spectrogram 1	1	1342.757997396	1342.799330729	22000.000	38000.000	0.1935
534	Waveform 1	1	1343.013997396	1343.046664062	22000.000	38000.000	0.1837
534	Spectrogram 1	1	1343.013997396	1343.046664062	22000.000	38000.000	0.1837
535	Waveform 1	1	1343.203997396	1343.240664062	22000.000	38000.000	0.1636
535	Spectrogram 1	1	1343.203997396	1343.240664062	22000.000	38000.000	0.1636
536	Waveform 1	1	1343.375330729	1343.415330729	22000.000	38000.000	0.2000
536	Spectrogram 1	1	1343.375330729	1343.415330729	22000.000	38000.000	0.2000
537	Waveform 1	1	1343.577997396	1343.597997396	22000.000	38000.000	0.2000
537	Spectrogram 1	1	1343.577997396	1343.597997396	22000.000	38000.000	0.2000
538	Waveform 1	1	1343.820664062	1343.861330729	22000.000	38000.000	0.1475
538	Spectrogram 1	1	1343.820664062	1343.861330729	22000.000	38000.000	0.1475
539	Waveform 1	1	1344.113997396	1344.133997396	22000.000	38000.000	0.2667
539	Spectrogram 1	1	1344.113997396	1344.133997396	22000.000	38000.000	0.2667
540	Waveform 1	1	1344.356664062	1344.384664062	22000.000	38000.000	0.3095
540	Spectrogram 1	1	1344.356664062	1344.384664062	22000.000	38000.000	0.3095
541	Waveform 1	1	1344.937997396	1344.967997396	22000.000	38000.000	0.1556
541	Spectrogram 1	1	1344.937997396	1344.967997396	22000.000	38000.000	0.1556
542	Waveform 1	1	1345.237330729	1345.265330729	22000.000	38000.000	0.0952
542	Spectrogram 1	1	1345.237330729	1345.265330729	22000.000	38000.000	0.0952
543	Waveform 1	1	1345.718664063	1345.732664062	22000.000	38000.000	0.2381
543	Spectrogram 1	1	1345.718664063	1345.732664062	22000.000	38000.000	0.2381
544	Waveform 1	1	1346.213997396	1346.215997396	22000.000	38000.000	1.0000
544	Spectrogram 1	1	1346.213997396	1346.215997396	22000.000	38000.000	1.0000
545	Waveform 1	1	1348.023330729	1348.024664062	22000.000	38000.000	1.0000
545	Spectrogram 1	1	1348.023330729	1348.024664062	22000.000	38000.000	1.0000
546	Waveform 1	1	1348.637330729	1348.639997396	22000.000	38000.000	1.0000
546	Spectrogram 1	1	1348.637330729	1348.639997396	22000.000	38000.000	1.0000
547	Waveform 1	1	1348.755330729	1348.756664063	22000.000	38000.000	1.0000
547	Spectrogram 1	1	1348.755330729	1348.756664063	22000.000	38000.000	1.0000
548	Waveform 1	1	1349.500664062	1349.502664062	22000.000	38000.000	0.6667
548	Spectrogram 1	1	1349.500664062	1349.502664062	22000.000	38000.000	0.6667
549	Waveform 1	1	1349.632664062	1349.635330729	22000.000	38000.000	0.5000
549	Spectrogram 1	1	1349.632664062	1349.635330729	22000.000	38000.000	0.5000
550	Waveform 1	1	1349.889997396	1349.893330729	22000.000	38000.000	0.6000
550	Spectrogram 1	1	1349.889997396	1349.893330729	22000.000	38000.000	0.6000
551	Waveform 1	1	1350.257330729	1350.258664062	22000.000	38000.000	1.0000
551	Spectrogram 1	1	1350.257330729	1350.258664062	22000.000	38000.000	1.0000
552	Waveform 1	1	1350.387330729	1350.389997396	22000.000	38000.000	0.5000
552	Spectrogram 1	1	1350.387330729	1350.389997396	22000.000	38000.000	0.5000
553	Waveform 1	1	1350.631330729	1350.643997396	22000.000	38000.000	0.2105
553	Spectrogram 1	1	1350.631330729	1350.643997396	22000.000	38000.000	0.2105
554	Waveform 1	1	1350.890664063	1350.891997396	22000.000	38000.000	1.0000
554	Spectrogram 1	1	1350.890664063	1350.891997396	22000.000	38000.000	1.0000
555	Waveform 1	1	1351.000664062	1351.002664062	22000.000	38000.000	0.6667
555	Spectrogram 1	1	1351.000664062	1351.002664062	22000.000	38000.000	0.6667
556	Waveform 1	1	1351.257330729	1351.269997396	22000.000	38000.000	0.1579
556	Spectrogram 1	1	1351.257330729	1351.269997396	22000.000	38000.000	0.1579
557	Waveform 1	1	1351.366664062	1351.371330729	22000.000	38000.000	0.5714
557	Spectrogram 1	1	1351.366664062	1351.371330729	22000.000	38000.000	0.5714
558	Waveform 1	1	1351.599330729	1351.600664062	22000.000	38000.000	1.0000
558	Spectrogram 1	1	1351.599330729	1351.600664062	22000.000	38000.000	1.0000
559	Waveform 1	1	1351.817997396	1351.831997396	22000.000	38000.000	0.2381
559	Spectrogram 1	1	1351.817997396	1351.831997396	22000.000	38000.000	0.2381
560	Waveform 1	1	1351.943330729	1351.949330729	22000.000	38000.000	0.3333
560	Spectrogram 1	1	1351.943330729	1351.949330729	22000.000	38000.000	0.3333
561	Waveform 1	1	1352.059997396	1352.064664063	22000.000	38000.000	0.2857
561	Spectrogram 1	1	1352.059997396	1352.064664063	22000.000	38000.000	0.2857
562	Waveform 1	1	1352.183997396	1352.195330729	22000.000	38000.000	0.1765
562	Spectrogram 1	1	1352.183997396	1352.195330729	22000.000	38000.000	0.1765
563	Waveform 1	1	1352.322664062	1352.326664062	22000.000	38000.000	0.8333
563	Spectrogram 1	1	1352.322664062	1352.326664062	22000.000	38000.000	0.8333
564	Waveform 1	1	1352.443997396	1352.461997396	22000.000	38000.000	0.3704
564	Spectrogram 1	1	1352.443997396	1352.461997396	22000.000	38000.000	0.3704
565	Waveform 1	1	1352.549330729	1352.565997396	22000.000	38000.000	0.2400
565	Spectrogram 1	1	1352.549330729	1352.565997396	22000.000	38000.000	0.2400
566	Waveform 1	1	1352.662664062	1352.687997396	22000.000	38000.000	0.2105
566	Spectrogram 1	1	1352.662664062	1352.687997396	22000.000	38000.000	0.2105
567	Waveform 1	1	1352.788664062	1352.810664062	22000.000	38000.000	0.2727
567	Spectrogram 1	1	1352.788664062	1352.810664062	22000.000	38000.000	0.2727
568	Waveform 1	1	1352.903997396	1352.918664062	22000.000	38000.000	0.3636
568	Spectrogram 1	1	1352.903997396	1352.918664062	22000.000	38000.000	0.3636
569	Waveform 1	1	1353.043330729	1353.075330729	22000.000	38000.000	0.2917
569	Spectrogram 1	1	1353.043330729	1353.075330729	22000.000	38000.000	0.2917
570	Waveform 1	1	1353.165997396	1353.193330729	22000.000	38000.000	0.1707
570	Spectrogram 1	1	1353.165997396	1353.193330729	22000.000	38000.000	0.1707
571	Waveform 1	1	1353.306664062	1353.320664062	22000.000	38000.000	0.1429
571	Spectrogram 1	1	1353.306664062	1353.320664062	22000.000	38000.000	0.1429
572	Waveform 1	1	1353.421997396	1353.451330729	22000.000	38000.000	0.2955
572	Spectrogram 1	1	1353.421997396	1353.451330729	22000.000	38000.000	0.2955
573	Waveform 1	1	1353.549330729	1353.556664062	22000.000	38000.000	0.2727
573	Spectrogram 1	1	1353.549330729	1353.556664062	22000.000	38000.000	0.2727
574	Waveform 1	1	1354.830664062	1354.843997396	22000.000	38000.000	0.1500
574	Spectrogram 1	1	1354.830664062	1354.843997396	22000.000	38000.000	0.1500
575	Waveform 1	1	1357.564664063	1357.567997396	22000.000	38000.000	0.8000
575	Spectrogram 1	1	1357.564664063	1357.567997396	22000.000	38000.000	0.8000
576	Waveform 1	1	1357.659997396	1357.676664062	22000.000	38000.000	0.1600
576	Spectrogram 1	1	1357.659997396	1357.676664062	22000.000	38000.000	0.1600
577	Waveform 1	1	1357.803997396	1357.821330729	22000.000	38000.000	0.1154
577	Spectrogram 1	1	1357.803997396	1357.821330729	22000.000	38000.000	0.1154
578	Waveform 1	1	1357.913997396	1357.928664063	22000.000	38000.000	0.4545
578	Spectrogram 1	1	1357.913997396	1357.928664063	22000.000	38000.000	0.4545
579	Waveform 1	1	1358.036664062	1358.045330729	22000.000	38000.000	0.3077
579	Spectrogram 1	1	1358.036664062	1358.045330729	22000.000	38000.000	0.3077
580	Waveform 1	1	1358.157997396	1358.174664062	22000.000	38000.000	0.3600
580	Spectrogram 1	1	1358.157997396	1358.174664062	22000.000	38000.000	0.3600
581	Waveform 1	1	1358.311330729	1358.325997396	22000.000	38000.000	0.1818
581	Spectrogram 1	1	1358.311330729	1358.325997396	22000.000	38000.000	0.1818
582	Waveform 1	1	1358.431997396	1358.443997396	22000.000	38000.000	0.3333
582	Spectrogram 1	1	1358.431997396	1358.443997396	22000.000	38000.000	0.3333
583	Waveform 1	1	1358.545330729	1358.551330729	22000.000	38000.000	0.6667
583	Spectrogram 1	1	1358.545330729	1358.551330729	22000.000	38000.000	0.6667
584	Waveform 1	1	1364.107997396	1364.114664062	22000.000	38000.000	0.2000
584	Spectrogram 1	1	1364.107997396	1364.114664062	22000.000	38000.000	0.2000
585	Waveform 1	1	1364.270664062	1364.273330729	22000.000	38000.000	0.7500
585	Spectrogram 1	1	1364.270664062	1364.273330729	22000.000	38000.000	0.7500
586	Waveform 1	1	1364.429997396	1364.436664062	22000.000	38000.000	0.6000
586	Spectrogram 1	1	1364.429997396	1364.436664062	22000.000	38000.000	0.6000
587	Waveform 1	1	1364.586664062	1364.597997396	22000.000	38000.000	0.2353
587	Spectrogram 1	1	1364.586664062	1364.597997396	22000.000	38000.000	0.2353
588	Waveform 1	1	1364.669997396	1364.694664062	22000.000	38000.000	0.3514
588	Spectrogram 1	1	1364.669997396	1364.694664062	22000.000	38000.000	0.3514
589	Waveform 1	1	1364.789997396	1364.811997396	22000.000	38000.000	0.1818
589	Spectrogram 1	1	1364.789997396	1364.811997396	22000.000	38000.000	0.1818
590	Waveform 1	1	1364.940664062	1364.954664062	22000.000	38000.000	0.2381
590	Spectrogram 1	1	1364.940664062	1364.954664062	22000.000	38000.000	0.2381
591	Waveform 1	1	1365.049997396	1365.071330729	22000.000	38000.000	0.4062
591	Spectrogram 1	1	1365.049997396	1365.071330729	22000.000	38000.000	0.4062
592	Waveform 1	1	1365.163997396	1365.181997396	22000.000	38000.000	0.3333
592	Spectrogram 1	1	1365.163997396	1365.181997396	22000.000	38000.000	0.3333
593	Waveform 1	1	1365.327330729	1365.345997396	22000.000	38000.000	0.2857
593	Spectrogram 1	1	1365.327330729	1365.345997396	22000.000	38000.000	0.2857
594	Waveform 1	1	1365.517997396	1365.556664062	22000.000	38000.000	0.2586
594	Spectrogram 1	1	1365.517997396	1365.556664062	22000.000	38000.000	0.2586
595	Waveform 1	1	1365.739997396	1365.779997396	22000.000	38000.000	0.3333
595	Spectrogram 1	1	1365.739997396	1365.779997396	22000.000	38000.000	0.3333
596	Waveform 1	1	1365.975330729	1366.011330729	22000.000	38000.000	0.1111
596	Spectrogram 1	1	1365.975330729	1366.011330729	22000.000	38000.000	0.1111
597	Waveform 1	1	1366.107997396	1366.139330729	22000.000	38000.000	0.2766
597	Spectrogram 1	1	1366.107997396	1366.139330729	22000.000	38000.000	0.2766
598	Waveform 1	1	1366.324664063	1366.367330729	22000.000	38000.000	0.2344
598	Spectrogram 1	1	1366.324664063	1366.367330729	22000.000	38000.000	0.2344
599	Waveform 1	1	1366.458664063	1366.503997396	22000.000	38000.000	0.2206
599	Spectrogram 1	1	1366.458664063	1366.503997396	22000.000	38000.000	0.2206
600	Waveform 1	1	1366.697330729	1366.743330729	22000.000	38000.000	0.1449
600	Spectrogram 1	1	1366.697330729	1366.743330729	22000.000	38000.000	0.1449
601	Waveform 1	1	1366.917330729	1366.970664062	22000.000	38000.000	0.2250
601	Spectrogram 1	1	1366.917330729	1366.970664062	22000.000	38000.000	0.2250
602	Waveform 1	1	1367.149330729	1367.206664062	22000.000	38000.000	0.2326
602	Spectrogram 1	1	1367.149330729	1367.206664062	22000.000	38000.000	0.2326
603	Waveform 1	1	1367.372664063	1367.439997396	22000.000	38000.000	0.1485
603	Spectrogram 1	1	1367.372664063	1367.439997396	22000.000	38000.000	0.1485
604	Waveform 1	1	1367.608664062	1367.667330729	22000.000	38000.000	0.1023
604	Spectrogram 1	1	1367.608664062	1367.667330729	22000.000	38000.000	0.1023
605	Waveform 1	1	1367.847330729	1367.894664062	22000.000	38000.000	0.1690
605	Spectrogram 1	1	1367.847330729	1367.894664062	22000.000	38000.000	0.1690
606	Waveform 1	1	1367.972664062	1368.019330729	22000.000	38000.000	0.1714
606	Spectrogram 1	1	1367.972664062	1368.019330729	22000.000	38000.000	0.1714
607	Waveform 1	1	1368.185330729	1368.239330729	22000.000	38000.000	0.2963
607	Spectrogram 1	1	1368.185330729	1368.239330729	22000.000	38000.000	0.2963
608	Waveform 1	1	1368.381330729	1368.439997396	22000.000	38000.000	0.1932
608	Spectrogram 1	1	1368.381330729	1368.439997396	22000.000	38000.000	0.1932
609	Waveform 1	1	1368.883330729	1368.946664062	22000.000	38000.000	0.1789
609	Spectrogram 1	1	1368.883330729	1368.946664062	22000.000	38000.000	0.1789
610	Waveform 1	1	1369.110664062	1369.163997396	22000.000	38000.000	0.2875
610	Spectrogram 1	1	1369.110664062	1369.163997396	22000.000	38000.000	0.2875
611	Waveform 1	1	1369.344664062	1369.414664062	22000.000	38000.000	0.2190
611	Spectrogram 1	1	1369.344664062	1369.414664062	22000.000	38000.000	0.2190
612	Waveform 1	1	1369.580664062	1369.645330729	22000.000	38000.000	0.2474
612	Spectrogram 1	1	1369.580664062	1369.645330729	22000.000	38000.000	0.2474
613	Waveform 1	1	1369.829997396	1369.880664063	22000.000	38000.000	0.1974
613	Spectrogram 1	1	1369.829997396	1369.880664063	22000.000	38000.000	0.1974
614	Waveform 1	1	1370.063997396	1370.112664063	22000.000	38000.000	0.3151
614	Spectrogram 1	1	1370.063997396	1370.112664063	22000.000	38000.000	0.3151
615	Waveform 1	1	1370.306664062	1370.367997396	22000.000	38000.000	0.2391
615	Spectrogram 1	1	1370.306664062	1370.367997396	22000.000	38000.000	0.2391
616	Waveform 1	1	1370.445330729	1370.519330729	22000.000	38000.000	0.2703
616	Spectrogram 1	1	1370.445330729	1370.519330729	22000.000	38000.000	0.2703
617	Waveform 1	1	1370.684664062	1370.719330729	22000.000	38000.000	0.2115
617	Spectrogram 1	1	1370.684664062	1370.719330729	22000.000	38000.000	0.2115
618	Waveform 1	1	1370.918664062	1370.970664062	22000.000	38000.000	0.2179
618	Spectrogram 1	1	1370.918664062	1370.970664062	22000.000	38000.000	0.2179
619	Waveform 1	1	1371.151997396	1371.199997396	22000.000	38000.000	0.2222
619	Spectrogram 1	1	1371.151997396	1371.199997396	22000.000	38000.000	0.2222
620	Waveform 1	1	1371.387330729	1371.423997396	22000.000	38000.000	0.2909
620	Spectrogram 1	1	1371.387330729	1371.423997396	22000.000	38000.000	0.2909
621	Waveform 1	1	1371.621997396	1371.691330729	22000.000	38000.000	0.1827
621	Spectrogram 1	1	1371.621997396	1371.691330729	22000.000	38000.000	0.1827
622	Waveform 1	1	1372.127997396	1372.156664062	22000.000	38000.000	0.1163
622	Spectrogram 1	1	1372.127997396	1372.156664062	22000.000	38000.000	0.1163
623	Waveform 1	1	1372.477997396	1372.519997396	22000.000	38000.000	0.3175
623	Spectrogram 1	1	1372.477997396	1372.519997396	22000.000	38000.000	0.3175
624	Waveform 1	1	1372.717997396	1372.763330729	22000.000	38000.000	0.2206
624	Spectrogram 1	1	1372.717997396	1372.763330729	22000.000	38000.000	0.2206
625	Waveform 1	1	1372.954664062	1372.987997396	22000.000	38000.000	0.2000
625	Spectrogram 1	1	1372.954664062	1372.987997396	22000.000	38000.000	0.2000
626	Waveform 1	1	1373.449330729	1373.473330729	22000.000	38000.000	0.1389
626	Spectrogram 1	1	1373.449330729	1373.473330729	22000.000	38000.000	0.1389
627	Waveform 1	1	1373.804664063	1373.813330729	22000.000	38000.000	0.2308
627	Spectrogram 1	1	1373.804664063	1373.813330729	22000.000	38000.000	0.2308
628	Waveform 1	1	1374.262664062	1374.291997396	22000.000	38000.000	0.2500
628	Spectrogram 1	1	1374.262664062	1374.291997396	22000.000	38000.000	0.2500
629	Waveform 1	1	1374.405997396	1374.416664062	22000.000	38000.000	0.2500
629	Spectrogram 1	1	1374.405997396	1374.416664062	22000.000	38000.000	0.2500
630	Waveform 1	1	1374.620664062	1374.622664063	22000.000	38000.000	0.6667
630	Spectrogram 1	1	1374.620664062	1374.622664063	22000.000	38000.000	0.6667
631	Waveform 1	1	1374.973997396	1374.989997396	22000.000	38000.000	0.1250
631	Spectrogram 1	1	1374.973997396	1374.989997396	22000.000	38000.000	0.1250
632	Waveform 1	1	1375.565997396	1375.570664062	22000.000	38000.000	0.4286
632	Spectrogram 1	1	1375.565997396	1375.570664062	22000.000	38000.000	0.4286
633	Waveform 1	1	1376.049997396	1376.069330729	22000.000	38000.000	0.2759
633	Spectrogram 1	1	1376.049997396	1376.069330729	22000.000	38000.000	0.2759
634	Waveform 1	1	1376.634664062	1376.647330729	22000.000	38000.000	0.3158
634	Spectrogram 1	1	1376.634664062	1376.647330729	22000.000	38000.000	0.3158
635	Waveform 1	1	1377.019997396	1377.032664062	22000.000	38000.000	0.2105
635	Spectrogram 1	1	1377.019997396	1377.032664062	22000.000	38000.000	0.2105
636	Waveform 1	1	1377.366664062	1377.387997396	22000.000	38000.000	0.1875
636	Spectrogram 1	1	1377.366664062	1377.387997396	22000.000	38000.000	0.1875
637	Waveform 1	1	1377.745997396	1377.747330729	22000.000	38000.000	1.0000
637	Spectrogram 1	1	1377.745997396	1377.747330729	22000.000	38000.000	1.0000
638	Waveform 1	1	1379.785997396	1379.787330729	22000.000	38000.000	1.0000
638	Spectrogram 1	1	1379.785997396	1379.787330729	22000.000	38000.000	1.0000
639	Waveform 1	1	1407.505330729	1407.519997396	22000.000	38000.000	0.1364
639	Spectrogram 1	1	1407.505330729	1407.519997396	22000.000	38000.000	0.1364
640	Waveform 1	1	1409.101330729	1409.107997396	22000.000	38000.000	0.2000
640	Spectrogram 1	1	1409.101330729	1409.107997396	22000.000	38000.000	0.2000
641	Waveform 1	1	1413.287997396	1413.290664062	22000.000	38000.000	0.7500
641	Spectrogram 1	1	1413.287997396	1413.290664062	22000.000	38000.000	0.7500
642	Waveform 1	1	1415.731997396	1415.733997396	22000.000	38000.000	0.6667
642	Spectrogram 1	1	1415.731997396	1415.733997396	22000.000	38000.000	0.6667
643	Waveform 1	1	1416.465330729	1416.482664062	22000.000	38000.000	0.1538
643	Spectrogram 1	1	1416.465330729	1416.482664062	22000.000	38000.000	0.1538
644	Waveform 1	1	1417.474664062	1417.475997396	22000.000	38000.000	1.0000
644	Spectrogram 1	1	1417.474664062	1417.475997396	22000.000	38000.000	1.0000
645	Waveform 1	1	1418.345330729	1418.355997396	22000.000	38000.000	0.4375
645	Spectrogram 1	1	1418.345330729	1418.355997396	22000.000	38000.000	0.4375
646	Waveform 1	1	1420.828664062	1420.832664063	22000.000	38000.000	0.5000
646	Spectrogram 1	1	1420.828664062	1420.832664063	22000.000	38000.000	0.5000
647	Waveform 1	1	1421.711330729	1421.722664062	22000.000	38000.000	0.2353
647	Spectrogram 1	1	1421.711330729	1421.722664062	22000.000	38000.000	0.2353
648	Waveform 1	1	1444.294664063	1444.305330729	22000.000	38000.000	0.2500
648	Spectrogram 1	1	1444.294664063	1444.305330729	22000.000	38000.000	0.2500
649	Waveform 1	1	1445.689997396	1445.707330729	22000.000	38000.000	0.1154
649	Spectrogram 1	1	1445.689997396	1445.707330729	22000.000	38000.000	0.1154
650	Waveform 1	1	1446.757997396	1446.765330729	22000.000	38000.000	0.1818
650	Spectrogram 1	1	1446.757997396	1446.765330729	22000.000	38000.000	0.1818
651	Waveform 1	1	1447.399330729	1447.424664062	22000.000	38000.000	0.1316
651	Spectrogram 1	1	1447.399330729	1447.424664062	22000.000	38000.000	0.1316
652	Waveform 1	1	1495.847330729	1495.848664062	22000.000	38000.000	1.0000
652	Spectrogram 1	1	1495.847330729	1495.848664062	22000.000	38000.000	1.0000
653	Waveform 1	1	1559.149997396	1559.151330729	22000.000	38000.000	1.0000
653	Spectrogram 1	1	1559.149997396	1559.151330729	22000.000	38000.000	1.0000
654	Waveform 1	1	1563.319330729	1563.332664063	22000.000	38000.000	0.1000
654	Spectrogram 1	1	1563.319330729	1563.332664063	22000.000	38000.000	0.1000
655	Waveform 1	1	1691.896664062	1691.897997396	22000.000	38000.000	1.0000
655	Spectrogram 1	1	1691.896664062	1691.897997396	22000.000	38000.000	1.0000
656	Waveform 1	1	1694.316664062	1694.340664062	22000.000	38000.000	0.0833
656	Spectrogram 1	1	1694.316664062	1694.340664062	22000.000	38000.000	0.0833
657	Waveform 1	1	1694.838664062	1694.855997396	22000.000	38000.000	0.1154
657	Spectrogram 1	1	1694.838664062	1694.855997396	22000.000	38000.000	0.1154
658	Waveform 1	1	1747.853330729	1747.869330729	22000.000	38000.000	0.0833
658	Spectrogram 1	1	1747.853330729	1747.869330729	22000.000	38000.000	0.0833
659	Waveform 1	1	1748.489997396	1748.515330729	22000.000	38000.000	0.1053
659	Spectrogram 1	1	1748.489997396	1748.515330729	22000.000	38000.000	0.1053
660	Waveform 1	1	1749.131330729	1749.150664063	22000.000	38000.000	0.1724
660	Spectrogram 1	1	1749.131330729	1749.150664063	22000.000	38000.000	0.1724
661	Waveform 1	1	1749.927997396	1749.948664063	22000.000	38000.000	0.1290
661	Spectrogram 1	1	1749.927997396	1749.948664063	22000.000	38000.000	0.1290
662	Waveform 1	1	1750.617330729	1750.651997396	22000.000	38000.000	0.2115
662	Spectrogram 1	1	1750.617330729	1750.651997396	22000.000	38000.000	0.2115
663	Waveform 1	1	1751.296664062	1751.323330729	22000.000	38000.000	0.2500
663	Spectrogram 1	1	1751.296664062	1751.323330729	22000.000	38000.000	0.2500
664	Waveform 1	1	1751.559330729	1751.613997396	22000.000	38000.000	0.1829
664	Spectrogram 1	1	1751.559330729	1751.613997396	22000.000	38000.000	0.1829
665	Waveform 1	1	1751.917997396	1751.920664063	22000.000	38000.000	0.5000
665	Spectrogram 1	1	1751.917997396	1751.920664063	22000.000	38000.000	0.5000
666	Waveform 1	1	1752.201997396	1752.222664062	22000.000	38000.000	0.1935
666	Spectrogram 1	1	1752.201997396	1752.222664062	22000.000	38000.000	0.1935
667	Waveform 1	1	1752.380664063	1752.417997396	22000.000	38000.000	0.2857
667	Spectrogram 1	1	1752.380664063	1752.417997396	22000.000	38000.000	0.2857
668	Waveform 1	1	1753.011330729	1753.064664063	22000.000	38000.000	0.1000
668	Spectrogram 1	1	1753.011330729	1753.064664063	22000.000	38000.000	0.1000
669	Waveform 1	1	1753.516664063	1753.537330729	22000.000	38000.000	0.1613
669	Spectrogram 1	1	1753.516664063	1753.537330729	22000.000	38000.000	0.1613
670	Waveform 1	1	1753.711997396	1753.713997396	22000.000	38000.000	0.6667
670	Spectrogram 1	1	1753.711997396	1753.713997396	22000.000	38000.000	0.6667
671	Waveform 1	1	1754.295330729	1754.334664062	22000.000	38000.000	0.1864
671	Spectrogram 1	1	1754.295330729	1754.334664062	22000.000	38000.000	0.1864
672	Waveform 1	1	1754.633997396	1754.669997396	22000.000	38000.000	0.2222
672	Spectrogram 1	1	1754.633997396	1754.669997396	22000.000	38000.000	0.2222
673	Waveform 1	1	1755.261997396	1755.285330729	22000.000	38000.000	0.1429
673	Spectrogram 1	1	1755.261997396	1755.285330729	22000.000	38000.000	0.1429
674	Waveform 1	1	1755.909997396	1755.931330729	22000.000	38000.000	0.0938
674	Spectrogram 1	1	1755.909997396	1755.931330729	22000.000	38000.000	0.0938
675	Waveform 1	1	1756.527330729	1756.553997396	22000.000	38000.000	0.1250
675	Spectrogram 1	1	1756.527330729	1756.553997396	22000.000	38000.000	0.1250
676	Waveform 1	1	1757.520664062	1757.535330729	22000.000	38000.000	0.1364
676	Spectrogram 1	1	1757.520664062	1757.535330729	22000.000	38000.000	0.1364
677	Waveform 1	1	1759.220664062	1759.227997396	22000.000	38000.000	0.2727
677	Spectrogram 1	1	1759.220664062	1759.227997396	22000.000	38000.000	0.2727
