Selection	View	Channel	Begin Time (s)	End Time (s)	Low Freq (Hz)	High Freq (Hz)	Occupancy
1	Waveform 1	1	152.365330729	152.389330729	22000.000	38000.000	0.0833
1	Spectrogram 1	1	152.365330729	152.389330729	22000.000	38000.000	0.0833
2	Waveform 1	1	153.773997396	153.779330729	22000.000	38000.000	0.2500
2	Spectrogram 1	1	153.773997396	153.779330729	22000.000	38000.000	0.2500
3	Waveform 1	1	155.505330729	155.506664062	22000.000	38000.000	1.0000
3	Spectrogram 1	1	155.505330729	155.506664062	22000.000	38000.000	1.0000
4	Waveform 1	1	195.403330729	195.405330729	22000.000	38000.000	1.0000
4	Spectrogram 1	1	195.403330729	195.405330729	22000.000	38000.000	1.0000
5	Waveform 1	1	196.359997396	196.363997396	22000.000	38000.000	0.3333
5	Spectrogram 1	1	196.359997396	196.363997396	22000.000	38000.000	0.3333
6	Waveform 1	1	229.665330729	229.667997396	22000.000	38000.000	0.5000
6	Spectrogram 1	1	229.665330729	229.667997396	22000.000	38000.000	0.5000
7	Waveform 1	1	232.551997396	232.569997396	22000.000	38000.000	0.1111
7	Spectrogram 1	1	232.551997396	232.569997396	22000.000	38000.000	0.1111
8	Waveform 1	1	234.646664062	234.667997396	22000.000	38000.000	0.1250
8	Spectrogram 1	1	234.646664062	234.667997396	22000.000	38000.000	0.1250
9	Waveform 1	1	284.695997396	284.711997396	22000.000	38000.000	0.1250
9	Spectrogram 1	1	284.695997396	284.711997396	22000.000	38000.000	0.1250
10	Waveform 1	1	285.147997396	285.160664063	22000.000	38000.000	0.2632
10	Spectrogram 1	1	285.147997396	285.160664063	22000.000	38000.000	0.2632
11	Waveform 1	1	299.287330729	299.312664063	22000.000	38000.000	0.2105
11	Spectrogram 1	1	299.287330729	299.312664063	22000.000	38000.000	0.2105
12	Waveform 1	1	299.813330729	299.835330729	22000.000	38000.000	0.3030
12	Spectrogram 1	1	299.813330729	299.835330729	22000.000	38000.000	0.3030
13	Waveform 1	1	302.251330729	302.276664063	22000.000	38000.000	0.0789
13	Spectrogram 1	1	302.251330729	302.276664063	22000.000	38000.000	0.0789
14	Waveform 1	1	302.687997396	302.729997396	22000.000	38000.000	0.0794
14	Spectrogram 1	1	302.687997396	302.729997396	22000.000	38000.000	0.0794
15	Waveform 1	1	302.835330729	302.871330729	22000.000	38000.000	0.1667
15	Spectrogram 1	1	302.835330729	302.871330729	22000.000	38000.000	0.1667
16	Waveform 1	1	303.217997396	303.239330729	22000.000	38000.000	0.1562
16	Spectrogram 1	1	303.217997396	303.239330729	22000.000	38000.000	0.1562
17	Waveform 1	1	305.647330729	305.648664063	22000.000	38000.000	1.0000
17	Spectrogram 1	1	305.647330729	305.648664063	22000.000	38000.000	1.0000
18	Waveform 1	1	306.303330729	306.312664063	22000.000	38000.000	0.1429
18	Spectrogram 1	1	306.303330729	306.312664063	22000.000	38000.000	0.1429
19	Waveform 1	1	306.733997396	306.738664062	22000.000	38000.000	0.2857
19	Spectrogram 1	1	306.733997396	306.738664062	22000.000	38000.000	0.2857
20	Waveform 1	1	307.073330729	307.103997396	22000.000	38000.000	0.0870
20	Spectrogram 1	1	307.073330729	307.103997396	22000.000	38000.000	0.0870
21	Waveform 1	1	307.803997396	307.815997396	22000.000	38000.000	0.1667
21	Spectrogram 1	1	307.803997396	307.815997396	22000.000	38000.000	0.1667
22	Waveform 1	1	372.765997396	372.769330729	22000.000	38000.000	0.8000
22	Spectrogram 1	1	372.765997396	372.769330729	22000.000	38000.000	0.8000
23	Waveform 1	1	380.405997396	380.415330729	22000.000	38000.000	0.2143
23	Spectrogram 1	1	380.405997396	380.415330729	22000.000	38000.000	0.2143
24	Waveform 1	1	470.252664063	470.277330729	22000.000	38000.000	0.1351
24	Spectrogram 1	1	470.252664063	470.277330729	22000.000	38000.000	0.1351
25	Waveform 1	1	490.123997396	490.129997396	22000.000	38000.000	0.3333
25	Spectrogram 1	1	490.123997396	490.129997396	22000.000	38000.000	0.3333
26	Waveform 1	1	490.375997396	490.389997396	22000.000	38000.000	0.0952
26	Spectrogram 1	1	490.375997396	490.389997396	22000.000	38000.000	0.0952
27	Waveform 1	1	490.633997396	490.659330729	22000.000	38000.000	0.1316
27	Spectrogram 1	1	490.633997396	490.659330729	22000.000	38000.000	0.1316
28	Waveform 1	1	490.901330729	490.918664062	22000.000	38000.000	0.3077
28	Spectrogram 1	1	490.901330729	490.918664062	22000.000	38000.000	0.3077
29	Waveform 1	1	491.159997396	491.177997396	22000.000	38000.000	0.1852
29	Spectrogram 1	1	491.159997396	491.177997396	22000.000	38000.000	0.1852
30	Waveform 1	1	491.423997396	491.443330729	22000.000	38000.000	0.1379
30	Spectrogram 1	1	491.423997396	491.443330729	22000.000	38000.000	0.1379
31	Waveform 1	1	491.679997396	491.713330729	22000.000	38000.000	0.0800
31	Spectrogram 1	1	491.679997396	491.713330729	22000.000	38000.000	0.0800
32	Waveform 1	1	491.931330729	491.943997396	22000.000	38000.000	0.2105
32	Spectrogram 1	1	491.931330729	491.943997396	22000.000	38000.000	0.2105
33	Waveform 1	1	492.188664062	492.219997396	22000.000	38000.000	0.1489
33	Spectrogram 1	1	492.188664062	492.219997396	22000.000	38000.000	0.1489
34	Waveform 1	1	492.715330729	492.725330729	22000.000	38000.000	0.4000
34	Spectrogram 1	1	492.715330729	492.725330729	22000.000	38000.000	0.4000
35	Waveform 1	1	492.976664062	492.998664062	22000.000	38000.000	0.1515
35	Spectrogram 1	1	492.976664062	492.998664062	22000.000	38000.000	0.1515
36	Waveform 1	1	493.231330729	493.278664063	22000.000	38000.000	0.0704
36	Spectrogram 1	1	493.231330729	493.278664063	22000.000	38000.000	0.0704
37	Waveform 1	1	493.497330729	493.515330729	22000.000	38000.000	0.1852
37	Spectrogram 1	1	493.497330729	493.515330729	22000.000	38000.000	0.1852
38	Waveform 1	1	493.753997396	493.785997396	22000.000	38000.000	0.0833
38	Spectrogram 1	1	493.753997396	493.785997396	22000.000	38000.000	0.0833
39	Waveform 1	1	494.301330729	494.347997396	22000.000	38000.000	0.1000
39	Spectrogram 1	1	494.301330729	494.347997396	22000.000	38000.000	0.1000
40	Waveform 1	1	494.835997396	494.868664062	22000.000	38000.000	0.1020
40	Spectrogram 1	1	494.835997396	494.868664062	22000.000	38000.000	0.1020
41	Waveform 1	1	494.990664063	495.031997396	22000.000	38000.000	0.0806
41	Spectrogram 1	1	494.990664063	495.031997396	22000.000	38000.000	0.0806
42	Waveform 1	1	495.517997396	495.564664063	22000.000	38000.000	0.1286
42	Spectrogram 1	1	495.517997396	495.564664063	22000.000	38000.000	0.1286
43	Waveform 1	1	497.023997396	497.058664062	22000.000	38000.000	0.1923
43	Spectrogram 1	1	497.023997396	497.058664062	22000.000	38000.000	0.1923
44	Waveform 1	1	497.281997396	497.313997396	22000.000	38000.000	0.1250
44	Spectrogram 1	1	497.281997396	497.313997396	22000.000	38000.000	0.1250
45	Waveform 1	1	497.818664062	497.825330729	22000.000	38000.000	0.3000
45	Spectrogram 1	1	497.818664062	497.825330729	22000.000	38000.000	0.3000
46	Waveform 1	1	498.093330729	498.097997396	22000.000	38000.000	0.2857
46	Spectrogram 1	1	498.093330729	498.097997396	22000.000	38000.000	0.2857
47	Waveform 1	1	498.348664063	498.373997396	22000.000	38000.000	0.1316
47	Spectrogram 1	1	498.348664063	498.373997396	22000.000	38000.000	0.1316
48	Waveform 1	1	501.203997396	501.205330729	22000.000	38000.000	1.0000
48	Spectrogram 1	1	501.203997396	501.205330729	22000.000	38000.000	1.0000
49	Waveform 1	1	536.267997396	536.269997396	22000.000	38000.000	0.6667
49	Spectrogram 1	1	536.267997396	536.269997396	22000.000	38000.000	0.6667
50	Waveform 1	1	537.045330729	537.048664063	22000.000	38000.000	0.4000
50	Spectrogram 1	1	537.045330729	537.048664063	22000.000	38000.000	0.4000
51	Waveform 1	1	557.143997396	557.149330729	22000.000	38000.000	0.2500
51	Spectrogram 1	1	557.143997396	557.149330729	22000.000	38000.000	0.2500
52	Waveform 1	1	575.417997396	575.426664063	22000.000	38000.000	0.2308
52	Spectrogram 1	1	575.417997396	575.426664063	22000.000	38000.000	0.2308
53	Waveform 1	1	575.974664063	575.985997396	22000.000	38000.000	0.1765
53	Spectrogram 1	1	575.974664063	575.985997396	22000.000	38000.000	0.1765
54	Waveform 1	1	577.876664063	577.881997396	22000.000	38000.000	0.3750
54	Spectrogram 1	1	577.876664063	577.881997396	22000.000	38000.000	0.3750
55	Waveform 1	1	580.489330729	580.494664063	22000.000	38000.000	0.2500
55	Spectrogram 1	1	580.489330729	580.494664063	22000.000	38000.000	0.2500
56	Waveform 1	1	581.979330729	581.993330729	22000.000	38000.000	0.1905
56	Spectrogram 1	1	581.979330729	581.993330729	22000.000	38000.000	0.1905
57	Waveform 1	1	583.239330729	583.253330729	22000.000	38000.000	0.1429
57	Spectrogram 1	1	583.239330729	583.253330729	22000.000	38000.000	0.1429
58	Waveform 1	1	583.381997396	583.397997396	22000.000	38000.000	0.0833
58	Spectrogram 1	1	583.381997396	583.397997396	22000.000	38000.000	0.0833
59	Waveform 1	1	584.998664063	585.003330729	22000.000	38000.000	0.2857
59	Spectrogram 1	1	584.998664063	585.003330729	22000.000	38000.000	0.2857
60	Waveform 1	1	586.027997396	586.035330729	22000.000	38000.000	0.3636
60	Spectrogram 1	1	586.027997396	586.035330729	22000.000	38000.000	0.3636
61	Waveform 1	1	587.571330729	587.579330729	22000.000	38000.000	0.2500
61	Spectrogram 1	1	587.571330729	587.579330729	22000.000	38000.000	0.2500
62	Waveform 1	1	604.002664063	604.003997396	22000.000	38000.000	1.0000
62	Spectrogram 1	1	604.002664063	604.003997396	22000.000	38000.000	1.0000
63	Waveform 1	1	605.111330729	605.147330729	22000.000	38000.000	0.1852
63	Spectrogram 1	1	605.111330729	605.147330729	22000.000	38000.000	0.1852
64	Waveform 1	1	605.651330729	605.688664063	22000.000	38000.000	0.1429
64	Spectrogram 1	1	605.651330729	605.688664063	22000.000	38000.000	0.1429
65	Waveform 1	1	606.178664063	606.195330729	22000.000	38000.000	0.1600
65	Spectrogram 1	1	606.178664063	606.195330729	22000.000	38000.000	0.1600
66	Waveform 1	1	607.783330729	607.787330729	22000.000	38000.000	0.5000
66	Spectrogram 1	1	607.783330729	607.787330729	22000.000	38000.000	0.5000
67	Waveform 1	1	609.486664063	609.487997396	22000.000	38000.000	1.0000
67	Spectrogram 1	1	609.486664063	609.487997396	22000.000	38000.000	1.0000
68	Waveform 1	1	622.822664063	622.825330729	22000.000	38000.000	0.5000
68	Spectrogram 1	1	622.822664063	622.825330729	22000.000	38000.000	0.5000
69	Waveform 1	1	629.419330729	629.430664062	22000.000	38000.000	0.1176
69	Spectrogram 1	1	629.419330729	629.430664062	22000.000	38000.000	0.1176
70	Waveform 1	1	630.237997396	630.253997396	22000.000	38000.000	0.0833
70	Spectrogram 1	1	630.237997396	630.253997396	22000.000	38000.000	0.0833
71	Waveform 1	1	637.603330729	637.611997396	22000.000	38000.000	0.1538
71	Spectrogram 1	1	637.603330729	637.611997396	22000.000	38000.000	0.1538
72	Waveform 1	1	639.310664062	639.321997396	22000.000	38000.000	0.1176
72	Spectrogram 1	1	639.310664062	639.321997396	22000.000	38000.000	0.1176
73	Waveform 1	1	639.753330729	639.762664062	22000.000	38000.000	0.2143
73	Spectrogram 1	1	639.753330729	639.762664062	22000.000	38000.000	0.2143
74	Waveform 1	1	642.149330729	642.151330729	22000.000	38000.000	0.6667
74	Spectrogram 1	1	642.149330729	642.151330729	22000.000	38000.000	0.6667
75	Waveform 1	1	642.387330729	642.389330729	22000.000	38000.000	0.6667
75	Spectrogram 1	1	642.387330729	642.389330729	22000.000	38000.000	0.6667
76	Waveform 1	1	643.304664063	643.305997396	22000.000	38000.000	1.0000
76	Spectrogram 1	1	643.304664063	643.305997396	22000.000	38000.000	1.0000
77	Waveform 1	1	644.743997396	644.763330729	22000.000	38000.000	0.1379
77	Spectrogram 1	1	644.743997396	644.763330729	22000.000	38000.000	0.1379
78	Waveform 1	1	645.920664063	645.929330729	22000.000	38000.000	0.3846
78	Spectrogram 1	1	645.920664063	645.929330729	22000.000	38000.000	0.3846
79	Waveform 1	1	646.288664063	646.306664063	22000.000	38000.000	0.1111
79	Spectrogram 1	1	646.288664063	646.306664063	22000.000	38000.000	0.1111
80	Waveform 1	1	646.777997396	646.808664063	22000.000	38000.000	0.0870
80	Spectrogram 1	1	646.777997396	646.808664063	22000.000	38000.000	0.0870
81	Waveform 1	1	647.529997396	647.531997396	22000.000	38000.000	0.6667
81	Spectrogram 1	1	647.529997396	647.531997396	22000.000	38000.000	0.6667
82	Waveform 1	1	647.648664063	647.653330729	22000.000	38000.000	0.2857
82	Spectrogram 1	1	647.648664063	647.653330729	22000.000	38000.000	0.2857
83	Waveform 1	1	676.781330729	676.789997396	22000.000	38000.000	0.1538
83	Spectrogram 1	1	676.781330729	676.789997396	22000.000	38000.000	0.1538
84	Waveform 1	1	677.481330729	677.495330729	22000.000	38000.000	0.1905
84	Spectrogram 1	1	677.481330729	677.495330729	22000.000	38000.000	0.1905
85	Waveform 1	1	680.193330729	680.194664063	22000.000	38000.000	1.0000
85	Spectrogram 1	1	680.193330729	680.194664063	22000.000	38000.000	1.0000
86	Waveform 1	1	681.294664063	681.295997396	22000.000	38000.000	1.0000
86	Spectrogram 1	1	681.294664063	681.295997396	22000.000	38000.000	1.0000
87	Waveform 1	1	683.055997396	683.059330729	22000.000	38000.000	0.8000
87	Spectrogram 1	1	683.055997396	683.059330729	22000.000	38000.000	0.8000
88	Waveform 1	1	685.797997396	685.799330729	22000.000	38000.000	1.0000
88	Spectrogram 1	1	685.797997396	685.799330729	22000.000	38000.000	1.0000
89	Waveform 1	1	685.931997396	685.933997396	22000.000	38000.000	1.0000
89	Spectrogram 1	1	685.931997396	685.933997396	22000.000	38000.000	1.0000
90	Waveform 1	1	686.619997396	686.621997396	22000.000	38000.000	0.6667
90	Spectrogram 1	1	686.619997396	686.621997396	22000.000	38000.000	0.6667
91	Waveform 1	1	686.784664063	686.787330729	22000.000	38000.000	0.5000
91	Spectrogram 1	1	686.784664063	686.787330729	22000.000	38000.000	0.5000
92	Waveform 1	1	738.279330729	738.280664063	22000.000	38000.000	1.0000
92	Spectrogram 1	1	738.279330729	738.280664063	22000.000	38000.000	1.0000
93	Waveform 1	1	740.707997396	740.709330729	22000.000	38000.000	1.0000
93	Spectrogram 1	1	740.707997396	740.709330729	22000.000	38000.000	1.0000
94	Waveform 1	1	782.895997396	782.899997396	22000.000	38000.000	0.3333
94	Spectrogram 1	1	782.895997396	782.899997396	22000.000	38000.000	0.3333
95	Waveform 1	1	788.225997396	788.227330729	22000.000	38000.000	1.0000
95	Spectrogram 1	1	788.225997396	788.227330729	22000.000	38000.000	1.0000
96	Waveform 1	1	788.514664063	788.525997396	22000.000	38000.000	0.1176
96	Spectrogram 1	1	788.514664063	788.525997396	22000.000	38000.000	0.1176
97	Waveform 1	1	789.424664063	789.425997396	22000.000	38000.000	1.0000
97	Spectrogram 1	1	789.424664063	789.425997396	22000.000	38000.000	1.0000
98	Waveform 1	1	789.980664063	790.001330729	22000.000	38000.000	0.2258
98	Spectrogram 1	1	789.980664063	790.001330729	22000.000	38000.000	0.2258
99	Waveform 1	1	790.934664063	790.947330729	22000.000	38000.000	0.1579
99	Spectrogram 1	1	790.934664063	790.947330729	22000.000	38000.000	0.1579
100	Waveform 1	1	791.034664063	791.061330729	22000.000	38000.000	0.1000
100	Spectrogram 1	1	791.034664063	791.061330729	22000.000	38000.000	0.1000
101	Waveform 1	1	791.466664063	791.473330729	22000.000	38000.000	0.5000
101	Spectrogram 1	1	791.466664063	791.473330729	22000.000	38000.000	0.5000
102	Waveform 1	1	791.711997396	791.721330729	22000.000	38000.000	0.1429
102	Spectrogram 1	1	791.711997396	791.721330729	22000.000	38000.000	0.1429
103	Waveform 1	1	791.867997396	791.889330729	22000.000	38000.000	0.1875
103	Spectrogram 1	1	791.867997396	791.889330729	22000.000	38000.000	0.1875
104	Waveform 1	1	792.843997396	792.849330729	22000.000	38000.000	0.2500
104	Spectrogram 1	1	792.843997396	792.849330729	22000.000	38000.000	0.2500
105	Waveform 1	1	793.253330729	793.258664063	22000.000	38000.000	0.2500
105	Spectrogram 1	1	793.253330729	793.258664063	22000.000	38000.000	0.2500
106	Waveform 1	1	793.377997396	793.399330729	22000.000	38000.000	0.1250
106	Spectrogram 1	1	793.377997396	793.399330729	22000.000	38000.000	0.1250
107	Waveform 1	1	793.635997396	793.662664063	22000.000	38000.000	0.1250
107	Spectrogram 1	1	793.635997396	793.662664063	22000.000	38000.000	0.1250
108	Waveform 1	1	793.807330729	793.809330729	22000.000	38000.000	1.0000
108	Spectrogram 1	1	793.807330729	793.809330729	22000.000	38000.000	1.0000
109	Waveform 1	1	794.083330729	794.105997396	22000.000	38000.000	0.1471
109	Spectrogram 1	1	794.083330729	794.105997396	22000.000	38000.000	0.1471
110	Waveform 1	1	822.365997396	822.371330729	22000.000	38000.000	0.2500
110	Spectrogram 1	1	822.365997396	822.371330729	22000.000	38000.000	0.2500
111	Waveform 1	1	846.458664063	846.459997396	22000.000	38000.000	1.0000
111	Spectrogram 1	1	846.458664063	846.459997396	22000.000	38000.000	1.0000
112	Waveform 1	1	855.155330729	855.160664063	22000.000	38000.000	0.6250
112	Spectrogram 1	1	855.155330729	855.160664063	22000.000	38000.000	0.6250
113	Waveform 1	1	856.544664063	856.549330729	22000.000	38000.000	0.2857
113	Spectrogram 1	1	856.544664063	856.549330729	22000.000	38000.000	0.2857
114	Waveform 1	1	856.683997396	856.695997396	22000.000	38000.000	0.1111
114	Spectrogram 1	1	856.683997396	856.695997396	22000.000	38000.000	0.1111
115	Waveform 1	1	861.289330729	861.296664063	22000.000	38000.000	0.2727
115	Spectrogram 1	1	861.289330729	861.296664063	22000.000	38000.000	0.2727
116	Waveform 1	1	862.481997396	862.501997396	22000.000	38000.000	0.1000
116	Spectrogram 1	1	862.481997396	862.501997396	22000.000	38000.000	0.1000
117	Waveform 1	1	863.283997396	863.307330729	22000.000	38000.000	0.0857
117	Spectrogram 1	1	863.283997396	863.307330729	22000.000	38000.000	0.0857
118	Waveform 1	1	863.539997396	863.545330729	22000.000	38000.000	0.2500
118	Spectrogram 1	1	863.539997396	863.545330729	22000.000	38000.000	0.2500
119	Waveform 1	1	863.804664063	863.807330729	22000.000	38000.000	0.7500
119	Spectrogram 1	1	863.804664063	863.807330729	22000.000	38000.000	0.7500
120	Waveform 1	1	864.466664063	864.482664063	22000.000	38000.000	0.2083
120	Spectrogram 1	1	864.466664063	864.482664063	22000.000	38000.000	0.2083
121	Waveform 1	1	865.473330729	865.505997396	22000.000	38000.000	0.1224
121	Spectrogram 1	1	865.473330729	865.505997396	22000.000	38000.000	0.1224
122	Waveform 1	1	865.636664063	865.640664063	22000.000	38000.000	0.3333
122	Spectrogram 1	1	865.636664063	865.640664063	22000.000	38000.000	0.3333
123	Waveform 1	1	866.051997396	866.058664063	22000.000	38000.000	0.2000
123	Spectrogram 1	1	866.051997396	866.058664063	22000.000	38000.000	0.2000
124	Waveform 1	1	867.451997396	867.463997396	22000.000	38000.000	0.1111
124	Spectrogram 1	1	867.451997396	867.463997396	22000.000	38000.000	0.1111
125	Waveform 1	1	869.023997396	869.025330729	22000.000	38000.000	1.0000
125	Spectrogram 1	1	869.023997396	869.025330729	22000.000	38000.000	1.0000
126	Waveform 1	1	870.337330729	870.341997396	22000.000	38000.000	0.2857
126	Spectrogram 1	1	870.337330729	870.341997396	22000.000	38000.000	0.2857
127	Waveform 1	1	876.115997396	876.124664063	22000.000	38000.000	0.3077
127	Spectrogram 1	1	876.115997396	876.124664063	22000.000	38000.000	0.3077
128	Waveform 1	1	876.381997396	876.383997396	22000.000	38000.000	1.0000
128	Spectrogram 1	1	876.381997396	876.383997396	22000.000	38000.000	1.0000
129	Waveform 1	1	877.168664063	877.183330729	22000.000	38000.000	0.1364
129	Spectrogram 1	1	877.168664063	877.183330729	22000.000	38000.000	0.1364
130	Waveform 1	1	877.651330729	877.683330729	22000.000	38000.000	0.1250
130	Spectrogram 1	1	877.651330729	877.683330729	22000.000	38000.000	0.1250
131	Waveform 1	1	878.374664063	878.384664063	22000.000	38000.000	0.2000
131	Spectrogram 1	1	878.374664063	878.384664063	22000.000	38000.000	0.2000
132	Waveform 1	1	880.041330729	880.049997396	22000.000	38000.000	0.1538
132	Spectrogram 1	1	880.041330729	880.049997396	22000.000	38000.000	0.1538
133	Waveform 1	1	881.589997396	881.591997396	22000.000	38000.000	0.6667
133	Spectrogram 1	1	881.589997396	881.591997396	22000.000	38000.000	0.6667
134	Waveform 1	1	882.092664063	882.095330729	22000.000	38000.000	0.5000
134	Spectrogram 1	1	882.092664063	882.095330729	22000.000	38000.000	0.5000
135	Waveform 1	1	884.197330729	884.203330729	22000.000	38000.000	0.5556
135	Spectrogram 1	1	884.197330729	884.203330729	22000.000	38000.000	0.5556
136	Waveform 1	1	884.385997396	884.396664063	22000.000	38000.000	0.1875
136	Spectrogram 1	1	884.385997396	884.396664063	22000.000	38000.000	0.1875
137	Waveform 1	1	884.542664063	884.544664063	22000.000	38000.000	0.6667
137	Spectrogram 1	1	884.542664063	884.544664063	22000.000	38000.000	0.6667
138	Waveform 1	1	922.673997396	922.683997396	22000.000	38000.000	0.2000
138	Spectrogram 1	1	922.673997396	922.683997396	22000.000	38000.000	0.2000
139	Waveform 1	1	1035.755330729	1035.756664063	22000.000	38000.000	1.0000
139	Spectrogram 1	1	1035.755330729	1035.756664063	22000.000	38000.000	1.0000
140	Waveform 1	1	1036.263330729	1036.277330729	22000.000	38000.000	0.1429
140	Spectrogram 1	1	1036.263330729	1036.277330729	22000.000	38000.000	0.1429
141	Waveform 1	1	1038.768664062	1038.774664062	22000.000	38000.000	0.2222
141	Spectrogram 1	1	1038.768664062	1038.774664062	22000.000	38000.000	0.2222
142	Waveform 1	1	1039.561330729	1039.566664062	22000.000	38000.000	0.2500
142	Spectrogram 1	1	1039.561330729	1039.566664062	22000.000	38000.000	0.2500
143	Waveform 1	1	1039.838664062	1039.857330729	22000.000	38000.000	0.2143
143	Spectrogram 1	1	1039.838664062	1039.857330729	22000.000	38000.000	0.2143
144	Waveform 1	1	1040.103330729	1040.108664062	22000.000	38000.000	0.3750
144	Spectrogram 1	1	1040.103330729	1040.108664062	22000.000	38000.000	0.3750
145	Waveform 1	1	1040.877997396	1040.889997396	22000.000	38000.000	0.1111
145	Spectrogram 1	1	1040.877997396	1040.889997396	22000.000	38000.000	0.1111
146	Waveform 1	1	1041.140664063	1041.160664063	22000.000	38000.000	0.1000
146	Spectrogram 1	1	1041.140664063	1041.160664063	22000.000	38000.000	0.1000
147	Waveform 1	1	1041.401997396	1041.413330729	22000.000	38000.000	0.1765
147	Spectrogram 1	1	1041.401997396	1041.413330729	22000.000	38000.000	0.1765
148	Waveform 1	1	1042.441330729	1042.469330729	22000.000	38000.000	0.1429
148	Spectrogram 1	1	1042.441330729	1042.469330729	22000.000	38000.000	0.1429
149	Waveform 1	1	1042.849330729	1042.879330729	22000.000	38000.000	0.0889
149	Spectrogram 1	1	1042.849330729	1042.879330729	22000.000	38000.000	0.0889
150	Waveform 1	1	1043.247997396	1043.264664062	22000.000	38000.000	0.2000
150	Spectrogram 1	1	1043.247997396	1043.264664062	22000.000	38000.000	0.2000
151	Waveform 1	1	1044.285330729	1044.303997396	22000.000	38000.000	0.1071
151	Spectrogram 1	1	1044.285330729	1044.303997396	22000.000	38000.000	0.1071
152	Waveform 1	1	1044.558664062	1044.575330729	22000.000	38000.000	0.1600
152	Spectrogram 1	1	1044.558664062	1044.575330729	22000.000	38000.000	0.1600
153	Waveform 1	1	1058.750664062	1058.757997396	22000.000	38000.000	0.1818
153	Spectrogram 1	1	1058.750664062	1058.757997396	22000.000	38000.000	0.1818
154	Waveform 1	1	1060.535997396	1060.545997396	22000.000	38000.000	0.1333
154	Spectrogram 1	1	1060.535997396	1060.545997396	22000.000	38000.000	0.1333
155	Waveform 1	1	1063.017330729	1063.025330729	22000.000	38000.000	0.2500
155	Spectrogram 1	1	1063.017330729	1063.025330729	22000.000	38000.000	0.2500
156	Waveform 1	1	1063.423330729	1063.433997396	22000.000	38000.000	0.2500
156	Spectrogram 1	1	1063.423330729	1063.433997396	22000.000	38000.000	0.2500
157	Waveform 1	1	1064.107997396	1064.109330729	22000.000	38000.000	1.0000
157	Spectrogram 1	1	1064.107997396	1064.109330729	22000.000	38000.000	1.0000
158	Waveform 1	1	1065.109330729	1065.120664062	22000.000	38000.000	0.1176
158	Spectrogram 1	1	1065.109330729	1065.120664062	22000.000	38000.000	0.1176
159	Waveform 1	1	1066.528664062	1066.529997396	22000.000	38000.000	1.0000
159	Spectrogram 1	1	1066.528664062	1066.529997396	22000.000	38000.000	1.0000
160	Waveform 1	1	1066.656664062	1066.678664063	22000.000	38000.000	0.1212
160	Spectrogram 1	1	1066.656664062	1066.678664063	22000.000	38000.000	0.1212
161	Waveform 1	1	1068.600664062	1068.604664062	22000.000	38000.000	0.5000
161	Spectrogram 1	1	1068.600664062	1068.604664062	22000.000	38000.000	0.5000
162	Waveform 1	1	1081.533330729	1081.551330729	22000.000	38000.000	0.1111
162	Spectrogram 1	1	1081.533330729	1081.551330729	22000.000	38000.000	0.1111
163	Waveform 1	1	1082.726664063	1082.739330729	22000.000	38000.000	0.2632
163	Spectrogram 1	1	1082.726664063	1082.739330729	22000.000	38000.000	0.2632
164	Waveform 1	1	1084.254664062	1084.269330729	22000.000	38000.000	0.1364
164	Spectrogram 1	1	1084.254664062	1084.269330729	22000.000	38000.000	0.1364
165	Waveform 1	1	1085.337330729	1085.358664062	22000.000	38000.000	0.0938
165	Spectrogram 1	1	1085.337330729	1085.358664062	22000.000	38000.000	0.0938
166	Waveform 1	1	1092.423997396	1092.441997396	22000.000	38000.000	0.1111
166	Spectrogram 1	1	1092.423997396	1092.441997396	22000.000	38000.000	0.1111
167	Waveform 1	1	1092.570664062	1092.577330729	22000.000	38000.000	0.4000
167	Spectrogram 1	1	1092.570664062	1092.577330729	22000.000	38000.000	0.4000
168	Waveform 1	1	1093.864664062	1093.889330729	22000.000	38000.000	0.1892
168	Spectrogram 1	1	1093.864664062	1093.889330729	22000.000	38000.000	0.1892
169	Waveform 1	1	1104.026664063	1104.029997396	22000.000	38000.000	0.4000
169	Spectrogram 1	1	1104.026664063	1104.029997396	22000.000	38000.000	0.4000
170	Waveform 1	1	1106.117330729	1106.124664062	22000.000	38000.000	0.3636
170	Spectrogram 1	1	1106.117330729	1106.124664062	22000.000	38000.000	0.3636
171	Waveform 1	1	1106.484664062	1106.530664062	22000.000	38000.000	0.0870
171	Spectrogram 1	1	1106.484664062	1106.530664062	22000.000	38000.000	0.0870
172	Waveform 1	1	1106.807330729	1106.811997396	22000.000	38000.000	0.2857
172	Spectrogram 1	1	1106.807330729	1106.811997396	22000.000	38000.000	0.2857
173	Waveform 1	1	1107.048664062	1107.077330729	22000.000	38000.000	0.0930
173	Spectrogram 1	1	1107.048664062	1107.077330729	22000.000	38000.000	0.0930
174	Waveform 1	1	1107.989997396	1108.003997396	22000.000	38000.000	0.1429
174	Spectrogram 1	1	1107.989997396	1108.003997396	22000.000	38000.000	0.1429
175	Waveform 1	1	1108.517997396	1108.522664062	22000.000	38000.000	0.5714
175	Spectrogram 1	1	1108.517997396	1108.522664062	22000.000	38000.000	0.5714
176	Waveform 1	1	1108.633330729	1108.641997396	22000.000	38000.000	0.1538
176	Spectrogram 1	1	1108.633330729	1108.641997396	22000.000	38000.000	0.1538
177	Waveform 1	1	1108.865997396	1108.872664063	22000.000	38000.000	0.2000
177	Spectrogram 1	1	1108.865997396	1108.872664063	22000.000	38000.000	0.2000
178	Waveform 1	1	1109.677330729	1109.705330729	22000.000	38000.000	0.1429
178	Spectrogram 1	1	1109.677330729	1109.705330729	22000.000	38000.000	0.1429
179	Waveform 1	1	1110.199330729	1110.225997396	22000.000	38000.000	0.2250
179	Spectrogram 1	1	1110.199330729	1110.225997396	22000.000	38000.000	0.2250
180	Waveform 1	1	1110.347330729	1110.368664062	22000.000	38000.000	0.0938
180	Spectrogram 1	1	1110.347330729	1110.368664062	22000.000	38000.000	0.0938
181	Waveform 1	1	1111.535997396	1111.545997396	22000.000	38000.000	0.2000
181	Spectrogram 1	1	1111.535997396	1111.545997396	22000.000	38000.000	0.2000
182	Waveform 1	1	1112.059997396	1112.076664062	22000.000	38000.000	0.0800
182	Spectrogram 1	1	1112.059997396	1112.076664062	22000.000	38000.000	0.0800
183	Waveform 1	1	1112.348664062	1112.377330729	22000.000	38000.000	0.2093
183	Spectrogram 1	1	1112.348664062	1112.377330729	22000.000	38000.000	0.2093
184	Waveform 1	1	1131.429997396	1131.432664062	22000.000	38000.000	0.5000
184	Spectrogram 1	1	1131.429997396	1131.432664062	22000.000	38000.000	0.5000
185	Waveform 1	1	1166.115997396	1166.126664062	22000.000	38000.000	0.1250
185	Spectrogram 1	1	1166.115997396	1166.126664062	22000.000	38000.000	0.1250
186	Waveform 1	1	1166.583997396	1166.585330729	22000.000	38000.000	1.0000
186	Spectrogram 1	1	1166.583997396	1166.585330729	22000.000	38000.000	1.0000
187	Waveform 1	1	1173.444664062	1173.466664062	22000.000	38000.000	0.1212
187	Spectrogram 1	1	1173.444664062	1173.466664062	22000.000	38000.000	0.1212
188	Waveform 1	1	1179.295997396	1179.297330729	22000.000	38000.000	1.0000
188	Spectrogram 1	1	1179.295997396	1179.297330729	22000.000	38000.000	1.0000
189	Waveform 1	1	1180.483330729	1180.511330729	22000.000	38000.000	0.1190
189	Spectrogram 1	1	1180.483330729	1180.511330729	22000.000	38000.000	0.1190
190	Waveform 1	1	1199.477330729	1199.481330729	22000.000	38000.000	0.6667
190	Spectrogram 1	1	1199.477330729	1199.481330729	22000.000	38000.000	0.6667
191	Waveform 1	1	1206.505997396	1206.507330729	22000.000	38000.000	1.0000
191	Spectrogram 1	1	1206.505997396	1206.507330729	22000.000	38000.000	1.0000
192	Waveform 1	1	1206.771330729	1206.772664062	22000.000	38000.000	1.0000
192	Spectrogram 1	1	1206.771330729	1206.772664062	22000.000	38000.000	1.0000
193	Waveform 1	1	1209.269330729	1209.270664062	22000.000	38000.000	1.0000
193	Spectrogram 1	1	1209.269330729	1209.270664062	22000.000	38000.000	1.0000
194	Waveform 1	1	1279.430664062	1279.436664062	22000.000	38000.000	0.3333
194	Spectrogram 1	1	1279.430664062	1279.436664062	22000.000	38000.000	0.3333
195	Waveform 1	1	1279.866664062	1279.889997396	22000.000	38000.000	0.2000
195	Spectrogram 1	1	1279.866664062	1279.889997396	22000.000	38000.000	0.2000
196	Waveform 1	1	1281.411330729	1281.417330729	22000.000	38000.000	0.3333
196	Spectrogram 1	1	1281.411330729	1281.417330729	22000.000	38000.000	0.3333
197	Waveform 1	1	1281.937997396	1281.945330729	22000.000	38000.000	0.3636
197	Spectrogram 1	1	1281.937997396	1281.945330729	22000.000	38000.000	0.3636
198	Waveform 1	1	1283.484664062	1283.494664062	22000.000	38000.000	0.2000
198	Spectrogram 1	1	1283.484664062	1283.494664062	22000.000	38000.000	0.2000
199	Waveform 1	1	1290.931330729	1290.935997396	22000.000	38000.000	0.4286
199	Spectrogram 1	1	1290.931330729	1290.935997396	22000.000	38000.000	0.4286
200	Waveform 1	1	1291.287997396	1291.294664063	22000.000	38000.000	0.4000
200	Spectrogram 1	1	1291.287997396	1291.294664063	22000.000	38000.000	0.4000
201	Waveform 1	1	1291.767330729	1291.778664062	22000.000	38000.000	0.1765
201	Spectrogram 1	1	1291.767330729	1291.778664062	22000.000	38000.000	0.1765
202	Waveform 1	1	1292.280664062	1292.310664062	22000.000	38000.000	0.1556
202	Spectrogram 1	1	1292.280664062	1292.310664062	22000.000	38000.000	0.1556
203	Waveform 1	1	1292.527997396	1292.535997396	22000.000	38000.000	0.1667
203	Spectrogram 1	1	1292.527997396	1292.535997396	22000.000	38000.000	0.1667
204	Waveform 1	1	1293.758664062	1293.783997396	22000.000	38000.000	0.1053
204	Spectrogram 1	1	1293.758664062	1293.783997396	22000.000	38000.000	0.1053
205	Waveform 1	1	1294.282664062	1294.301330729	22000.000	38000.000	0.0714
205	Spectrogram 1	1	1294.282664062	1294.301330729	22000.000	38000.000	0.0714
206	Waveform 1	1	1294.575330729	1294.598664062	22000.000	38000.000	0.1143
206	Spectrogram 1	1	1294.575330729	1294.598664062	22000.000	38000.000	0.1143
207	Waveform 1	1	1294.855330729	1294.881997396	22000.000	38000.000	0.1000
207	Spectrogram 1	1	1294.855330729	1294.881997396	22000.000	38000.000	0.1000
208	Waveform 1	1	1300.214664062	1300.231330729	22000.000	38000.000	0.1200
208	Spectrogram 1	1	1300.214664062	1300.231330729	22000.000	38000.000	0.1200
209	Waveform 1	1	1300.293997396	1300.309997396	22000.000	38000.000	0.1667
209	Spectrogram 1	1	1300.293997396	1300.309997396	22000.000	38000.000	0.1667
210	Waveform 1	1	1300.770664062	1300.808664062	22000.000	38000.000	0.1053
210	Spectrogram 1	1	1300.770664062	1300.808664062	22000.000	38000.000	0.1053
211	Waveform 1	1	1308.052664062	1308.056664062	22000.000	38000.000	0.6667
211	Spectrogram 1	1	1308.052664062	1308.056664062	22000.000	38000.000	0.6667
212	Waveform 1	1	1309.621997396	1309.640664063	22000.000	38000.000	0.1071
212	Spectrogram 1	1	1309.621997396	1309.640664063	22000.000	38000.000	0.1071
213	Waveform 1	1	1310.339330729	1310.345330729	22000.000	38000.000	0.3333
213	Spectrogram 1	1	1310.339330729	1310.345330729	22000.000	38000.000	0.3333
214	Waveform 1	1	1311.061330729	1311.071997396	22000.000	38000.000	0.1250
214	Spectrogram 1	1	1311.061330729	1311.071997396	22000.000	38000.000	0.1250
215	Waveform 1	1	1312.287997396	1312.289330729	22000.000	38000.000	1.0000
215	Spectrogram 1	1	1312.287997396	1312.289330729	22000.000	38000.000	1.0000
216	Waveform 1	1	1312.798664062	1312.849330729	22000.000	38000.000	0.1316
216	Spectrogram 1	1	1312.798664062	1312.849330729	22000.000	38000.000	0.1316
217	Waveform 1	1	1313.051330729	1313.069330729	22000.000	38000.000	0.1111
217	Spectrogram 1	1	1313.051330729	1313.069330729	22000.000	38000.000	0.1111
218	Waveform 1	1	1313.290664062	1313.329997396	22000.000	38000.000	0.1356
218	Spectrogram 1	1	1313.290664062	1313.329997396	22000.000	38000.000	0.1356
219	Waveform 1	1	1313.911997396	1313.920664063	22000.000	38000.000	0.2308
219	Spectrogram 1	1	1313.911997396	1313.920664063	22000.000	38000.000	0.2308
220	Waveform 1	1	1314.430664062	1314.452664062	22000.000	38000.000	0.0909
220	Spectrogram 1	1	1314.430664062	1314.452664062	22000.000	38000.000	0.0909
221	Waveform 1	1	1315.091997396	1315.119997396	22000.000	38000.000	0.1667
221	Spectrogram 1	1	1315.091997396	1315.119997396	22000.000	38000.000	0.1667
222	Waveform 1	1	1315.254664062	1315.260664062	22000.000	38000.000	0.2222
222	Spectrogram 1	1	1315.254664062	1315.260664062	22000.000	38000.000	0.2222
223	Waveform 1	1	1315.610664062	1315.644664062	22000.000	38000.000	0.1961
223	Spectrogram 1	1	1315.610664062	1315.644664062	22000.000	38000.000	0.1961
224	Waveform 1	1	1315.865997396	1315.885330729	22000.000	38000.000	0.1379
224	Spectrogram 1	1	1315.865997396	1315.885330729	22000.000	38000.000	0.1379
225	Waveform 1	1	1315.985330729	1315.989997396	22000.000	38000.000	0.2857
225	Spectrogram 1	1	1315.985330729	1315.989997396	22000.000	38000.000	0.2857
226	Waveform 1	1	1316.345330729	1316.361997396	22000.000	38000.000	0.1600
226	Spectrogram 1	1	1316.345330729	1316.361997396	22000.000	38000.000	0.1600
227	Waveform 1	1	1316.597997396	1316.609997396	22000.000	38000.000	0.4444
227	Spectrogram 1	1	1316.597997396	1316.609997396	22000.000	38000.000	0.4444
228	Waveform 1	1	1316.883997396	1316.902664062	22000.000	38000.000	0.1071
228	Spectrogram 1	1	1316.883997396	1316.902664062	22000.000	38000.000	0.1071
229	Waveform 1	1	1317.369997396	1317.397330729	22000.000	38000.000	0.1951
229	Spectrogram 1	1	1317.369997396	1317.397330729	22000.000	38000.000	0.1951
230	Waveform 1	1	1317.622664063	1317.648664062	22000.000	38000.000	0.0769
230	Spectrogram 1	1	1317.622664063	1317.648664062	22000.000	38000.000	0.0769
231	Waveform 1	1	1318.005330729	1318.043997396	22000.000	38000.000	0.1207
231	Spectrogram 1	1	1318.005330729	1318.043997396	22000.000	38000.000	0.1207
232	Waveform 1	1	1318.256664063	1318.257997396	22000.000	38000.000	1.0000
232	Spectrogram 1	1	1318.256664063	1318.257997396	22000.000	38000.000	1.0000
233	Waveform 1	1	1318.646664062	1318.686664062	22000.000	38000.000	0.0833
233	Spectrogram 1	1	1318.646664062	1318.686664062	22000.000	38000.000	0.0833
234	Waveform 1	1	1319.847997396	1319.863997396	22000.000	38000.000	0.1667
234	Spectrogram 1	1	1319.847997396	1319.863997396	22000.000	38000.000	0.1667
235	Waveform 1	1	1321.159997396	1321.164664062	22000.000	38000.000	0.2857
235	Spectrogram 1	1	1321.159997396	1321.164664062	22000.000	38000.000	0.2857
236	Waveform 1	1	1321.846664062	1321.862664063	22000.000	38000.000	0.3333
236	Spectrogram 1	1	1321.846664062	1321.862664063	22000.000	38000.000	0.3333
237	Waveform 1	1	1322.365330729	1322.373997396	22000.000	38000.000	0.1538
237	Spectrogram 1	1	1322.365330729	1322.373997396	22000.000	38000.000	0.1538
238	Waveform 1	1	1323.706664062	1323.715997396	22000.000	38000.000	0.1429
238	Spectrogram 1	1	1323.706664062	1323.715997396	22000.000	38000.000	0.1429
239	Waveform 1	1	1324.647997396	1324.650664063	22000.000	38000.000	0.5000
239	Spectrogram 1	1	1324.647997396	1324.650664063	22000.000	38000.000	0.5000
240	Waveform 1	1	1325.038664062	1325.042664062	22000.000	38000.000	0.3333
240	Spectrogram 1	1	1325.038664062	1325.042664062	22000.000	38000.000	0.3333
241	Waveform 1	1	1333.811997396	1333.835330729	22000.000	38000.000	0.0857
241	Spectrogram 1	1	1333.811997396	1333.835330729	22000.000	38000.000	0.0857
242	Waveform 1	1	1334.007330729	1334.009330729	22000.000	38000.000	0.6667
242	Spectrogram 1	1	1334.007330729	1334.009330729	22000.000	38000.000	0.6667
243	Waveform 1	1	1334.563997396	1334.580664062	22000.000	38000.000	0.1200
243	Spectrogram 1	1	1334.563997396	1334.580664062	22000.000	38000.000	0.1200
244	Waveform 1	1	1335.035997396	1335.037330729	22000.000	38000.000	1.0000
244	Spectrogram 1	1	1335.035997396	1335.037330729	22000.000	38000.000	1.0000
245	Waveform 1	1	1341.728664063	1341.733330729	22000.000	38000.000	0.2857
245	Spectrogram 1	1	1341.728664063	1341.733330729	22000.000	38000.000	0.2857
246	Waveform 1	1	1342.413330729	1342.414664062	22000.000	38000.000	1.0000
246	Spectrogram 1	1	1342.413330729	1342.414664062	22000.000	38000.000	1.0000
247	Waveform 1	1	1342.672664062	1342.681997396	22000.000	38000.000	0.1429
247	Spectrogram 1	1	1342.672664062	1342.681997396	22000.000	38000.000	0.1429
248	Waveform 1	1	1365.262664062	1365.263997396	22000.000	38000.000	1.0000
248	Spectrogram 1	1	1365.262664062	1365.263997396	22000.000	38000.000	1.0000
249	Waveform 1	1	1368.789997396	1368.795330729	22000.000	38000.000	0.2500
249	Spectrogram 1	1	1368.789997396	1368.795330729	22000.000	38000.000	0.2500
250	Waveform 1	1	1369.733997396	1369.735330729	22000.000	38000.000	1.0000
250	Spectrogram 1	1	1369.733997396	1369.735330729	22000.000	38000.000	1.0000
251	Waveform 1	1	1369.881997396	1369.883330729	22000.000	38000.000	1.0000
251	Spectrogram 1	1	1369.881997396	1369.883330729	22000.000	38000.000	1.0000
252	Waveform 1	1	1385.213330729	1385.221330729	22000.000	38000.000	0.1667
252	Spectrogram 1	1	1385.213330729	1385.221330729	22000.000	38000.000	0.1667
253	Waveform 1	1	1387.651330729	1387.678664063	22000.000	38000.000	0.1220
253	Spectrogram 1	1	1387.651330729	1387.678664063	22000.000	38000.000	0.1220
254	Waveform 1	1	1388.197330729	1388.199997396	22000.000	38000.000	0.5000
254	Spectrogram 1	1	1388.197330729	1388.199997396	22000.000	38000.000	0.5000
255	Waveform 1	1	1388.749330729	1388.757997396	22000.000	38000.000	0.5385
255	Spectrogram 1	1	1388.749330729	1388.757997396	22000.000	38000.000	0.5385
256	Waveform 1	1	1388.902664062	1388.913330729	22000.000	38000.000	0.1875
256	Spectrogram 1	1	1388.902664062	1388.913330729	22000.000	38000.000	0.1875
257	Waveform 1	1	1389.182664062	1389.187997396	22000.000	38000.000	0.6250
257	Spectrogram 1	1	1389.182664062	1389.187997396	22000.000	38000.000	0.6250
258	Waveform 1	1	1392.825330729	1392.841330729	22000.000	38000.000	0.2083
258	Spectrogram 1	1	1392.825330729	1392.841330729	22000.000	38000.000	0.2083
259	Waveform 1	1	1393.340664062	1393.345997396	22000.000	38000.000	0.5000
259	Spectrogram 1	1	1393.340664062	1393.345997396	22000.000	38000.000	0.5000
260	Waveform 1	1	1400.213997396	1400.230664062	22000.000	38000.000	0.1200
260	Spectrogram 1	1	1400.213997396	1400.230664062	22000.000	38000.000	0.1200
261	Waveform 1	1	1400.749997396	1400.751997396	22000.000	38000.000	0.6667
261	Spectrogram 1	1	1400.749997396	1400.751997396	22000.000	38000.000	0.6667
262	Waveform 1	1	1407.789330729	1407.799330729	22000.000	38000.000	0.3333
262	Spectrogram 1	1	1407.789330729	1407.799330729	22000.000	38000.000	0.3333
263	Waveform 1	1	1407.954664062	1407.961330729	22000.000	38000.000	0.4000
263	Spectrogram 1	1	1407.954664062	1407.961330729	22000.000	38000.000	0.4000
264	Waveform 1	1	1409.141997396	1409.146664062	22000.000	38000.000	0.2857
264	Spectrogram 1	1	1409.141997396	1409.146664062	22000.000	38000.000	0.2857
265	Waveform 1	1	1410.948664063	1410.950664062	22000.000	38000.000	0.6667
265	Spectrogram 1	1	1410.948664063	1410.950664062	22000.000	38000.000	0.6667
266	Waveform 1	1	1411.190664062	1411.195330729	22000.000	38000.000	0.4286
266	Spectrogram 1	1	1411.190664062	1411.195330729	22000.000	38000.000	0.4286
267	Waveform 1	1	1412.179997396	1412.181330729	22000.000	38000.000	1.0000
267	Spectrogram 1	1	1412.179997396	1412.181330729	22000.000	38000.000	1.0000
268	Waveform 1	1	1412.404664062	1412.405997396	22000.000	38000.000	1.0000
268	Spectrogram 1	1	1412.404664062	1412.405997396	22000.000	38000.000	1.0000
269	Waveform 1	1	1412.962664062	1412.967330729	22000.000	38000.000	0.5714
269	Spectrogram 1	1	1412.962664062	1412.967330729	22000.000	38000.000	0.5714
270	Waveform 1	1	1413.560664062	1413.566664062	22000.000	38000.000	0.2222
270	Spectrogram 1	1	1413.560664062	1413.566664062	22000.000	38000.000	0.2222
271	Waveform 1	1	1416.468664063	1416.486664063	22000.000	38000.000	0.1481
271	Spectrogram 1	1	1416.468664063	1416.486664063	22000.000	38000.000	0.1481
272	Waveform 1	1	1416.865997396	1416.873997396	22000.000	38000.000	0.3333
272	Spectrogram 1	1	1416.865997396	1416.873997396	22000.000	38000.000	0.3333
273	Waveform 1	1	1418.266664063	1418.269997396	22000.000	38000.000	0.6000
273	Spectrogram 1	1	1418.266664063	1418.269997396	22000.000	38000.000	0.6000
274	Waveform 1	1	1421.034664063	1421.046664062	22000.000	38000.000	0.2222
274	Spectrogram 1	1	1421.034664063	1421.046664062	22000.000	38000.000	0.2222
275	Waveform 1	1	1421.463997396	1421.478664063	22000.000	38000.000	0.1364
275	Spectrogram 1	1	1421.463997396	1421.478664063	22000.000	38000.000	0.1364
276	Waveform 1	1	1492.031997396	1492.033330729	22000.000	38000.000	1.0000
276	Spectrogram 1	1	1492.031997396	1492.033330729	22000.000	38000.000	1.0000
277	Waveform 1	1	1495.925330729	1495.931997396	22000.000	38000.000	0.2000
277	Spectrogram 1	1	1495.925330729	1495.931997396	22000.000	38000.000	0.2000
278	Waveform 1	1	1496.209330729	1496.215997396	22000.000	38000.000	0.4000
278	Spectrogram 1	1	1496.209330729	1496.215997396	22000.000	38000.000	0.4000
279	Waveform 1	1	1496.569997396	1496.576664062	22000.000	38000.000	0.3000
279	Spectrogram 1	1	1496.569997396	1496.576664062	22000.000	38000.000	0.3000
280	Waveform 1	1	1497.088664062	1497.108664062	22000.000	38000.000	0.1667
280	Spectrogram 1	1	1497.088664062	1497.108664062	22000.000	38000.000	0.1667
281	Waveform 1	1	1497.929330729	1497.951330729	22000.000	38000.000	0.2121
281	Spectrogram 1	1	1497.929330729	1497.951330729	22000.000	38000.000	0.2121
282	Waveform 1	1	1498.135997396	1498.174664062	22000.000	38000.000	0.0862
282	Spectrogram 1	1	1498.135997396	1498.174664062	22000.000	38000.000	0.0862
283	Waveform 1	1	1498.540664062	1498.593330729	22000.000	38000.000	0.1013
283	Spectrogram 1	1	1498.540664062	1498.593330729	22000.000	38000.000	0.1013
284	Waveform 1	1	1498.857997396	1498.867330729	22000.000	38000.000	0.3571
284	Spectrogram 1	1	1498.857997396	1498.867330729	22000.000	38000.000	0.3571
285	Waveform 1	1	1499.489330729	1499.507330729	22000.000	38000.000	0.0741
285	Spectrogram 1	1	1499.489330729	1499.507330729	22000.000	38000.000	0.0741
286	Waveform 1	1	1499.861997396	1499.867997396	22000.000	38000.000	0.4444
286	Spectrogram 1	1	1499.861997396	1499.867997396	22000.000	38000.000	0.4444
287	Waveform 1	1	1500.143330729	1500.165330729	22000.000	38000.000	0.1515
287	Spectrogram 1	1	1500.143330729	1500.165330729	22000.000	38000.000	0.1515
288	Waveform 1	1	1500.660664063	1500.695997396	22000.000	38000.000	0.1509
288	Spectrogram 1	1	1500.660664063	1500.695997396	22000.000	38000.000	0.1509
289	Waveform 1	1	1500.941997396	1500.944664062	22000.000	38000.000	0.7500
289	Spectrogram 1	1	1500.941997396	1500.944664062	22000.000	38000.000	0.7500
290	Waveform 1	1	1502.287997396	1502.291997396	22000.000	38000.000	0.5000
290	Spectrogram 1	1	1502.287997396	1502.291997396	22000.000	38000.000	0.5000
291	Waveform 1	1	1503.248664062	1503.251330729	22000.000	38000.000	0.5000
291	Spectrogram 1	1	1503.248664062	1503.251330729	22000.000	38000.000	0.5000
292	Waveform 1	1	1506.685997396	1506.690664062	22000.000	38000.000	0.4286
292	Spectrogram 1	1	1506.685997396	1506.690664062	22000.000	38000.000	0.4286
293	Waveform 1	1	1507.209330729	1507.213330729	22000.000	38000.000	0.3333
293	Spectrogram 1	1	1507.209330729	1507.213330729	22000.000	38000.000	0.3333
294	Waveform 1	1	1508.399330729	1508.401330729	22000.000	38000.000	0.6667
294	Spectrogram 1	1	1508.399330729	1508.401330729	22000.000	38000.000	0.6667
295	Waveform 1	1	1509.799997396	1509.805997396	22000.000	38000.000	0.2222
295	Spectrogram 1	1	1509.799997396	1509.805997396	22000.000	38000.000	0.2222
296	Waveform 1	1	1511.651997396	1511.665997396	22000.000	38000.000	0.0952
296	Spectrogram 1	1	1511.651997396	1511.665997396	22000.000	38000.000	0.0952
297	Waveform 1	1	1512.312664062	1512.322664062	22000.000	38000.000	0.1333
297	Spectrogram 1	1	1512.312664062	1512.322664062	22000.000	38000.000	0.1333
298	Waveform 1	1	1512.982664062	1512.996664063	22000.000	38000.000	0.2857
298	Spectrogram 1	1	1512.982664062	1512.996664063	22000.000	38000.000	0.2857
299	Waveform 1	1	1516.103330729	1516.129330729	22000.000	38000.000	0.1026
299	Spectrogram 1	1	1516.103330729	1516.129330729	22000.000	38000.000	0.1026
300	Waveform 1	1	1516.369997396	1516.391330729	22000.000	38000.000	0.1875
300	Spectrogram 1	1	1516.369997396	1516.391330729	22000.000	38000.000	0.1875
301	Waveform 1	1	1516.497330729	1516.509330729	22000.000	38000.000	0.1111
301	Spectrogram 1	1	1516.497330729	1516.509330729	22000.000	38000.000	0.1111
302	Waveform 1	1	1538.513330729	1538.531330729	22000.000	38000.000	0.1481
302	Spectrogram 1	1	1538.513330729	1538.531330729	22000.000	38000.000	0.1481
303	Waveform 1	1	1538.646664062	1538.647997396	22000.000	38000.000	1.0000
303	Spectrogram 1	1	1538.646664062	1538.647997396	22000.000	38000.000	1.0000
304	Waveform 1	1	1538.911330729	1538.923997396	22000.000	38000.000	0.2105
304	Spectrogram 1	1	1538.911330729	1538.923997396	22000.000	38000.000	0.2105
305	Waveform 1	1	1539.051330729	1539.069997396	22000.000	38000.000	0.1786
305	Spectrogram 1	1	1539.051330729	1539.069997396	22000.000	38000.000	0.1786
306	Waveform 1	1	1539.177330729	1539.181997396	22000.000	38000.000	0.4286
306	Spectrogram 1	1	1539.177330729	1539.181997396	22000.000	38000.000	0.4286
307	Waveform 1	1	1540.620664062	1540.629330729	22000.000	38000.000	0.2308
307	Spectrogram 1	1	1540.620664062	1540.629330729	22000.000	38000.000	0.2308
308	Waveform 1	1	1540.909997396	1540.915330729	22000.000	38000.000	0.2500
308	Spectrogram 1	1	1540.909997396	1540.915330729	22000.000	38000.000	0.2500
309	Waveform 1	1	1541.078664062	1541.080664062	22000.000	38000.000	1.0000
309	Spectrogram 1	1	1541.078664062	1541.080664062	22000.000	38000.000	1.0000
310	Waveform 1	1	1541.289997396	1541.297330729	22000.000	38000.000	0.1818
310	Spectrogram 1	1	1541.289997396	1541.297330729	22000.000	38000.000	0.1818
311	Waveform 1	1	1541.950664062	1541.965330729	22000.000	38000.000	0.3182
311	Spectrogram 1	1	1541.950664062	1541.965330729	22000.000	38000.000	0.3182
312	Waveform 1	1	1542.619330729	1542.650664063	22000.000	38000.000	0.1277
312	Spectrogram 1	1	1542.619330729	1542.650664063	22000.000	38000.000	0.1277
313	Waveform 1	1	1543.007330729	1543.037997396	22000.000	38000.000	0.1304
313	Spectrogram 1	1	1543.007330729	1543.037997396	22000.000	38000.000	0.1304
314	Waveform 1	1	1543.409997396	1543.439330729	22000.000	38000.000	0.1818
314	Spectrogram 1	1	1543.409997396	1543.439330729	22000.000	38000.000	0.1818
315	Waveform 1	1	1543.954664062	1543.961997396	22000.000	38000.000	0.1818
315	Spectrogram 1	1	1543.954664062	1543.961997396	22000.000	38000.000	0.1818
316	Waveform 1	1	1544.367330729	1544.382664062	22000.000	38000.000	0.1304
316	Spectrogram 1	1	1544.367330729	1544.382664062	22000.000	38000.000	0.1304
317	Waveform 1	1	1544.636664062	1544.656664062	22000.000	38000.000	0.1667
317	Spectrogram 1	1	1544.636664062	1544.656664062	22000.000	38000.000	0.1667
318	Waveform 1	1	1545.019330729	1545.037330729	22000.000	38000.000	0.2222
318	Spectrogram 1	1	1545.019330729	1545.037330729	22000.000	38000.000	0.2222
319	Waveform 1	1	1545.425997396	1545.440664062	22000.000	38000.000	0.4545
319	Spectrogram 1	1	1545.425997396	1545.440664062	22000.000	38000.000	0.4545
320	Waveform 1	1	1545.623997396	1545.653997396	22000.000	38000.000	0.0889
320	Spectrogram 1	1	1545.623997396	1545.653997396	22000.000	38000.000	0.0889
321	Waveform 1	1	1545.868664062	1545.925330729	22000.000	38000.000	0.1059
321	Spectrogram 1	1	1545.868664062	1545.925330729	22000.000	38000.000	0.1059
322	Waveform 1	1	1546.037330729	1546.039997396	22000.000	38000.000	1.0000
322	Spectrogram 1	1	1546.037330729	1546.039997396	22000.000	38000.000	1.0000
323	Waveform 1	1	1547.305997396	1547.311997396	22000.000	38000.000	0.3333
323	Spectrogram 1	1	1547.305997396	1547.311997396	22000.000	38000.000	0.3333
324	Waveform 1	1	1548.172664062	1548.179997396	22000.000	38000.000	0.6364
324	Spectrogram 1	1	1548.172664062	1548.179997396	22000.000	38000.000	0.6364
325	Waveform 1	1	1548.385997396	1548.390664063	22000.000	38000.000	0.4286
325	Spectrogram 1	1	1548.385997396	1548.390664063	22000.000	38000.000	0.4286
326	Waveform 1	1	1549.101997396	1549.105997396	22000.000	38000.000	0.5000
326	Spectrogram 1	1	1549.101997396	1549.105997396	22000.000	38000.000	0.5000
327	Waveform 1	1	1549.373330729	1549.413997396	22000.000	38000.000	0.0820
327	Spectrogram 1	1	1549.373330729	1549.413997396	22000.000	38000.000	0.0820
328	Waveform 1	1	1550.634664062	1550.641997396	22000.000	38000.000	0.3636
328	Spectrogram 1	1	1550.634664062	1550.641997396	22000.000	38000.000	0.3636
329	Waveform 1	1	1551.844664062	1551.854664062	22000.000	38000.000	0.3333
329	Spectrogram 1	1	1551.844664062	1551.854664062	22000.000	38000.000	0.3333
330	Waveform 1	1	1552.081997396	1552.083330729	22000.000	38000.000	1.0000
330	Spectrogram 1	1	1552.081997396	1552.083330729	22000.000	38000.000	1.0000
331	Waveform 1	1	1553.329997396	1553.339330729	22000.000	38000.000	0.3571
331	Spectrogram 1	1	1553.329997396	1553.339330729	22000.000	38000.000	0.3571
332	Waveform 1	1	1553.464664062	1553.467330729	22000.000	38000.000	0.7500
332	Spectrogram 1	1	1553.464664062	1553.467330729	22000.000	38000.000	0.7500
333	Waveform 1	1	1553.635330729	1553.636664062	22000.000	38000.000	1.0000
333	Spectrogram 1	1	1553.635330729	1553.636664062	22000.000	38000.000	1.0000
334	Waveform 1	1	1553.880664063	1553.895330729	22000.000	38000.000	0.1364
334	Spectrogram 1	1	1553.880664063	1553.895330729	22000.000	38000.000	0.1364
335	Waveform 1	1	1554.125997396	1554.144664062	22000.000	38000.000	0.1786
335	Spectrogram 1	1	1554.125997396	1554.144664062	22000.000	38000.000	0.1786
336	Waveform 1	1	1554.263997396	1554.275330729	22000.000	38000.000	0.4118
336	Spectrogram 1	1	1554.263997396	1554.275330729	22000.000	38000.000	0.4118
337	Waveform 1	1	1554.389330729	1554.390664063	22000.000	38000.000	1.0000
337	Spectrogram 1	1	1554.389330729	1554.390664063	22000.000	38000.000	1.0000
338	Waveform 1	1	1554.596664062	1554.635997396	22000.000	38000.000	0.1017
338	Spectrogram 1	1	1554.596664062	1554.635997396	22000.000	38000.000	0.1017
339	Waveform 1	1	1555.023997396	1555.029997396	22000.000	38000.000	0.2222
339	Spectrogram 1	1	1555.023997396	1555.029997396	22000.000	38000.000	0.2222
340	Waveform 1	1	1555.263997396	1555.279997396	22000.000	38000.000	0.0833
340	Spectrogram 1	1	1555.263997396	1555.279997396	22000.000	38000.000	0.0833
341	Waveform 1	1	1555.768664062	1555.775330729	22000.000	38000.000	0.2000
341	Spectrogram 1	1	1555.768664062	1555.775330729	22000.000	38000.000	0.2000
342	Waveform 1	1	1557.933330729	1557.954664062	22000.000	38000.000	0.1250
342	Spectrogram 1	1	1557.933330729	1557.954664062	22000.000	38000.000	0.1250
343	Waveform 1	1	1558.273330729	1558.295997396	22000.000	38000.000	0.0882
343	Spectrogram 1	1	1558.273330729	1558.295997396	22000.000	38000.000	0.0882
344	Waveform 1	1	1558.604664062	1558.637330729	22000.000	38000.000	0.1224
344	Spectrogram 1	1	1558.604664062	1558.637330729	22000.000	38000.000	0.1224
345	Waveform 1	1	1558.835997396	1558.872664063	22000.000	38000.000	0.0909
345	Spectrogram 1	1	1558.835997396	1558.872664063	22000.000	38000.000	0.0909
346	Waveform 1	1	1559.091330729	1559.092664063	22000.000	38000.000	1.0000
346	Spectrogram 1	1	1559.091330729	1559.092664063	22000.000	38000.000	1.0000
347	Waveform 1	1	1559.584664062	1559.594664062	22000.000	38000.000	0.1333
347	Spectrogram 1	1	1559.584664062	1559.594664062	22000.000	38000.000	0.1333
348	Waveform 1	1	1559.817330729	1559.841997396	22000.000	38000.000	0.1351
348	Spectrogram 1	1	1559.817330729	1559.841997396	22000.000	38000.000	0.1351
349	Waveform 1	1	1561.053330729	1561.079997396	22000.000	38000.000	0.1000
349	Spectrogram 1	1	1561.053330729	1561.079997396	22000.000	38000.000	0.1000
350	Waveform 1	1	1561.308664062	1561.345330729	22000.000	38000.000	0.1273
350	Spectrogram 1	1	1561.308664062	1561.345330729	22000.000	38000.000	0.1273
351	Waveform 1	1	1561.547997396	1561.593330729	22000.000	38000.000	0.0735
351	Spectrogram 1	1	1561.547997396	1561.593330729	22000.000	38000.000	0.0735
352	Waveform 1	1	1561.823330729	1561.835330729	22000.000	38000.000	0.1667
352	Spectrogram 1	1	1561.823330729	1561.835330729	22000.000	38000.000	0.1667
353	Waveform 1	1	1562.711330729	1562.755330729	22000.000	38000.000	0.1667
353	Spectrogram 1	1	1562.711330729	1562.755330729	22000.000	38000.000	0.1667
354	Waveform 1	1	1563.255330729	1563.297330729	22000.000	38000.000	0.1429
354	Spectrogram 1	1	1563.255330729	1563.297330729	22000.000	38000.000	0.1429
355	Waveform 1	1	1563.401330729	1563.439997396	22000.000	38000.000	0.1207
355	Spectrogram 1	1	1563.401330729	1563.439997396	22000.000	38000.000	0.1207
356	Waveform 1	1	1563.754664062	1563.773997396	22000.000	38000.000	0.1724
356	Spectrogram 1	1	1563.754664062	1563.773997396	22000.000	38000.000	0.1724
357	Waveform 1	1	1565.289997396	1565.307330729	22000.000	38000.000	0.1923
357	Spectrogram 1	1	1565.289997396	1565.307330729	22000.000	38000.000	0.1923
358	Waveform 1	1	1565.533997396	1565.564664063	22000.000	38000.000	0.1087
358	Spectrogram 1	1	1565.533997396	1565.564664063	22000.000	38000.000	0.1087
359	Waveform 1	1	1565.815997396	1565.825997396	22000.000	38000.000	0.1333
359	Spectrogram 1	1	1565.815997396	1565.825997396	22000.000	38000.000	0.1333
360	Waveform 1	1	1566.145997396	1566.161330729	22000.000	38000.000	0.1739
360	Spectrogram 1	1	1566.145997396	1566.161330729	22000.000	38000.000	0.1739
361	Waveform 1	1	1566.377330729	1566.378664062	22000.000	38000.000	1.0000
361	Spectrogram 1	1	1566.377330729	1566.378664062	22000.000	38000.000	1.0000
362	Waveform 1	1	1566.895997396	1566.913330729	22000.000	38000.000	0.0769
362	Spectrogram 1	1	1566.895997396	1566.913330729	22000.000	38000.000	0.0769
363	Waveform 1	1	1567.548664062	1567.559997396	22000.000	38000.000	0.2353
363	Spectrogram 1	1	1567.548664062	1567.559997396	22000.000	38000.000	0.2353
364	Waveform 1	1	1570.656664062	1570.667997396	22000.000	38000.000	0.1765
364	Spectrogram 1	1	1570.656664062	1570.667997396	22000.000	38000.000	0.1765
365	Waveform 1	1	1570.885997396	1570.915330729	22000.000	38000.000	0.1136
365	Spectrogram 1	1	1570.885997396	1570.915330729	22000.000	38000.000	0.1136
366	Waveform 1	1	1572.276664063	1572.291330729	22000.000	38000.000	0.1818
366	Spectrogram 1	1	1572.276664063	1572.291330729	22000.000	38000.000	0.1818
367	Waveform 1	1	1572.432664062	1572.465997396	22000.000	38000.000	0.1600
367	Spectrogram 1	1	1572.432664062	1572.465997396	22000.000	38000.000	0.1600
368	Waveform 1	1	1572.823997396	1572.830664062	22000.000	38000.000	0.3000
368	Spectrogram 1	1	1572.823997396	1572.830664062	22000.000	38000.000	0.3000
369	Waveform 1	1	1572.933997396	1572.947997396	22000.000	38000.000	0.1905
369	Spectrogram 1	1	1572.933997396	1572.947997396	22000.000	38000.000	0.1905
370	Waveform 1	1	1573.089330729	1573.102664063	22000.000	38000.000	0.1500
370	Spectrogram 1	1	1573.089330729	1573.102664063	22000.000	38000.000	0.1500
371	Waveform 1	1	1573.867997396	1573.881330729	22000.000	38000.000	0.2000
371	Spectrogram 1	1	1573.867997396	1573.881330729	22000.000	38000.000	0.2000
372	Waveform 1	1	1574.112664063	1574.149330729	22000.000	38000.000	0.0909
372	Spectrogram 1	1	1574.112664063	1574.149330729	22000.000	38000.000	0.0909
373	Waveform 1	1	1574.473330729	1574.477997396	22000.000	38000.000	0.2857
373	Spectrogram 1	1	1574.473330729	1574.477997396	22000.000	38000.000	0.2857
374	Waveform 1	1	1574.853997396	1574.898664062	22000.000	38000.000	0.1343
374	Spectrogram 1	1	1574.853997396	1574.898664062	22000.000	38000.000	0.1343
375	Waveform 1	1	1574.958664063	1574.969330729	22000.000	38000.000	0.1875
375	Spectrogram 1	1	1574.958664063	1574.969330729	22000.000	38000.000	0.1875
376	Waveform 1	1	1576.203997396	1576.205330729	22000.000	38000.000	1.0000
376	Spectrogram 1	1	1576.203997396	1576.205330729	22000.000	38000.000	1.0000
377	Waveform 1	1	1577.462664062	1577.483330729	22000.000	38000.000	0.1935
377	Spectrogram 1	1	1577.462664062	1577.483330729	22000.000	38000.000	0.1935
378	Waveform 1	1	1578.037330729	1578.060664062	22000.000	38000.000	0.0857
378	Spectrogram 1	1	1578.037330729	1578.060664062	22000.000	38000.000	0.0857
379	Waveform 1	1	1578.421330729	1578.447997396	22000.000	38000.000	0.1000
379	Spectrogram 1	1	1578.421330729	1578.447997396	22000.000	38000.000	0.1000
380	Waveform 1	1	1578.615330729	1578.646664062	22000.000	38000.000	0.1064
380	Spectrogram 1	1	1578.615330729	1578.646664062	22000.000	38000.000	0.1064
381	Waveform 1	1	1578.778664062	1578.786664062	22000.000	38000.000	0.4167
381	Spectrogram 1	1	1578.778664062	1578.786664062	22000.000	38000.000	0.4167
382	Waveform 1	1	1579.925330729	1579.973997396	22000.000	38000.000	0.0822
382	Spectrogram 1	1	1579.925330729	1579.973997396	22000.000	38000.000	0.0822
383	Waveform 1	1	1580.139997396	1580.146664062	22000.000	38000.000	0.2000
383	Spectrogram 1	1	1580.139997396	1580.146664062	22000.000	38000.000	0.2000
384	Waveform 1	1	1580.689997396	1580.699997396	22000.000	38000.000	0.2667
384	Spectrogram 1	1	1580.689997396	1580.699997396	22000.000	38000.000	0.2667
385	Waveform 1	1	1583.726664063	1583.730664062	22000.000	38000.000	0.3333
385	Spectrogram 1	1	1583.726664063	1583.730664062	22000.000	38000.000	0.3333
386	Waveform 1	1	1583.978664063	1583.993330729	22000.000	38000.000	0.1818
386	Spectrogram 1	1	1583.978664063	1583.993330729	22000.000	38000.000	0.1818
387	Waveform 1	1	1584.487330729	1584.505330729	22000.000	38000.000	0.1481
387	Spectrogram 1	1	1584.487330729	1584.505330729	22000.000	38000.000	0.1481
388	Waveform 1	1	1584.739997396	1584.747997396	22000.000	38000.000	0.3333
388	Spectrogram 1	1	1584.739997396	1584.747997396	22000.000	38000.000	0.3333
389	Waveform 1	1	1585.120664062	1585.133997396	22000.000	38000.000	0.1500
389	Spectrogram 1	1	1585.120664062	1585.133997396	22000.000	38000.000	0.1500
390	Waveform 1	1	1585.499997396	1585.530664062	22000.000	38000.000	0.0870
390	Spectrogram 1	1	1585.499997396	1585.530664062	22000.000	38000.000	0.0870
391	Waveform 1	1	1586.507330729	1586.513330729	22000.000	38000.000	0.3333
391	Spectrogram 1	1	1586.507330729	1586.513330729	22000.000	38000.000	0.3333
392	Waveform 1	1	1587.867997396	1587.869997396	22000.000	38000.000	0.6667
392	Spectrogram 1	1	1587.867997396	1587.869997396	22000.000	38000.000	0.6667
393	Waveform 1	1	1589.647997396	1589.693997396	22000.000	38000.000	0.1159
393	Spectrogram 1	1	1589.647997396	1589.693997396	22000.000	38000.000	0.1159
394	Waveform 1	1	1589.833997396	1589.857997396	22000.000	38000.000	0.1111
394	Spectrogram 1	1	1589.833997396	1589.857997396	22000.000	38000.000	0.1111
395	Waveform 1	1	1589.975330729	1590.001997396	22000.000	38000.000	0.1500
395	Spectrogram 1	1	1589.975330729	1590.001997396	22000.000	38000.000	0.1500
396	Waveform 1	1	1590.099330729	1590.116664062	22000.000	38000.000	0.2692
396	Spectrogram 1	1	1590.099330729	1590.116664062	22000.000	38000.000	0.2692
397	Waveform 1	1	1590.347330729	1590.394664062	22000.000	38000.000	0.0704
397	Spectrogram 1	1	1590.347330729	1590.394664062	22000.000	38000.000	0.0704
398	Waveform 1	1	1590.521997396	1590.548664062	22000.000	38000.000	0.1500
398	Spectrogram 1	1	1590.521997396	1590.548664062	22000.000	38000.000	0.1500
399	Waveform 1	1	1590.638664062	1590.650664063	22000.000	38000.000	0.1111
399	Spectrogram 1	1	1590.638664062	1590.650664063	22000.000	38000.000	0.1111
400	Waveform 1	1	1590.857330729	1590.880664063	22000.000	38000.000	0.2857
400	Spectrogram 1	1	1590.857330729	1590.880664063	22000.000	38000.000	0.2857
401	Waveform 1	1	1591.654664062	1591.688664063	22000.000	38000.000	0.0980
401	Spectrogram 1	1	1591.654664062	1591.688664063	22000.000	38000.000	0.0980
402	Waveform 1	1	1592.175997396	1592.177997396	22000.000	38000.000	0.6667
402	Spectrogram 1	1	1592.175997396	1592.177997396	22000.000	38000.000	0.6667
403	Waveform 1	1	1592.407330729	1592.445330729	22000.000	38000.000	0.0702
403	Spectrogram 1	1	1592.407330729	1592.445330729	22000.000	38000.000	0.0702
404	Waveform 1	1	1592.553330729	1592.566664062	22000.000	38000.000	0.3500
404	Spectrogram 1	1	1592.553330729	1592.566664062	22000.000	38000.000	0.3500
405	Waveform 1	1	1592.684664062	1592.705997396	22000.000	38000.000	0.1875
405	Spectrogram 1	1	1592.684664062	1592.705997396	22000.000	38000.000	0.1875
406	Waveform 1	1	1593.047997396	1593.063330729	22000.000	38000.000	0.1739
406	Spectrogram 1	1	1593.047997396	1593.063330729	22000.000	38000.000	0.1739
407	Waveform 1	1	1593.171997396	1593.177997396	22000.000	38000.000	0.4444
407	Spectrogram 1	1	1593.171997396	1593.177997396	22000.000	38000.000	0.4444
408	Waveform 1	1	1593.453997396	1593.462664062	22000.000	38000.000	0.1538
408	Spectrogram 1	1	1593.453997396	1593.462664062	22000.000	38000.000	0.1538
409	Waveform 1	1	1593.559997396	1593.577330729	22000.000	38000.000	0.1538
409	Spectrogram 1	1	1593.559997396	1593.577330729	22000.000	38000.000	0.1538
410	Waveform 1	1	1593.676664062	1593.696664062	22000.000	38000.000	0.1667
410	Spectrogram 1	1	1593.676664062	1593.696664062	22000.000	38000.000	0.1667
411	Waveform 1	1	1593.809330729	1593.811330729	22000.000	38000.000	0.6667
411	Spectrogram 1	1	1593.809330729	1593.811330729	22000.000	38000.000	0.6667
412	Waveform 1	1	1594.911330729	1594.925997396	22000.000	38000.000	0.1818
412	Spectrogram 1	1	1594.911330729	1594.925997396	22000.000	38000.000	0.1818
413	Waveform 1	1	1595.059330729	1595.073997396	22000.000	38000.000	0.2273
413	Spectrogram 1	1	1595.059330729	1595.073997396	22000.000	38000.000	0.2273
414	Waveform 1	1	1595.629997396	1595.659330729	22000.000	38000.000	0.1136
414	Spectrogram 1	1	1595.629997396	1595.659330729	22000.000	38000.000	0.1136
415	Waveform 1	1	1597.217330729	1597.221997396	22000.000	38000.000	0.2857
415	Spectrogram 1	1	1597.217330729	1597.221997396	22000.000	38000.000	0.2857
416	Waveform 1	1	1598.807330729	1598.821997396	22000.000	38000.000	0.0909
416	Spectrogram 1	1	1598.807330729	1598.821997396	22000.000	38000.000	0.0909
417	Waveform 1	1	1599.873997396	1599.881997396	22000.000	38000.000	0.1667
417	Spectrogram 1	1	1599.873997396	1599.881997396	22000.000	38000.000	0.1667
418	Waveform 1	1	1602.248664062	1602.257997396	22000.000	38000.000	0.2143
418	Spectrogram 1	1	1602.248664062	1602.257997396	22000.000	38000.000	0.2143
419	Waveform 1	1	1602.597997396	1602.601330729	22000.000	38000.000	0.4000
419	Spectrogram 1	1	1602.597997396	1602.601330729	22000.000	38000.000	0.4000
420	Waveform 1	1	1603.584664062	1603.592664063	22000.000	38000.000	0.1667
420	Spectrogram 1	1	1603.584664062	1603.592664063	22000.000	38000.000	0.1667
421	Waveform 1	1	1603.830664062	1603.860664062	22000.000	38000.000	0.1556
421	Spectrogram 1	1	1603.830664062	1603.860664062	22000.000	38000.000	0.1556
422	Waveform 1	1	1604.098664062	1604.114664062	22000.000	38000.000	0.1667
422	Spectrogram 1	1	1604.098664062	1604.114664062	22000.000	38000.000	0.1667
423	Waveform 1	1	1604.374664062	1604.379330729	22000.000	38000.000	0.7143
423	Spectrogram 1	1	1604.374664062	1604.379330729	22000.000	38000.000	0.7143
424	Waveform 1	1	1604.762664062	1604.789330729	22000.000	38000.000	0.0750
424	Spectrogram 1	1	1604.762664062	1604.789330729	22000.000	38000.000	0.0750
425	Waveform 1	1	1604.911997396	1604.935997396	22000.000	38000.000	0.1111
425	Spectrogram 1	1	1604.911997396	1604.935997396	22000.000	38000.000	0.1111
426	Waveform 1	1	1605.139997396	1605.180664062	22000.000	38000.000	0.1148
426	Spectrogram 1	1	1605.139997396	1605.180664062	22000.000	38000.000	0.1148
427	Waveform 1	1	1605.559330729	1605.586664062	22000.000	38000.000	0.2195
427	Spectrogram 1	1	1605.559330729	1605.586664062	22000.000	38000.000	0.2195
428	Waveform 1	1	1606.239330729	1606.244664062	22000.000	38000.000	0.6250
428	Spectrogram 1	1	1606.239330729	1606.244664062	22000.000	38000.000	0.6250
429	Waveform 1	1	1606.466664062	1606.503330729	22000.000	38000.000	0.2364
429	Spectrogram 1	1	1606.466664062	1606.503330729	22000.000	38000.000	0.2364
430	Waveform 1	1	1606.612664063	1606.623330729	22000.000	38000.000	0.1250
430	Spectrogram 1	1	1606.612664063	1606.623330729	22000.000	38000.000	0.1250
431	Waveform 1	1	1606.845330729	1606.891997396	22000.000	38000.000	0.1429
431	Spectrogram 1	1	1606.845330729	1606.891997396	22000.000	38000.000	0.1429
432	Waveform 1	1	1607.391997396	1607.417997396	22000.000	38000.000	0.1795
432	Spectrogram 1	1	1607.391997396	1607.417997396	22000.000	38000.000	0.1795
433	Waveform 1	1	1607.657997396	1607.685330729	22000.000	38000.000	0.0732
433	Spectrogram 1	1	1607.657997396	1607.685330729	22000.000	38000.000	0.0732
434	Waveform 1	1	1607.845997396	1607.866664062	22000.000	38000.000	0.0968
434	Spectrogram 1	1	1607.845997396	1607.866664062	22000.000	38000.000	0.0968
435	Waveform 1	1	1607.981997396	1607.987330729	22000.000	38000.000	0.2500
435	Spectrogram 1	1	1607.981997396	1607.987330729	22000.000	38000.000	0.2500
436	Waveform 1	1	1608.129330729	1608.151330729	22000.000	38000.000	0.1515
436	Spectrogram 1	1	1608.129330729	1608.151330729	22000.000	38000.000	0.1515
437	Waveform 1	1	1609.415997396	1609.425330729	22000.000	38000.000	0.2857
437	Spectrogram 1	1	1609.415997396	1609.425330729	22000.000	38000.000	0.2857
438	Waveform 1	1	1610.705997396	1610.707330729	22000.000	38000.000	1.0000
438	Spectrogram 1	1	1610.705997396	1610.707330729	22000.000	38000.000	1.0000
439	Waveform 1	1	1610.813330729	1610.823997396	22000.000	38000.000	0.1250
439	Spectrogram 1	1	1610.813330729	1610.823997396	22000.000	38000.000	0.1250
440	Waveform 1	1	1611.420664063	1611.428664063	22000.000	38000.000	0.3333
440	Spectrogram 1	1	1611.420664063	1611.428664063	22000.000	38000.000	0.3333
441	Waveform 1	1	1612.176664062	1612.177997396	22000.000	38000.000	1.0000
441	Spectrogram 1	1	1612.176664062	1612.177997396	22000.000	38000.000	1.0000
442	Waveform 1	1	1612.848664062	1612.853330729	22000.000	38000.000	0.2857
442	Spectrogram 1	1	1612.848664062	1612.853330729	22000.000	38000.000	0.2857
443	Waveform 1	1	1612.971330729	1612.992664062	22000.000	38000.000	0.0938
443	Spectrogram 1	1	1612.971330729	1612.992664062	22000.000	38000.000	0.0938
444	Waveform 1	1	1613.137997396	1613.144664062	22000.000	38000.000	0.3000
444	Spectrogram 1	1	1613.137997396	1613.144664062	22000.000	38000.000	0.3000
445	Waveform 1	1	1614.847330729	1614.851330729	22000.000	38000.000	0.5000
445	Spectrogram 1	1	1614.847330729	1614.851330729	22000.000	38000.000	0.5000
446	Waveform 1	1	1615.250664062	1615.251997396	22000.000	38000.000	1.0000
446	Spectrogram 1	1	1615.250664062	1615.251997396	22000.000	38000.000	1.0000
447	Waveform 1	1	1615.922664062	1615.927997396	22000.000	38000.000	0.3750
447	Spectrogram 1	1	1615.922664062	1615.927997396	22000.000	38000.000	0.3750
448	Waveform 1	1	1616.249330729	1616.254664062	22000.000	38000.000	0.3750
448	Spectrogram 1	1	1616.249330729	1616.254664062	22000.000	38000.000	0.3750
449	Waveform 1	1	1618.449997396	1618.457330729	22000.000	38000.000	0.2727
449	Spectrogram 1	1	1618.449997396	1618.457330729	22000.000	38000.000	0.2727
450	Waveform 1	1	1618.853330729	1618.861997396	22000.000	38000.000	0.1538
450	Spectrogram 1	1	1618.853330729	1618.861997396	22000.000	38000.000	0.1538
451	Waveform 1	1	1619.409330729	1619.410664063	22000.000	38000.000	1.0000
451	Spectrogram 1	1	1619.409330729	1619.410664063	22000.000	38000.000	1.0000
452	Waveform 1	1	1619.801330729	1619.810664062	22000.000	38000.000	0.2143
452	Spectrogram 1	1	1619.801330729	1619.810664062	22000.000	38000.000	0.2143
453	Waveform 1	1	1626.961997396	1626.963330729	22000.000	38000.000	1.0000
453	Spectrogram 1	1	1626.961997396	1626.963330729	22000.000	38000.000	1.0000
454	Waveform 1	1	1638.207997396	1638.209330729	22000.000	38000.000	1.0000
454	Spectrogram 1	1	1638.207997396	1638.209330729	22000.000	38000.000	1.0000
455	Waveform 1	1	1639.851997396	1639.873330729	22000.000	38000.000	0.1250
455	Spectrogram 1	1	1639.851997396	1639.873330729	22000.000	38000.000	0.1250
456	Waveform 1	1	1640.439330729	1640.451997396	22000.000	38000.000	0.1579
456	Spectrogram 1	1	1640.439330729	1640.451997396	22000.000	38000.000	0.1579
457	Waveform 1	1	1640.581997396	1640.615330729	22000.000	38000.000	0.1800
457	Spectrogram 1	1	1640.581997396	1640.615330729	22000.000	38000.000	0.1800
458	Waveform 1	1	1640.699330729	1640.700664062	22000.000	38000.000	1.0000
458	Spectrogram 1	1	1640.699330729	1640.700664062	22000.000	38000.000	1.0000
459	Waveform 1	1	1640.906664062	1640.910664063	22000.000	38000.000	0.3333
459	Spectrogram 1	1	1640.906664062	1640.910664063	22000.000	38000.000	0.3333
460	Waveform 1	1	1641.857997396	1641.877330729	22000.000	38000.000	0.1034
460	Spectrogram 1	1	1641.857997396	1641.877330729	22000.000	38000.000	0.1034
461	Waveform 1	1	1641.993997396	1642.003330729	22000.000	38000.000	0.5000
461	Spectrogram 1	1	1641.993997396	1642.003330729	22000.000	38000.000	0.5000
462	Waveform 1	1	1642.399330729	1642.406664062	22000.000	38000.000	0.1818
462	Spectrogram 1	1	1642.399330729	1642.406664062	22000.000	38000.000	0.1818
463	Waveform 1	1	1642.807330729	1642.818664062	22000.000	38000.000	0.1765
463	Spectrogram 1	1	1642.807330729	1642.818664062	22000.000	38000.000	0.1765
464	Waveform 1	1	1643.074664063	1643.081997396	22000.000	38000.000	0.4545
464	Spectrogram 1	1	1643.074664063	1643.081997396	22000.000	38000.000	0.4545
465	Waveform 1	1	1643.337997396	1643.345997396	22000.000	38000.000	0.2500
465	Spectrogram 1	1	1643.337997396	1643.345997396	22000.000	38000.000	0.2500
466	Waveform 1	1	1643.621997396	1643.638664062	22000.000	38000.000	0.1200
466	Spectrogram 1	1	1643.621997396	1643.638664062	22000.000	38000.000	0.1200
467	Waveform 1	1	1643.743330729	1643.769997396	22000.000	38000.000	0.1000
467	Spectrogram 1	1	1643.743330729	1643.769997396	22000.000	38000.000	0.1000
468	Waveform 1	1	1643.871997396	1643.899330729	22000.000	38000.000	0.1220
468	Spectrogram 1	1	1643.871997396	1643.899330729	22000.000	38000.000	0.1220
469	Waveform 1	1	1644.015330729	1644.019330729	22000.000	38000.000	0.3333
469	Spectrogram 1	1	1644.015330729	1644.019330729	22000.000	38000.000	0.3333
470	Waveform 1	1	1644.554664063	1644.555997396	22000.000	38000.000	1.0000
470	Spectrogram 1	1	1644.554664063	1644.555997396	22000.000	38000.000	1.0000
471	Waveform 1	1	1644.944664062	1644.970664062	22000.000	38000.000	0.1795
471	Spectrogram 1	1	1644.944664062	1644.970664062	22000.000	38000.000	0.1795
472	Waveform 1	1	1645.074664063	1645.083330729	22000.000	38000.000	0.3077
472	Spectrogram 1	1	1645.074664063	1645.083330729	22000.000	38000.000	0.3077
473	Waveform 1	1	1645.211330729	1645.214664062	22000.000	38000.000	0.6000
473	Spectrogram 1	1	1645.211330729	1645.214664062	22000.000	38000.000	0.6000
474	Waveform 1	1	1645.301330729	1645.335330729	22000.000	38000.000	0.0784
474	Spectrogram 1	1	1645.301330729	1645.335330729	22000.000	38000.000	0.0784
475	Waveform 1	1	1647.279330729	1647.292664062	22000.000	38000.000	0.1000
475	Spectrogram 1	1	1647.279330729	1647.292664062	22000.000	38000.000	0.1000
476	Waveform 1	1	1647.659330729	1647.679330729	22000.000	38000.000	0.3667
476	Spectrogram 1	1	1647.659330729	1647.679330729	22000.000	38000.000	0.3667
477	Waveform 1	1	1647.809997396	1647.814664063	22000.000	38000.000	0.2857
477	Spectrogram 1	1	1647.809997396	1647.814664063	22000.000	38000.000	0.2857
478	Waveform 1	1	1648.206664062	1648.215997396	22000.000	38000.000	0.1429
478	Spectrogram 1	1	1648.206664062	1648.215997396	22000.000	38000.000	0.1429
479	Waveform 1	1	1648.493997396	1648.499330729	22000.000	38000.000	0.3750
479	Spectrogram 1	1	1648.493997396	1648.499330729	22000.000	38000.000	0.3750
480	Waveform 1	1	1648.597330729	1648.630664063	22000.000	38000.000	0.1000
480	Spectrogram 1	1	1648.597330729	1648.630664063	22000.000	38000.000	0.1000
481	Waveform 1	1	1649.374664062	1649.377330729	22000.000	38000.000	0.5000
481	Spectrogram 1	1	1649.374664062	1649.377330729	22000.000	38000.000	0.5000
482	Waveform 1	1	1649.751330729	1649.768664062	22000.000	38000.000	0.1154
482	Spectrogram 1	1	1649.751330729	1649.768664062	22000.000	38000.000	0.1154
483	Waveform 1	1	1650.029997396	1650.055997396	22000.000	38000.000	0.2564
483	Spectrogram 1	1	1650.029997396	1650.055997396	22000.000	38000.000	0.2564
484	Waveform 1	1	1650.175330729	1650.190664062	22000.000	38000.000	0.0870
484	Spectrogram 1	1	1650.175330729	1650.190664062	22000.000	38000.000	0.0870
485	Waveform 1	1	1650.342664063	1650.343997396	22000.000	38000.000	1.0000
485	Spectrogram 1	1	1650.342664063	1650.343997396	22000.000	38000.000	1.0000
486	Waveform 1	1	1650.745330729	1650.759330729	22000.000	38000.000	0.2857
486	Spectrogram 1	1	1650.745330729	1650.759330729	22000.000	38000.000	0.2857
487	Waveform 1	1	1650.991997396	1650.993330729	22000.000	38000.000	1.0000
487	Spectrogram 1	1	1650.991997396	1650.993330729	22000.000	38000.000	1.0000
488	Waveform 1	1	1652.105997396	1652.123330729	22000.000	38000.000	0.1154
488	Spectrogram 1	1	1652.105997396	1652.123330729	22000.000	38000.000	0.1154
489	Waveform 1	1	1652.514664062	1652.535330729	22000.000	38000.000	0.1935
489	Spectrogram 1	1	1652.514664062	1652.535330729	22000.000	38000.000	0.1935
490	Waveform 1	1	1652.668664062	1652.669997396	22000.000	38000.000	1.0000
490	Spectrogram 1	1	1652.668664062	1652.669997396	22000.000	38000.000	1.0000
491	Waveform 1	1	1652.945330729	1652.955997396	22000.000	38000.000	0.2500
491	Spectrogram 1	1	1652.945330729	1652.955997396	22000.000	38000.000	0.2500
492	Waveform 1	1	1654.305997396	1654.313997396	22000.000	38000.000	0.1667
492	Spectrogram 1	1	1654.305997396	1654.313997396	22000.000	38000.000	0.1667
493	Waveform 1	1	1657.383997396	1657.391330729	22000.000	38000.000	0.2727
493	Spectrogram 1	1	1657.383997396	1657.391330729	22000.000	38000.000	0.2727
494	Waveform 1	1	1657.541330729	1657.543997396	22000.000	38000.000	1.0000
494	Spectrogram 1	1	1657.541330729	1657.543997396	22000.000	38000.000	1.0000
495	Waveform 1	1	1657.770664062	1657.775330729	22000.000	38000.000	0.2857
495	Spectrogram 1	1	1657.770664062	1657.775330729	22000.000	38000.000	0.2857
496	Waveform 1	1	1658.023997396	1658.029330729	22000.000	38000.000	0.3750
496	Spectrogram 1	1	1658.023997396	1658.029330729	22000.000	38000.000	0.3750
497	Waveform 1	1	1659.080664062	1659.102664063	22000.000	38000.000	0.0909
497	Spectrogram 1	1	1659.080664062	1659.102664063	22000.000	38000.000	0.0909
498	Waveform 1	1	1659.513330729	1659.517330729	22000.000	38000.000	0.5000
498	Spectrogram 1	1	1659.513330729	1659.517330729	22000.000	38000.000	0.5000
499	Waveform 1	1	1671.979997396	1671.985330729	22000.000	38000.000	0.3750
499	Spectrogram 1	1	1671.979997396	1671.985330729	22000.000	38000.000	0.3750
500	Waveform 1	1	1674.059330729	1674.067330729	22000.000	38000.000	0.3333
500	Spectrogram 1	1	1674.059330729	1674.067330729	22000.000	38000.000	0.3333
501	Waveform 1	1	1677.605330729	1677.620664062	22000.000	38000.000	0.1304
501	Spectrogram 1	1	1677.605330729	1677.620664062	22000.000	38000.000	0.1304
502	Waveform 1	1	1683.084664062	1683.086664062	22000.000	38000.000	0.6667
502	Spectrogram 1	1	1683.084664062	1683.086664062	22000.000	38000.000	0.6667
503	Waveform 1	1	1683.236664063	1683.238664062	22000.000	38000.000	0.6667
503	Spectrogram 1	1	1683.236664063	1683.238664062	22000.000	38000.000	0.6667
504	Waveform 1	1	1683.737997396	1683.740664062	22000.000	38000.000	0.7500
504	Spectrogram 1	1	1683.737997396	1683.740664062	22000.000	38000.000	0.7500
505	Waveform 1	1	1686.178664063	1686.189330729	22000.000	38000.000	0.1875
505	Spectrogram 1	1	1686.178664063	1686.189330729	22000.000	38000.000	0.1875
506	Waveform 1	1	1686.991997396	1687.005997396	22000.000	38000.000	0.1905
506	Spectrogram 1	1	1686.991997396	1687.005997396	22000.000	38000.000	0.1905
507	Waveform 1	1	1687.528664062	1687.555330729	22000.000	38000.000	0.1250
507	Spectrogram 1	1	1687.528664062	1687.555330729	22000.000	38000.000	0.1250
508	Waveform 1	1	1687.793997396	1687.828664062	22000.000	38000.000	0.1538
508	Spectrogram 1	1	1687.793997396	1687.828664062	22000.000	38000.000	0.1538
509	Waveform 1	1	1688.348664062	1688.355330729	22000.000	38000.000	0.3000
509	Spectrogram 1	1	1688.348664062	1688.355330729	22000.000	38000.000	0.3000
510	Waveform 1	1	1689.597330729	1689.611997396	22000.000	38000.000	0.0909
510	Spectrogram 1	1	1689.597330729	1689.611997396	22000.000	38000.000	0.0909
511	Waveform 1	1	1689.989330729	1690.032664062	22000.000	38000.000	0.1077
511	Spectrogram 1	1	1689.989330729	1690.032664062	22000.000	38000.000	0.1077
512	Waveform 1	1	1690.283997396	1690.285330729	22000.000	38000.000	1.0000
512	Spectrogram 1	1	1690.283997396	1690.285330729	22000.000	38000.000	1.0000
513	Waveform 1	1	1690.527997396	1690.532664062	22000.000	38000.000	0.5714
513	Spectrogram 1	1	1690.527997396	1690.532664062	22000.000	38000.000	0.5714
514	Waveform 1	1	1690.971330729	1690.974664062	22000.000	38000.000	0.4000
514	Spectrogram 1	1	1690.971330729	1690.974664062	22000.000	38000.000	0.4000
515	Waveform 1	1	1691.273330729	1691.275997396	22000.000	38000.000	0.7500
515	Spectrogram 1	1	1691.273330729	1691.275997396	22000.000	38000.000	0.7500
516	Waveform 1	1	1697.405330729	1697.408664062	22000.000	38000.000	0.4000
516	Spectrogram 1	1	1697.405330729	1697.408664062	22000.000	38000.000	0.4000
517	Waveform 1	1	1705.713997396	1705.715330729	22000.000	38000.000	1.0000
517	Spectrogram 1	1	1705.713997396	1705.715330729	22000.000	38000.000	1.0000
518	Waveform 1	1	1706.209997396	1706.211330729	22000.000	38000.000	1.0000
518	Spectrogram 1	1	1706.209997396	1706.211330729	22000.000	38000.000	1.0000
519	Waveform 1	1	1706.336664062	1706.353330729	22000.000	38000.000	0.1200
519	Spectrogram 1	1	1706.336664062	1706.353330729	22000.000	38000.000	0.1200
520	Waveform 1	1	1706.469330729	1706.473997396	22000.000	38000.000	0.5714
520	Spectrogram 1	1	1706.469330729	1706.473997396	22000.000	38000.000	0.5714
521	Waveform 1	1	1706.711330729	1706.715330729	22000.000	38000.000	0.3333
521	Spectrogram 1	1	1706.711330729	1706.715330729	22000.000	38000.000	0.3333
522	Waveform 1	1	1708.055997396	1708.060664062	22000.000	38000.000	0.4286
522	Spectrogram 1	1	1708.055997396	1708.060664062	22000.000	38000.000	0.4286
523	Waveform 1	1	1708.317330729	1708.333330729	22000.000	38000.000	0.1667
523	Spectrogram 1	1	1708.317330729	1708.333330729	22000.000	38000.000	0.1667
524	Waveform 1	1	1708.587330729	1708.589330729	22000.000	38000.000	1.0000
524	Spectrogram 1	1	1708.587330729	1708.589330729	22000.000	38000.000	1.0000
525	Waveform 1	1	1708.730664062	1708.736664063	22000.000	38000.000	0.4444
525	Spectrogram 1	1	1708.730664062	1708.736664063	22000.000	38000.000	0.4444
526	Waveform 1	1	1709.817330729	1709.819330729	22000.000	38000.000	1.0000
526	Spectrogram 1	1	1709.817330729	1709.819330729	22000.000	38000.000	1.0000
527	Waveform 1	1	1710.183330729	1710.189330729	22000.000	38000.000	0.3333
527	Spectrogram 1	1	1710.183330729	1710.189330729	22000.000	38000.000	0.3333
528	Waveform 1	1	1710.562664062	1710.563997396	22000.000	38000.000	1.0000
528	Spectrogram 1	1	1710.562664062	1710.563997396	22000.000	38000.000	1.0000
529	Waveform 1	1	1712.029997396	1712.057997396	22000.000	38000.000	0.0714
529	Spectrogram 1	1	1712.029997396	1712.057997396	22000.000	38000.000	0.0714
530	Waveform 1	1	1712.145330729	1712.192664062	22000.000	38000.000	0.0845
530	Spectrogram 1	1	1712.145330729	1712.192664062	22000.000	38000.000	0.0845
531	Waveform 1	1	1712.546664062	1712.549997396	22000.000	38000.000	0.4000
531	Spectrogram 1	1	1712.546664062	1712.549997396	22000.000	38000.000	0.4000
532	Waveform 1	1	1714.029997396	1714.031330729	22000.000	38000.000	1.0000
532	Spectrogram 1	1	1714.029997396	1714.031330729	22000.000	38000.000	1.0000
533	Waveform 1	1	1716.713997396	1716.715330729	22000.000	38000.000	1.0000
533	Spectrogram 1	1	1716.713997396	1716.715330729	22000.000	38000.000	1.0000
534	Waveform 1	1	1721.495330729	1721.498664062	22000.000	38000.000	0.8000
534	Spectrogram 1	1	1721.495330729	1721.498664062	22000.000	38000.000	0.8000
535	Waveform 1	1	1721.990664062	1721.993330729	22000.000	38000.000	0.5000
535	Spectrogram 1	1	1721.990664062	1721.993330729	22000.000	38000.000	0.5000
536	Waveform 1	1	1723.109330729	1723.119997396	22000.000	38000.000	0.1250
536	Spectrogram 1	1	1723.109330729	1723.119997396	22000.000	38000.000	0.1250
537	Waveform 1	1	1723.893330729	1723.899330729	22000.000	38000.000	0.2222
537	Spectrogram 1	1	1723.893330729	1723.899330729	22000.000	38000.000	0.2222
538	Waveform 1	1	1725.976664063	1725.998664062	22000.000	38000.000	0.0909
538	Spectrogram 1	1	1725.976664063	1725.998664062	22000.000	38000.000	0.0909
539	Waveform 1	1	1726.537997396	1726.541330729	22000.000	38000.000	0.6000
539	Spectrogram 1	1	1726.537997396	1726.541330729	22000.000	38000.000	0.6000
540	Waveform 1	1	1726.794664063	1726.815330729	22000.000	38000.000	0.1290
540	Spectrogram 1	1	1726.794664063	1726.815330729	22000.000	38000.000	0.1290
541	Waveform 1	1	1727.199330729	1727.215997396	22000.000	38000.000	0.2000
541	Spectrogram 1	1	1727.199330729	1727.215997396	22000.000	38000.000	0.2000
542	Waveform 1	1	1727.341330729	1727.367330729	22000.000	38000.000	0.0769
542	Spectrogram 1	1	1727.341330729	1727.367330729	22000.000	38000.000	0.0769
543	Waveform 1	1	1727.843997396	1727.881330729	22000.000	38000.000	0.0893
543	Spectrogram 1	1	1727.843997396	1727.881330729	22000.000	38000.000	0.0893
544	Waveform 1	1	1728.929330729	1728.939330729	22000.000	38000.000	0.2667
544	Spectrogram 1	1	1728.929330729	1728.939330729	22000.000	38000.000	0.2667
545	Waveform 1	1	1729.333997396	1729.361997396	22000.000	38000.000	0.1667
545	Spectrogram 1	1	1729.333997396	1729.361997396	22000.000	38000.000	0.1667
546	Waveform 1	1	1729.602664063	1729.633997396	22000.000	38000.000	0.1064
546	Spectrogram 1	1	1729.602664063	1729.633997396	22000.000	38000.000	0.1064
547	Waveform 1	1	1729.746664063	1729.765330729	22000.000	38000.000	0.3214
547	Spectrogram 1	1	1729.746664063	1729.765330729	22000.000	38000.000	0.3214
548	Waveform 1	1	1730.013330729	1730.031997396	22000.000	38000.000	0.1429
548	Spectrogram 1	1	1730.013330729	1730.031997396	22000.000	38000.000	0.1429
549	Waveform 1	1	1730.165330729	1730.185330729	22000.000	38000.000	0.1667
549	Spectrogram 1	1	1730.165330729	1730.185330729	22000.000	38000.000	0.1667
550	Waveform 1	1	1730.301997396	1730.307330729	22000.000	38000.000	0.3750
550	Spectrogram 1	1	1730.301997396	1730.307330729	22000.000	38000.000	0.3750
551	Waveform 1	1	1730.437330729	1730.439997396	22000.000	38000.000	0.5000
551	Spectrogram 1	1	1730.437330729	1730.439997396	22000.000	38000.000	0.5000
552	Waveform 1	1	1730.551997396	1730.561997396	22000.000	38000.000	0.2667
552	Spectrogram 1	1	1730.551997396	1730.561997396	22000.000	38000.000	0.2667
553	Waveform 1	1	1730.731997396	1730.739330729	22000.000	38000.000	0.2727
553	Spectrogram 1	1	1730.731997396	1730.739330729	22000.000	38000.000	0.2727
554	Waveform 1	1	1732.523330729	1732.527330729	22000.000	38000.000	0.3333
554	Spectrogram 1	1	1732.523330729	1732.527330729	22000.000	38000.000	0.3333
555	Waveform 1	1	1733.137997396	1733.143997396	22000.000	38000.000	0.3333
555	Spectrogram 1	1	1733.137997396	1733.143997396	22000.000	38000.000	0.3333
556	Waveform 1	1	1733.695330729	1733.701997396	22000.000	38000.000	0.2000
556	Spectrogram 1	1	1733.695330729	1733.701997396	22000.000	38000.000	0.2000
557	Waveform 1	1	1733.790664062	1733.811997396	22000.000	38000.000	0.1250
557	Spectrogram 1	1	1733.790664062	1733.811997396	22000.000	38000.000	0.1250
558	Waveform 1	1	1734.077997396	1734.099997396	22000.000	38000.000	0.2424
558	Spectrogram 1	1	1734.077997396	1734.099997396	22000.000	38000.000	0.2424
559	Waveform 1	1	1736.146664062	1736.157997396	22000.000	38000.000	0.1176
559	Spectrogram 1	1	1736.146664062	1736.157997396	22000.000	38000.000	0.1176
560	Waveform 1	1	1736.998664062	1737.007997396	22000.000	38000.000	0.2143
560	Spectrogram 1	1	1736.998664062	1737.007997396	22000.000	38000.000	0.2143
561	Waveform 1	1	1737.708664063	1737.714664062	22000.000	38000.000	0.3333
561	Spectrogram 1	1	1737.708664063	1737.714664062	22000.000	38000.000	0.3333
562	Waveform 1	1	1739.963330729	1739.970664062	22000.000	38000.000	0.1818
562	Spectrogram 1	1	1739.963330729	1739.970664062	22000.000	38000.000	0.1818
563	Waveform 1	1	1743.389330729	1743.411997396	22000.000	38000.000	0.2353
563	Spectrogram 1	1	1743.389330729	1743.411997396	22000.000	38000.000	0.2353
564	Waveform 1	1	1744.596664062	1744.597997396	22000.000	38000.000	1.0000
564	Spectrogram 1	1	1744.596664062	1744.597997396	22000.000	38000.000	1.0000
565	Waveform 1	1	1745.239997396	1745.263330729	22000.000	38000.000	0.1143
565	Spectrogram 1	1	1745.239997396	1745.263330729	22000.000	38000.000	0.1143
566	Waveform 1	1	1745.515330729	1745.517330729	22000.000	38000.000	0.6667
566	Spectrogram 1	1	1745.515330729	1745.517330729	22000.000	38000.000	0.6667
567	Waveform 1	1	1746.789997396	1746.799997396	22000.000	38000.000	0.1333
567	Spectrogram 1	1	1746.789997396	1746.799997396	22000.000	38000.000	0.1333
568	Waveform 1	1	1747.365330729	1747.367330729	22000.000	38000.000	1.0000
568	Spectrogram 1	1	1747.365330729	1747.367330729	22000.000	38000.000	1.0000
569	Waveform 1	1	1747.619997396	1747.625997396	22000.000	38000.000	0.2222
569	Spectrogram 1	1	1747.619997396	1747.625997396	22000.000	38000.000	0.2222
570	Waveform 1	1	1749.327997396	1749.360664062	22000.000	38000.000	0.0816
570	Spectrogram 1	1	1749.327997396	1749.360664062	22000.000	38000.000	0.0816
571	Waveform 1	1	1749.575330729	1749.585997396	22000.000	38000.000	0.5000
571	Spectrogram 1	1	1749.575330729	1749.585997396	22000.000	38000.000	0.5000
572	Waveform 1	1	1750.085997396	1750.108664062	22000.000	38000.000	0.1176
572	Spectrogram 1	1	1750.085997396	1750.108664062	22000.000	38000.000	0.1176
573	Waveform 1	1	1750.695330729	1750.723330729	22000.000	38000.000	0.1429
573	Spectrogram 1	1	1750.695330729	1750.723330729	22000.000	38000.000	0.1429
574	Waveform 1	1	1751.249997396	1751.267330729	22000.000	38000.000	0.2308
574	Spectrogram 1	1	1751.249997396	1751.267330729	22000.000	38000.000	0.2308
575	Waveform 1	1	1751.439997396	1751.453330729	22000.000	38000.000	0.4500
575	Spectrogram 1	1	1751.439997396	1751.453330729	22000.000	38000.000	0.4500
576	Waveform 1	1	1752.162664062	1752.171997396	22000.000	38000.000	0.1429
576	Spectrogram 1	1	1752.162664062	1752.171997396	22000.000	38000.000	0.1429
577	Waveform 1	1	1752.399330729	1752.415997396	22000.000	38000.000	0.2800
577	Spectrogram 1	1	1752.399330729	1752.415997396	22000.000	38000.000	0.2800
578	Waveform 1	1	1752.631997396	1752.653997396	22000.000	38000.000	0.0909
578	Spectrogram 1	1	1752.631997396	1752.653997396	22000.000	38000.000	0.0909
579	Waveform 1	1	1752.872664063	1752.873997396	22000.000	38000.000	1.0000
579	Spectrogram 1	1	1752.872664063	1752.873997396	22000.000	38000.000	1.0000
580	Waveform 1	1	1753.106664062	1753.112664063	22000.000	38000.000	0.5556
580	Spectrogram 1	1	1753.106664062	1753.112664063	22000.000	38000.000	0.5556
581	Waveform 1	1	1753.356664062	1753.361997396	22000.000	38000.000	0.3750
581	Spectrogram 1	1	1753.356664062	1753.361997396	22000.000	38000.000	0.3750
582	Waveform 1	1	1753.935997396	1753.972664062	22000.000	38000.000	0.0727
582	Spectrogram 1	1	1753.935997396	1753.972664062	22000.000	38000.000	0.0727
583	Waveform 1	1	1754.167997396	1754.201997396	22000.000	38000.000	0.0784
583	Spectrogram 1	1	1754.167997396	1754.201997396	22000.000	38000.000	0.0784
584	Waveform 1	1	1754.626664062	1754.673330729	22000.000	38000.000	0.0714
584	Spectrogram 1	1	1754.626664062	1754.673330729	22000.000	38000.000	0.0714
585	Waveform 1	1	1754.970664062	1754.971997396	22000.000	38000.000	1.0000
585	Spectrogram 1	1	1754.970664062	1754.971997396	22000.000	38000.000	1.0000
586	Waveform 1	1	1755.135330729	1755.143330729	22000.000	38000.000	0.1667
586	Spectrogram 1	1	1755.135330729	1755.143330729	22000.000	38000.000	0.1667
587	Waveform 1	1	1755.338664062	1755.388664062	22000.000	38000.000	0.0933
587	Spectrogram 1	1	1755.338664062	1755.388664062	22000.000	38000.000	0.0933
588	Waveform 1	1	1755.501330729	1755.502664062	22000.000	38000.000	1.0000
588	Spectrogram 1	1	1755.501330729	1755.502664062	22000.000	38000.000	1.0000
589	Waveform 1	1	1755.605330729	1755.633997396	22000.000	38000.000	0.0930
589	Spectrogram 1	1	1755.605330729	1755.633997396	22000.000	38000.000	0.0930
590	Waveform 1	1	1756.336664062	1756.361997396	22000.000	38000.000	0.2632
590	Spectrogram 1	1	1756.336664062	1756.361997396	22000.000	38000.000	0.2632
591	Waveform 1	1	1756.675330729	1756.693330729	22000.000	38000.000	0.3704
591	Spectrogram 1	1	1756.675330729	1756.693330729	22000.000	38000.000	0.3704
592	Waveform 1	1	1757.121330729	1757.159997396	22000.000	38000.000	0.1379
592	Spectrogram 1	1	1757.121330729	1757.159997396	22000.000	38000.000	0.1379
593	Waveform 1	1	1757.247997396	1757.287330729	22000.000	38000.000	0.1186
593	Spectrogram 1	1	1757.247997396	1757.287330729	22000.000	38000.000	0.1186
594	Waveform 1	1	1757.469330729	1757.502664062	22000.000	38000.000	0.2800
594	Spectrogram 1	1	1757.469330729	1757.502664062	22000.000	38000.000	0.2800
595	Waveform 1	1	1757.596664062	1757.624664062	22000.000	38000.000	0.2619
595	Spectrogram 1	1	1757.596664062	1757.624664062	22000.000	38000.000	0.2619
596	Waveform 1	1	1757.760664062	1757.764664062	22000.000	38000.000	0.5000
596	Spectrogram 1	1	1757.760664062	1757.764664062	22000.000	38000.000	0.5000
597	Waveform 1	1	1757.833330729	1757.859997396	22000.000	38000.000	0.1250
597	Spectrogram 1	1	1757.833330729	1757.859997396	22000.000	38000.000	0.1250
598	Waveform 1	1	1758.181997396	1758.196664062	22000.000	38000.000	0.0909
598	Spectrogram 1	1	1758.181997396	1758.196664062	22000.000	38000.000	0.0909
599	Waveform 1	1	1758.280664062	1758.330664062	22000.000	38000.000	0.0933
599	Spectrogram 1	1	1758.280664062	1758.330664062	22000.000	38000.000	0.0933
600	Waveform 1	1	1758.402664062	1758.410664063	22000.000	38000.000	0.2500
600	Spectrogram 1	1	1758.402664062	1758.410664063	22000.000	38000.000	0.2500
601	Waveform 1	1	1758.655997396	1758.686664062	22000.000	38000.000	0.2391
601	Spectrogram 1	1	1758.655997396	1758.686664062	22000.000	38000.000	0.2391
602	Waveform 1	1	1758.760664062	1758.810664062	22000.000	38000.000	0.1600
602	Spectrogram 1	1	1758.760664062	1758.810664062	22000.000	38000.000	0.1600
603	Waveform 1	1	1759.046664062	1759.047997396	22000.000	38000.000	1.0000
603	Spectrogram 1	1	1759.046664062	1759.047997396	22000.000	38000.000	1.0000
604	Waveform 1	1	1759.165997396	1759.189997396	22000.000	38000.000	0.1667
604	Spectrogram 1	1	1759.165997396	1759.189997396	22000.000	38000.000	0.1667
605	Waveform 1	1	1759.275997396	1759.295330729	22000.000	38000.000	0.1034
605	Spectrogram 1	1	1759.275997396	1759.295330729	22000.000	38000.000	0.1034
606	Waveform 1	1	1759.505330729	1759.543997396	22000.000	38000.000	0.2069
606	Spectrogram 1	1	1759.505330729	1759.543997396	22000.000	38000.000	0.2069
607	Waveform 1	1	1759.753330729	1759.769997396	22000.000	38000.000	0.1600
607	Spectrogram 1	1	1759.753330729	1759.769997396	22000.000	38000.000	0.1600
608	Waveform 1	1	1760.176664062	1760.177997396	22000.000	38000.000	1.0000
608	Spectrogram 1	1	1760.176664062	1760.177997396	22000.000	38000.000	1.0000
609	Waveform 1	1	1760.755330729	1760.771997396	22000.000	38000.000	0.1200
609	Spectrogram 1	1	1760.755330729	1760.771997396	22000.000	38000.000	0.1200
610	Waveform 1	1	1761.002664062	1761.019330729	22000.000	38000.000	0.2800
610	Spectrogram 1	1	1761.002664062	1761.019330729	22000.000	38000.000	0.2800
611	Waveform 1	1	1761.500664062	1761.510664062	22000.000	38000.000	0.1333
611	Spectrogram 1	1	1761.500664062	1761.510664062	22000.000	38000.000	0.1333
612	Waveform 1	1	1761.910664063	1761.925330729	22000.000	38000.000	0.2727
612	Spectrogram 1	1	1761.910664063	1761.925330729	22000.000	38000.000	0.2727
613	Waveform 1	1	1762.887997396	1762.889330729	22000.000	38000.000	1.0000
613	Spectrogram 1	1	1762.887997396	1762.889330729	22000.000	38000.000	1.0000
614	Waveform 1	1	1763.266664063	1763.277997396	22000.000	38000.000	0.1176
614	Spectrogram 1	1	1763.266664063	1763.277997396	22000.000	38000.000	0.1176
615	Waveform 1	1	1763.339997396	1763.371997396	22000.000	38000.000	0.1667
615	Spectrogram 1	1	1763.339997396	1763.371997396	22000.000	38000.000	0.1667
616	Waveform 1	1	1763.717330729	1763.735330729	22000.000	38000.000	0.0741
616	Spectrogram 1	1	1763.717330729	1763.735330729	22000.000	38000.000	0.0741
617	Waveform 1	1	1763.811997396	1763.820664062	22000.000	38000.000	0.4615
617	Spectrogram 1	1	1763.811997396	1763.820664062	22000.000	38000.000	0.4615
618	Waveform 1	1	1774.201330729	1774.207997396	22000.000	38000.000	0.2000
618	Spectrogram 1	1	1774.201330729	1774.207997396	22000.000	38000.000	0.2000
