Selection	View	Channel	Begin Time (s)	End Time (s)	Low Freq (Hz)	High Freq (Hz)	Occupancy
1	Waveform 1	1	94.816664062	94.817997396	38000.000	81000.000	1.0000
1	Spectrogram 1	1	94.816664062	94.817997396	38000.000	81000.000	1.0000
2	Waveform 1	1	96.337330729	96.338664062	38000.000	81000.000	1.0000
2	Spectrogram 1	1	96.337330729	96.338664062	38000.000	81000.000	1.0000
3	Waveform 1	1	96.671330729	96.676664062	38000.000	81000.000	0.3750
3	Spectrogram 1	1	96.671330729	96.676664062	38000.000	81000.000	0.3750
4	Waveform 1	1	96.771330729	96.773330729	38000.000	81000.000	0.6667
4	Spectrogram 1	1	96.771330729	96.773330729	38000.000	81000.000	0.6667
5	Waveform 1	1	96.823997396	96.826664062	38000.000	81000.000	0.5000
5	Spectrogram 1	1	96.823997396	96.826664062	38000.000	81000.000	0.5000
6	Waveform 1	1	96.936664063	96.941997396	38000.000	81000.000	0.5000
6	Spectrogram 1	1	96.936664063	96.941997396	38000.000	81000.000	0.5000
7	Waveform 1	1	97.074664062	97.076664062	38000.000	81000.000	1.0000
7	Spectrogram 1	1	97.074664062	97.076664062	38000.000	81000.000	1.0000
8	Waveform 1	1	97.147330729	97.148664062	38000.000	81000.000	1.0000
8	Spectrogram 1	1	97.147330729	97.148664062	38000.000	81000.000	1.0000
9	Waveform 1	1	97.327330729	97.333330729	38000.000	81000.000	0.3333
9	Spectrogram 1	1	97.327330729	97.333330729	38000.000	81000.000	0.3333
10	Waveform 1	1	97.408664062	97.409997396	38000.000	81000.000	1.0000
10	Spectrogram 1	1	97.408664062	97.409997396	38000.000	81000.000	1.0000
11	Waveform 1	1	97.844664062	97.849330729	38000.000	81000.000	0.4286
11	Spectrogram 1	1	97.844664062	97.849330729	38000.000	81000.000	0.4286
12	Waveform 1	1	97.913997396	97.915330729	38000.000	81000.000	1.0000
12	Spectrogram 1	1	97.913997396	97.915330729	38000.000	81000.000	1.0000
13	Waveform 1	1	98.361997396	98.363997396	38000.000	81000.000	1.0000
13	Spectrogram 1	1	98.361997396	98.363997396	38000.000	81000.000	1.0000
14	Waveform 1	1	98.524664062	98.525997396	38000.000	81000.000	1.0000
14	Spectrogram 1	1	98.524664062	98.525997396	38000.000	81000.000	1.0000
15	Waveform 1	1	98.590664062	98.601330729	38000.000	81000.000	0.2500
15	Spectrogram 1	1	98.590664062	98.601330729	38000.000	81000.000	0.2500
16	Waveform 1	1	98.745330729	98.746664062	38000.000	81000.000	1.0000
16	Spectrogram 1	1	98.745330729	98.746664062	38000.000	81000.000	1.0000
17	Waveform 1	1	98.831330729	98.843330729	38000.000	81000.000	0.2778
17	Spectrogram 1	1	98.831330729	98.843330729	38000.000	81000.000	0.2778
18	Waveform 1	1	98.935330729	98.939330729	38000.000	81000.000	0.5000
18	Spectrogram 1	1	98.935330729	98.939330729	38000.000	81000.000	0.5000
19	Waveform 1	1	99.011997396	99.017997396	38000.000	81000.000	0.4444
19	Spectrogram 1	1	99.011997396	99.017997396	38000.000	81000.000	0.4444
20	Waveform 1	1	99.107330729	99.108664062	38000.000	81000.000	1.0000
20	Spectrogram 1	1	99.107330729	99.108664062	38000.000	81000.000	1.0000
21	Waveform 1	1	99.192664062	99.198664062	38000.000	81000.000	0.5556
21	Spectrogram 1	1	99.192664062	99.198664062	38000.000	81000.000	0.5556
22	Waveform 1	1	99.285997396	99.303330729	38000.000	81000.000	0.2308
22	Spectrogram 1	1	99.285997396	99.303330729	38000.000	81000.000	0.2308
23	Waveform 1	1	99.375997396	99.389330729	38000.000	81000.000	0.2000
23	Spectrogram 1	1	99.375997396	99.389330729	38000.000	81000.000	0.2000
24	Waveform 1	1	99.486664062	99.492664062	38000.000	81000.000	0.5556
24	Spectrogram 1	1	99.486664062	99.492664062	38000.000	81000.000	0.5556
25	Waveform 1	1	99.570664062	99.583997396	38000.000	81000.000	0.5500
25	Spectrogram 1	1	99.570664062	99.583997396	38000.000	81000.000	0.5500
26	Waveform 1	1	99.658664062	99.667997396	38000.000	81000.000	0.5000
26	Spectrogram 1	1	99.658664062	99.667997396	38000.000	81000.000	0.5000
27	Waveform 1	1	99.745330729	99.761997396	38000.000	81000.000	0.2400
27	Spectrogram 1	1	99.745330729	99.761997396	38000.000	81000.000	0.2400
28	Waveform 1	1	99.834664062	99.844664062	38000.000	81000.000	0.4667
28	Spectrogram 1	1	99.834664062	99.844664062	38000.000	81000.000	0.4667
29	Waveform 1	1	99.919330729	99.941330729	38000.000	81000.000	0.2727
29	Spectrogram 1	1	99.919330729	99.941330729	38000.000	81000.000	0.2727
30	Waveform 1	1	100.009330729	100.029330729	38000.000	81000.000	0.4333
30	Spectrogram 1	1	100.009330729	100.029330729	38000.000	81000.000	0.4333
31	Waveform 1	1	100.097330729	100.118664062	38000.000	81000.000	0.3125
31	Spectrogram 1	1	100.097330729	100.118664062	38000.000	81000.000	0.3125
32	Waveform 1	1	100.187330729	100.211330729	38000.000	81000.000	0.3889
32	Spectrogram 1	1	100.187330729	100.211330729	38000.000	81000.000	0.3889
33	Waveform 1	1	100.277330729	100.278664062	38000.000	81000.000	1.0000
33	Spectrogram 1	1	100.277330729	100.278664062	38000.000	81000.000	1.0000
34	Waveform 1	1	100.383997396	100.403997396	38000.000	81000.000	0.3000
34	Spectrogram 1	1	100.383997396	100.403997396	38000.000	81000.000	0.3000
35	Waveform 1	1	100.481997396	100.490664062	38000.000	81000.000	0.6923
35	Spectrogram 1	1	100.481997396	100.490664062	38000.000	81000.000	0.6923
36	Waveform 1	1	100.558664063	100.586664062	38000.000	81000.000	0.2381
36	Spectrogram 1	1	100.558664063	100.586664062	38000.000	81000.000	0.2381
37	Waveform 1	1	100.644664062	100.667997396	38000.000	81000.000	0.2000
37	Spectrogram 1	1	100.644664062	100.667997396	38000.000	81000.000	0.2000
38	Waveform 1	1	101.008664062	101.031997396	38000.000	81000.000	0.2000
38	Spectrogram 1	1	101.008664062	101.031997396	38000.000	81000.000	0.2000
39	Waveform 1	1	101.101997396	101.123330729	38000.000	81000.000	0.2812
39	Spectrogram 1	1	101.101997396	101.123330729	38000.000	81000.000	0.2812
40	Waveform 1	1	101.192664062	101.210664062	38000.000	81000.000	0.2222
40	Spectrogram 1	1	101.192664062	101.210664062	38000.000	81000.000	0.2222
41	Waveform 1	1	101.284664062	101.304664062	38000.000	81000.000	0.2000
41	Spectrogram 1	1	101.284664062	101.304664062	38000.000	81000.000	0.2000
42	Waveform 1	1	101.374664062	101.393330729	38000.000	81000.000	0.2143
42	Spectrogram 1	1	101.374664062	101.393330729	38000.000	81000.000	0.2143
43	Waveform 1	1	101.465997396	101.488664062	38000.000	81000.000	0.2647
43	Spectrogram 1	1	101.465997396	101.488664062	38000.000	81000.000	0.2647
44	Waveform 1	1	101.743330729	101.758664062	38000.000	81000.000	0.2174
44	Spectrogram 1	1	101.743330729	101.758664062	38000.000	81000.000	0.2174
45	Waveform 1	1	101.856664062	101.879997396	38000.000	81000.000	0.2857
45	Spectrogram 1	1	101.856664062	101.879997396	38000.000	81000.000	0.2857
46	Waveform 1	1	102.027330729	102.029330729	38000.000	81000.000	1.0000
46	Spectrogram 1	1	102.027330729	102.029330729	38000.000	81000.000	1.0000
47	Waveform 1	1	102.219330729	102.226664062	38000.000	81000.000	0.2727
47	Spectrogram 1	1	102.219330729	102.226664062	38000.000	81000.000	0.2727
48	Waveform 1	1	102.313997396	102.325330729	38000.000	81000.000	0.2353
48	Spectrogram 1	1	102.313997396	102.325330729	38000.000	81000.000	0.2353
49	Waveform 1	1	102.504664062	102.519330729	38000.000	81000.000	0.2727
49	Spectrogram 1	1	102.504664062	102.519330729	38000.000	81000.000	0.2727
50	Waveform 1	1	102.792664062	102.793997396	38000.000	81000.000	1.0000
50	Spectrogram 1	1	102.792664062	102.793997396	38000.000	81000.000	1.0000
51	Waveform 1	1	102.893997396	102.895330729	38000.000	81000.000	1.0000
51	Spectrogram 1	1	102.893997396	102.895330729	38000.000	81000.000	1.0000
52	Waveform 1	1	103.371330729	103.373330729	38000.000	81000.000	1.0000
52	Spectrogram 1	1	103.371330729	103.373330729	38000.000	81000.000	1.0000
53	Waveform 1	1	1182.149997396	1182.151330729	38000.000	81000.000	1.0000
53	Spectrogram 1	1	1182.149997396	1182.151330729	38000.000	81000.000	1.0000
54	Waveform 1	1	1466.979330729	1466.983330729	38000.000	81000.000	0.6667
54	Spectrogram 1	1	1466.979330729	1466.983330729	38000.000	81000.000	0.6667
55	Waveform 1	1	1467.073330729	1467.078664062	38000.000	81000.000	0.6250
55	Spectrogram 1	1	1467.073330729	1467.078664062	38000.000	81000.000	0.6250
56	Waveform 1	1	1467.171330729	1467.178664063	38000.000	81000.000	0.7273
56	Spectrogram 1	1	1467.171330729	1467.178664063	38000.000	81000.000	0.7273
57	Waveform 1	1	1467.267330729	1467.272664062	38000.000	81000.000	0.3750
57	Spectrogram 1	1	1467.267330729	1467.272664062	38000.000	81000.000	0.3750
58	Waveform 1	1	1467.359997396	1467.369330729	38000.000	81000.000	0.9286
58	Spectrogram 1	1	1467.359997396	1467.369330729	38000.000	81000.000	0.9286
59	Waveform 1	1	1467.453997396	1467.464664062	38000.000	81000.000	0.8125
59	Spectrogram 1	1	1467.453997396	1467.464664062	38000.000	81000.000	0.8125
60	Waveform 1	1	1467.575997396	1467.580664062	38000.000	81000.000	0.7143
60	Spectrogram 1	1	1467.575997396	1467.580664062	38000.000	81000.000	0.7143
61	Waveform 1	1	1467.661997396	1467.677330729	38000.000	81000.000	0.7391
61	Spectrogram 1	1	1467.661997396	1467.677330729	38000.000	81000.000	0.7391
62	Waveform 1	1	1467.756664063	1467.764664062	38000.000	81000.000	0.5833
62	Spectrogram 1	1	1467.756664063	1467.764664062	38000.000	81000.000	0.5833
63	Waveform 1	1	1467.846664062	1467.861330729	38000.000	81000.000	0.7727
63	Spectrogram 1	1	1467.846664062	1467.861330729	38000.000	81000.000	0.7727
64	Waveform 1	1	1467.938664063	1467.949330729	38000.000	81000.000	0.8750
64	Spectrogram 1	1	1467.938664063	1467.949330729	38000.000	81000.000	0.8750
65	Waveform 1	1	1468.032664062	1468.049997396	38000.000	81000.000	0.6154
65	Spectrogram 1	1	1468.032664062	1468.049997396	38000.000	81000.000	0.6154
66	Waveform 1	1	1468.134664062	1468.143997396	38000.000	81000.000	0.7857
66	Spectrogram 1	1	1468.134664062	1468.143997396	38000.000	81000.000	0.7857
67	Waveform 1	1	1468.223997396	1468.240664062	38000.000	81000.000	0.6400
67	Spectrogram 1	1	1468.223997396	1468.240664062	38000.000	81000.000	0.6400
68	Waveform 1	1	1468.323330729	1468.327330729	38000.000	81000.000	0.6667
68	Spectrogram 1	1	1468.323330729	1468.327330729	38000.000	81000.000	0.6667
69	Waveform 1	1	1468.534664063	1468.545997396	38000.000	81000.000	0.6471
69	Spectrogram 1	1	1468.534664063	1468.545997396	38000.000	81000.000	0.6471
70	Waveform 1	1	1468.635330729	1468.640664063	38000.000	81000.000	0.3750
70	Spectrogram 1	1	1468.635330729	1468.640664063	38000.000	81000.000	0.3750
71	Waveform 1	1	1468.723330729	1468.741330729	38000.000	81000.000	0.5926
71	Spectrogram 1	1	1468.723330729	1468.741330729	38000.000	81000.000	0.5926
72	Waveform 1	1	1468.834664062	1468.840664062	38000.000	81000.000	0.5556
72	Spectrogram 1	1	1468.834664062	1468.840664062	38000.000	81000.000	0.5556
73	Waveform 1	1	1468.929997396	1468.947330729	38000.000	81000.000	0.5000
73	Spectrogram 1	1	1468.929997396	1468.947330729	38000.000	81000.000	0.5000
74	Waveform 1	1	1469.031330729	1469.033997396	38000.000	81000.000	0.7500
74	Spectrogram 1	1	1469.031330729	1469.033997396	38000.000	81000.000	0.7500
75	Waveform 1	1	1469.123997396	1469.141330729	38000.000	81000.000	0.4615
75	Spectrogram 1	1	1469.123997396	1469.141330729	38000.000	81000.000	0.4615
76	Waveform 1	1	1469.222664062	1469.231330729	38000.000	81000.000	0.5385
76	Spectrogram 1	1	1469.222664062	1469.231330729	38000.000	81000.000	0.5385
77	Waveform 1	1	1469.314664063	1469.329330729	38000.000	81000.000	0.5909
77	Spectrogram 1	1	1469.314664063	1469.329330729	38000.000	81000.000	0.5909
78	Waveform 1	1	1469.415330729	1469.420664063	38000.000	81000.000	0.5000
78	Spectrogram 1	1	1469.415330729	1469.420664063	38000.000	81000.000	0.5000
79	Waveform 1	1	1469.507330729	1469.524664062	38000.000	81000.000	0.6154
79	Spectrogram 1	1	1469.507330729	1469.524664062	38000.000	81000.000	0.6154
80	Waveform 1	1	1469.606664062	1469.613997396	38000.000	81000.000	0.6364
80	Spectrogram 1	1	1469.606664062	1469.613997396	38000.000	81000.000	0.6364
81	Waveform 1	1	1469.701330729	1469.715997396	38000.000	81000.000	0.6818
81	Spectrogram 1	1	1469.701330729	1469.715997396	38000.000	81000.000	0.6818
82	Waveform 1	1	1469.802664062	1469.809997396	38000.000	81000.000	0.7273
82	Spectrogram 1	1	1469.802664062	1469.809997396	38000.000	81000.000	0.7273
83	Waveform 1	1	1469.901330729	1469.915330729	38000.000	81000.000	0.6667
83	Spectrogram 1	1	1469.901330729	1469.915330729	38000.000	81000.000	0.6667
84	Waveform 1	1	1469.991997396	1470.011997396	38000.000	81000.000	0.5667
84	Spectrogram 1	1	1469.991997396	1470.011997396	38000.000	81000.000	0.5667
85	Waveform 1	1	1470.090664062	1470.095330729	38000.000	81000.000	0.7143
85	Spectrogram 1	1	1470.090664062	1470.095330729	38000.000	81000.000	0.7143
86	Waveform 1	1	1470.214664062	1470.222664062	38000.000	81000.000	1.0000
86	Spectrogram 1	1	1470.214664062	1470.222664062	38000.000	81000.000	1.0000
87	Waveform 1	1	1470.304664063	1470.311997396	38000.000	81000.000	0.9091
87	Spectrogram 1	1	1470.304664063	1470.311997396	38000.000	81000.000	0.9091
88	Waveform 1	1	1470.403330729	1470.412664062	38000.000	81000.000	0.7143
88	Spectrogram 1	1	1470.403330729	1470.412664062	38000.000	81000.000	0.7143
89	Waveform 1	1	1470.510664062	1470.511997396	38000.000	81000.000	1.0000
89	Spectrogram 1	1	1470.510664062	1470.511997396	38000.000	81000.000	1.0000
90	Waveform 1	1	1470.605330729	1470.614664062	38000.000	81000.000	0.6429
90	Spectrogram 1	1	1470.605330729	1470.614664062	38000.000	81000.000	0.6429
91	Waveform 1	1	1470.803330729	1470.809330729	38000.000	81000.000	0.8889
91	Spectrogram 1	1	1470.803330729	1470.809330729	38000.000	81000.000	0.8889
92	Waveform 1	1	1471.000664062	1471.003330729	38000.000	81000.000	1.0000
92	Spectrogram 1	1	1471.000664062	1471.003330729	38000.000	81000.000	1.0000
93	Waveform 1	1	1471.203330729	1471.206664062	38000.000	81000.000	1.0000
93	Spectrogram 1	1	1471.203330729	1471.206664062	38000.000	81000.000	1.0000
94	Waveform 1	1	1471.398664062	1471.402664062	38000.000	81000.000	0.5000
94	Spectrogram 1	1	1471.398664062	1471.402664062	38000.000	81000.000	0.5000
95	Waveform 1	1	1471.677997396	1471.679330729	38000.000	81000.000	1.0000
95	Spectrogram 1	1	1471.677997396	1471.679330729	38000.000	81000.000	1.0000
96	Waveform 1	1	1527.128664062	1527.129997396	38000.000	81000.000	1.0000
96	Spectrogram 1	1	1527.128664062	1527.129997396	38000.000	81000.000	1.0000
97	Waveform 1	1	1527.333997396	1527.338664062	38000.000	81000.000	0.4286
97	Spectrogram 1	1	1527.333997396	1527.338664062	38000.000	81000.000	0.4286
98	Waveform 1	1	1527.436664062	1527.437997396	38000.000	81000.000	1.0000
98	Spectrogram 1	1	1527.436664062	1527.437997396	38000.000	81000.000	1.0000
99	Waveform 1	1	1527.540664062	1527.546664062	38000.000	81000.000	0.6667
99	Spectrogram 1	1	1527.540664062	1527.546664062	38000.000	81000.000	0.6667
100	Waveform 1	1	1527.651330729	1527.655997396	38000.000	81000.000	0.5714
100	Spectrogram 1	1	1527.651330729	1527.655997396	38000.000	81000.000	0.5714
101	Waveform 1	1	1527.746664063	1527.751997396	38000.000	81000.000	0.6250
101	Spectrogram 1	1	1527.746664063	1527.751997396	38000.000	81000.000	0.6250
102	Waveform 1	1	1527.823997396	1527.829330729	38000.000	81000.000	0.6250
102	Spectrogram 1	1	1527.823997396	1527.829330729	38000.000	81000.000	0.6250
103	Waveform 1	1	1527.927997396	1527.935330729	38000.000	81000.000	1.0000
103	Spectrogram 1	1	1527.927997396	1527.935330729	38000.000	81000.000	1.0000
104	Waveform 1	1	1528.027330729	1528.034664063	38000.000	81000.000	0.9091
104	Spectrogram 1	1	1528.027330729	1528.034664063	38000.000	81000.000	0.9091
105	Waveform 1	1	1528.125330729	1528.133330729	38000.000	81000.000	0.7500
105	Spectrogram 1	1	1528.125330729	1528.133330729	38000.000	81000.000	0.7500
106	Waveform 1	1	1528.210664062	1528.219330729	38000.000	81000.000	0.6923
106	Spectrogram 1	1	1528.210664062	1528.219330729	38000.000	81000.000	0.6923
107	Waveform 1	1	1528.284664063	1528.297330729	38000.000	81000.000	0.6316
107	Spectrogram 1	1	1528.284664063	1528.297330729	38000.000	81000.000	0.6316
108	Waveform 1	1	1528.381330729	1528.395330729	38000.000	81000.000	0.6190
108	Spectrogram 1	1	1528.381330729	1528.395330729	38000.000	81000.000	0.6190
109	Waveform 1	1	1528.518664062	1528.529997396	38000.000	81000.000	0.5294
109	Spectrogram 1	1	1528.518664062	1528.529997396	38000.000	81000.000	0.5294
110	Waveform 1	1	1528.624664062	1528.635330729	38000.000	81000.000	0.8125
110	Spectrogram 1	1	1528.624664062	1528.635330729	38000.000	81000.000	0.8125
111	Waveform 1	1	1528.729997396	1528.743997396	38000.000	81000.000	0.8095
111	Spectrogram 1	1	1528.729997396	1528.743997396	38000.000	81000.000	0.8095
112	Waveform 1	1	1528.841330729	1528.857997396	38000.000	81000.000	0.6800
112	Spectrogram 1	1	1528.841330729	1528.857997396	38000.000	81000.000	0.6800
113	Waveform 1	1	1528.949330729	1528.967330729	38000.000	81000.000	0.6296
113	Spectrogram 1	1	1528.949330729	1528.967330729	38000.000	81000.000	0.6296
114	Waveform 1	1	1529.059330729	1529.077330729	38000.000	81000.000	0.7037
114	Spectrogram 1	1	1529.059330729	1529.077330729	38000.000	81000.000	0.7037
115	Waveform 1	1	1529.159997396	1529.188664063	38000.000	81000.000	0.6279
115	Spectrogram 1	1	1529.159997396	1529.188664063	38000.000	81000.000	0.6279
116	Waveform 1	1	1529.267997396	1529.287330729	38000.000	81000.000	0.5862
116	Spectrogram 1	1	1529.267997396	1529.287330729	38000.000	81000.000	0.5862
117	Waveform 1	1	1529.368664062	1529.398664062	38000.000	81000.000	0.5556
117	Spectrogram 1	1	1529.368664062	1529.398664062	38000.000	81000.000	0.5556
118	Waveform 1	1	1529.465997396	1529.491330729	38000.000	81000.000	0.7895
118	Spectrogram 1	1	1529.465997396	1529.491330729	38000.000	81000.000	0.7895
119	Waveform 1	1	1529.569997396	1529.585330729	38000.000	81000.000	0.7391
119	Spectrogram 1	1	1529.569997396	1529.585330729	38000.000	81000.000	0.7391
120	Waveform 1	1	1529.669997396	1529.691997396	38000.000	81000.000	0.6970
120	Spectrogram 1	1	1529.669997396	1529.691997396	38000.000	81000.000	0.6970
121	Waveform 1	1	1529.771997396	1529.784664063	38000.000	81000.000	0.6842
121	Spectrogram 1	1	1529.771997396	1529.784664063	38000.000	81000.000	0.6842
122	Waveform 1	1	1529.864664062	1529.882664062	38000.000	81000.000	0.5185
122	Spectrogram 1	1	1529.864664062	1529.882664062	38000.000	81000.000	0.5185
123	Waveform 1	1	1529.960664062	1529.967997396	38000.000	81000.000	0.2727
123	Spectrogram 1	1	1529.960664062	1529.967997396	38000.000	81000.000	0.2727
124	Waveform 1	1	1530.049997396	1530.061997396	38000.000	81000.000	0.6111
124	Spectrogram 1	1	1530.049997396	1530.061997396	38000.000	81000.000	0.6111
125	Waveform 1	1	1530.150664063	1530.157997396	38000.000	81000.000	0.2727
125	Spectrogram 1	1	1530.150664063	1530.157997396	38000.000	81000.000	0.2727
126	Waveform 1	1	1530.250664062	1530.261330729	38000.000	81000.000	0.6250
126	Spectrogram 1	1	1530.250664062	1530.261330729	38000.000	81000.000	0.6250
127	Waveform 1	1	1530.463330729	1530.475997396	38000.000	81000.000	0.4211
127	Spectrogram 1	1	1530.463330729	1530.475997396	38000.000	81000.000	0.4211
128	Waveform 1	1	1550.377997396	1550.379330729	38000.000	81000.000	1.0000
128	Spectrogram 1	1	1550.377997396	1550.379330729	38000.000	81000.000	1.0000
129	Waveform 1	1	1551.083997396	1551.089330729	38000.000	81000.000	0.5000
129	Spectrogram 1	1	1551.083997396	1551.089330729	38000.000	81000.000	0.5000
130	Waveform 1	1	1551.224664062	1551.229330729	38000.000	81000.000	0.7143
130	Spectrogram 1	1	1551.224664062	1551.229330729	38000.000	81000.000	0.7143
131	Waveform 1	1	1551.368664062	1551.370664062	38000.000	81000.000	1.0000
131	Spectrogram 1	1	1551.368664062	1551.370664062	38000.000	81000.000	1.0000
132	Waveform 1	1	1551.491997396	1551.497997396	38000.000	81000.000	0.4444
132	Spectrogram 1	1	1551.491997396	1551.497997396	38000.000	81000.000	0.4444
133	Waveform 1	1	1551.626664062	1551.633330729	38000.000	81000.000	0.7000
133	Spectrogram 1	1	1551.626664062	1551.633330729	38000.000	81000.000	0.7000
134	Waveform 1	1	1551.755997396	1551.767330729	38000.000	81000.000	0.2941
134	Spectrogram 1	1	1551.755997396	1551.767330729	38000.000	81000.000	0.2941
135	Waveform 1	1	1552.205330729	1552.211997396	38000.000	81000.000	0.4000
135	Spectrogram 1	1	1552.205330729	1552.211997396	38000.000	81000.000	0.4000
136	Waveform 1	1	1552.335330729	1552.353997396	38000.000	81000.000	0.2857
136	Spectrogram 1	1	1552.335330729	1552.353997396	38000.000	81000.000	0.2857
137	Waveform 1	1	1552.613997396	1552.627997396	38000.000	81000.000	0.2857
137	Spectrogram 1	1	1552.613997396	1552.627997396	38000.000	81000.000	0.2857
138	Waveform 1	1	1552.738664062	1552.753330729	38000.000	81000.000	0.2273
138	Spectrogram 1	1	1552.738664062	1552.753330729	38000.000	81000.000	0.2273
139	Waveform 1	1	1552.873997396	1552.875997396	38000.000	81000.000	1.0000
139	Spectrogram 1	1	1552.873997396	1552.875997396	38000.000	81000.000	1.0000
140	Waveform 1	1	1552.990664062	1552.992664062	38000.000	81000.000	1.0000
140	Spectrogram 1	1	1552.990664062	1552.992664062	38000.000	81000.000	1.0000
141	Waveform 1	1	1553.115330729	1553.124664062	38000.000	81000.000	0.3571
141	Spectrogram 1	1	1553.115330729	1553.124664062	38000.000	81000.000	0.3571
142	Waveform 1	1	1553.386664062	1553.403330729	38000.000	81000.000	0.4400
142	Spectrogram 1	1	1553.386664062	1553.403330729	38000.000	81000.000	0.4400
143	Waveform 1	1	1553.517330729	1553.522664062	38000.000	81000.000	0.3750
143	Spectrogram 1	1	1553.517330729	1553.522664062	38000.000	81000.000	0.3750
144	Waveform 1	1	1553.637997396	1553.661997396	38000.000	81000.000	0.2222
144	Spectrogram 1	1	1553.637997396	1553.661997396	38000.000	81000.000	0.2222
145	Waveform 1	1	1553.788664062	1553.790664062	38000.000	81000.000	1.0000
145	Spectrogram 1	1	1553.788664062	1553.790664062	38000.000	81000.000	1.0000
146	Waveform 1	1	1553.901330729	1553.910664063	38000.000	81000.000	0.2857
146	Spectrogram 1	1	1553.901330729	1553.910664063	38000.000	81000.000	0.2857
147	Waveform 1	1	1554.014664062	1554.016664063	38000.000	81000.000	1.0000
147	Spectrogram 1	1	1554.014664062	1554.016664063	38000.000	81000.000	1.0000
148	Waveform 1	1	1554.171330729	1554.172664062	38000.000	81000.000	1.0000
148	Spectrogram 1	1	1554.171330729	1554.172664062	38000.000	81000.000	1.0000
149	Waveform 1	1	1554.563997396	1554.572664062	38000.000	81000.000	0.3077
149	Spectrogram 1	1	1554.563997396	1554.572664062	38000.000	81000.000	0.3077
150	Waveform 1	1	1555.099997396	1555.101997396	38000.000	81000.000	1.0000
150	Spectrogram 1	1	1555.099997396	1555.101997396	38000.000	81000.000	1.0000
151	Waveform 1	1	1555.493330729	1555.495330729	38000.000	81000.000	1.0000
151	Spectrogram 1	1	1555.493330729	1555.495330729	38000.000	81000.000	1.0000
152	Waveform 1	1	1555.609330729	1555.614664062	38000.000	81000.000	0.2500
152	Spectrogram 1	1	1555.609330729	1555.614664062	38000.000	81000.000	0.2500
153	Waveform 1	1	1555.740664062	1555.747330729	38000.000	81000.000	0.2000
153	Spectrogram 1	1	1555.740664062	1555.747330729	38000.000	81000.000	0.2000
154	Waveform 1	1	1556.014664062	1556.016664063	38000.000	81000.000	0.6667
154	Spectrogram 1	1	1556.014664062	1556.016664063	38000.000	81000.000	0.6667
155	Waveform 1	1	1556.469330729	1556.470664062	38000.000	81000.000	1.0000
155	Spectrogram 1	1	1556.469330729	1556.470664062	38000.000	81000.000	1.0000
156	Waveform 1	1	1558.755997396	1558.761997396	38000.000	81000.000	0.4444
156	Spectrogram 1	1	1558.755997396	1558.761997396	38000.000	81000.000	0.4444
157	Waveform 1	1	1565.337997396	1565.339997396	38000.000	81000.000	1.0000
157	Spectrogram 1	1	1565.337997396	1565.339997396	38000.000	81000.000	1.0000
158	Waveform 1	1	1565.448664063	1565.450664062	38000.000	81000.000	0.6667
158	Spectrogram 1	1	1565.448664063	1565.450664062	38000.000	81000.000	0.6667
159	Waveform 1	1	1565.549997396	1565.551997396	38000.000	81000.000	1.0000
159	Spectrogram 1	1	1565.549997396	1565.551997396	38000.000	81000.000	1.0000
160	Waveform 1	1	1565.765997396	1565.772664062	38000.000	81000.000	0.2000
160	Spectrogram 1	1	1565.765997396	1565.772664062	38000.000	81000.000	0.2000
161	Waveform 1	1	1566.029997396	1566.036664062	38000.000	81000.000	0.3000
161	Spectrogram 1	1	1566.029997396	1566.036664062	38000.000	81000.000	0.3000
162	Waveform 1	1	1566.265330729	1566.272664062	38000.000	81000.000	0.3636
162	Spectrogram 1	1	1566.265330729	1566.272664062	38000.000	81000.000	0.3636
163	Waveform 1	1	1566.391997396	1566.393330729	38000.000	81000.000	1.0000
163	Spectrogram 1	1	1566.391997396	1566.393330729	38000.000	81000.000	1.0000
164	Waveform 1	1	1566.506664063	1566.516664063	38000.000	81000.000	0.4667
164	Spectrogram 1	1	1566.506664063	1566.516664063	38000.000	81000.000	0.4667
165	Waveform 1	1	1566.627997396	1566.637997396	38000.000	81000.000	0.2667
165	Spectrogram 1	1	1566.627997396	1566.637997396	38000.000	81000.000	0.2667
166	Waveform 1	1	1566.728664063	1566.737330729	38000.000	81000.000	0.3077
166	Spectrogram 1	1	1566.728664063	1566.737330729	38000.000	81000.000	0.3077
167	Waveform 1	1	1566.979997396	1566.989997396	38000.000	81000.000	0.3333
167	Spectrogram 1	1	1566.979997396	1566.989997396	38000.000	81000.000	0.3333
168	Waveform 1	1	1567.093997396	1567.095997396	38000.000	81000.000	0.6667
168	Spectrogram 1	1	1567.093997396	1567.095997396	38000.000	81000.000	0.6667
169	Waveform 1	1	1567.211997396	1567.221330729	38000.000	81000.000	0.2857
169	Spectrogram 1	1	1567.211997396	1567.221330729	38000.000	81000.000	0.2857
170	Waveform 1	1	1567.557330729	1567.558664062	38000.000	81000.000	1.0000
170	Spectrogram 1	1	1567.557330729	1567.558664062	38000.000	81000.000	1.0000
171	Waveform 1	1	1567.664664062	1567.673330729	38000.000	81000.000	0.2308
171	Spectrogram 1	1	1567.664664062	1567.673330729	38000.000	81000.000	0.2308
172	Waveform 1	1	1567.910664063	1567.919330729	38000.000	81000.000	0.3077
172	Spectrogram 1	1	1567.910664063	1567.919330729	38000.000	81000.000	0.3077
173	Waveform 1	1	1568.165997396	1568.174664062	38000.000	81000.000	0.2308
173	Spectrogram 1	1	1568.165997396	1568.174664062	38000.000	81000.000	0.2308
174	Waveform 1	1	1568.531330729	1568.539330729	38000.000	81000.000	0.2500
174	Spectrogram 1	1	1568.531330729	1568.539330729	38000.000	81000.000	0.2500
175	Waveform 1	1	1568.686664062	1568.693330729	38000.000	81000.000	0.2000
175	Spectrogram 1	1	1568.686664062	1568.693330729	38000.000	81000.000	0.2000
176	Waveform 1	1	1576.249997396	1576.251330729	38000.000	81000.000	1.0000
176	Spectrogram 1	1	1576.249997396	1576.251330729	38000.000	81000.000	1.0000
177	Waveform 1	1	1576.461330729	1576.467330729	38000.000	81000.000	0.4444
177	Spectrogram 1	1	1576.461330729	1576.467330729	38000.000	81000.000	0.4444
178	Waveform 1	1	1576.685330729	1576.690664062	38000.000	81000.000	0.3750
178	Spectrogram 1	1	1576.685330729	1576.690664062	38000.000	81000.000	0.3750
179	Waveform 1	1	1576.912664062	1576.915997396	38000.000	81000.000	0.6000
179	Spectrogram 1	1	1576.912664062	1576.915997396	38000.000	81000.000	0.6000
180	Waveform 1	1	1577.133330729	1577.140664063	38000.000	81000.000	0.4545
180	Spectrogram 1	1	1577.133330729	1577.140664063	38000.000	81000.000	0.4545
181	Waveform 1	1	1577.240664062	1577.247997396	38000.000	81000.000	0.3636
181	Spectrogram 1	1	1577.240664062	1577.247997396	38000.000	81000.000	0.3636
182	Waveform 1	1	1577.347997396	1577.351997396	38000.000	81000.000	0.6667
182	Spectrogram 1	1	1577.347997396	1577.351997396	38000.000	81000.000	0.6667
183	Waveform 1	1	1577.459997396	1577.465330729	38000.000	81000.000	0.3750
183	Spectrogram 1	1	1577.459997396	1577.465330729	38000.000	81000.000	0.3750
184	Waveform 1	1	1577.573330729	1577.579330729	38000.000	81000.000	0.4444
184	Spectrogram 1	1	1577.573330729	1577.579330729	38000.000	81000.000	0.4444
185	Waveform 1	1	1577.675330729	1577.678664063	38000.000	81000.000	0.8000
185	Spectrogram 1	1	1577.675330729	1577.678664063	38000.000	81000.000	0.8000
186	Waveform 1	1	1577.785330729	1577.787997396	38000.000	81000.000	0.7500
186	Spectrogram 1	1	1577.785330729	1577.787997396	38000.000	81000.000	0.7500
187	Waveform 1	1	1577.926664062	1577.933997396	38000.000	81000.000	0.6364
187	Spectrogram 1	1	1577.926664062	1577.933997396	38000.000	81000.000	0.6364
188	Waveform 1	1	1578.041997396	1578.060664062	38000.000	81000.000	0.2857
188	Spectrogram 1	1	1578.041997396	1578.060664062	38000.000	81000.000	0.2857
189	Waveform 1	1	1578.177997396	1578.185997396	38000.000	81000.000	0.3333
189	Spectrogram 1	1	1578.177997396	1578.185997396	38000.000	81000.000	0.3333
190	Waveform 1	1	1578.437330729	1578.440664062	38000.000	81000.000	1.0000
190	Spectrogram 1	1	1578.437330729	1578.440664062	38000.000	81000.000	1.0000
191	Waveform 1	1	1578.539997396	1578.543997396	38000.000	81000.000	1.0000
191	Spectrogram 1	1	1578.539997396	1578.543997396	38000.000	81000.000	1.0000
192	Waveform 1	1	1578.741330729	1578.742664062	38000.000	81000.000	1.0000
192	Spectrogram 1	1	1578.741330729	1578.742664062	38000.000	81000.000	1.0000
193	Waveform 1	1	1578.857997396	1578.861330729	38000.000	81000.000	0.4000
193	Spectrogram 1	1	1578.857997396	1578.861330729	38000.000	81000.000	0.4000
194	Waveform 1	1	1578.992664062	1578.995997396	38000.000	81000.000	1.0000
194	Spectrogram 1	1	1578.992664062	1578.995997396	38000.000	81000.000	1.0000
195	Waveform 1	1	1579.095330729	1579.099997396	38000.000	81000.000	0.8571
195	Spectrogram 1	1	1579.095330729	1579.099997396	38000.000	81000.000	0.8571
196	Waveform 1	1	1579.255997396	1579.257330729	38000.000	81000.000	1.0000
196	Spectrogram 1	1	1579.255997396	1579.257330729	38000.000	81000.000	1.0000
197	Waveform 1	1	1579.279997396	1579.283997396	38000.000	81000.000	0.5000
197	Spectrogram 1	1	1579.279997396	1579.283997396	38000.000	81000.000	0.5000
198	Waveform 1	1	1579.359997396	1579.363330729	38000.000	81000.000	1.0000
198	Spectrogram 1	1	1579.359997396	1579.363330729	38000.000	81000.000	1.0000
199	Waveform 1	1	1579.485997396	1579.491997396	38000.000	81000.000	0.3333
199	Spectrogram 1	1	1579.485997396	1579.491997396	38000.000	81000.000	0.3333
200	Waveform 1	1	1579.558664062	1579.560664062	38000.000	81000.000	0.6667
200	Spectrogram 1	1	1579.558664062	1579.560664062	38000.000	81000.000	0.6667
201	Waveform 1	1	1579.663330729	1579.665997396	38000.000	81000.000	1.0000
201	Spectrogram 1	1	1579.663330729	1579.665997396	38000.000	81000.000	1.0000
202	Waveform 1	1	1579.767330729	1579.789997396	38000.000	81000.000	0.2353
202	Spectrogram 1	1	1579.767330729	1579.789997396	38000.000	81000.000	0.2353
203	Waveform 1	1	1579.869997396	1579.872664063	38000.000	81000.000	1.0000
203	Spectrogram 1	1	1579.869997396	1579.872664063	38000.000	81000.000	1.0000
204	Waveform 1	1	1579.993997396	1579.995330729	38000.000	81000.000	1.0000
204	Spectrogram 1	1	1579.993997396	1579.995330729	38000.000	81000.000	1.0000
205	Waveform 1	1	1580.193330729	1580.194664062	38000.000	81000.000	1.0000
205	Spectrogram 1	1	1580.193330729	1580.194664062	38000.000	81000.000	1.0000
206	Waveform 1	1	1580.353330729	1580.367997396	38000.000	81000.000	0.2273
206	Spectrogram 1	1	1580.353330729	1580.367997396	38000.000	81000.000	0.2273
207	Waveform 1	1	1580.455330729	1580.459997396	38000.000	81000.000	0.4286
207	Spectrogram 1	1	1580.455330729	1580.459997396	38000.000	81000.000	0.4286
208	Waveform 1	1	1580.661997396	1580.664664062	38000.000	81000.000	1.0000
208	Spectrogram 1	1	1580.661997396	1580.664664062	38000.000	81000.000	1.0000
209	Waveform 1	1	1580.769997396	1580.778664062	38000.000	81000.000	0.2308
209	Spectrogram 1	1	1580.769997396	1580.778664062	38000.000	81000.000	0.2308
210	Waveform 1	1	1580.877997396	1580.883330729	38000.000	81000.000	0.5000
210	Spectrogram 1	1	1580.877997396	1580.883330729	38000.000	81000.000	0.5000
211	Waveform 1	1	1581.392664062	1581.393997396	38000.000	81000.000	1.0000
211	Spectrogram 1	1	1581.392664062	1581.393997396	38000.000	81000.000	1.0000
212	Waveform 1	1	1581.509997396	1581.514664062	38000.000	81000.000	0.5714
212	Spectrogram 1	1	1581.509997396	1581.514664062	38000.000	81000.000	0.5714
213	Waveform 1	1	1581.649330729	1581.654664062	38000.000	81000.000	0.6250
213	Spectrogram 1	1	1581.649330729	1581.654664062	38000.000	81000.000	0.6250
214	Waveform 1	1	1581.796664062	1581.797997396	38000.000	81000.000	1.0000
214	Spectrogram 1	1	1581.796664062	1581.797997396	38000.000	81000.000	1.0000
215	Waveform 1	1	1581.909997396	1581.915997396	38000.000	81000.000	0.4444
215	Spectrogram 1	1	1581.909997396	1581.915997396	38000.000	81000.000	0.4444
216	Waveform 1	1	1582.321997396	1582.323997396	38000.000	81000.000	1.0000
216	Spectrogram 1	1	1582.321997396	1582.323997396	38000.000	81000.000	1.0000
217	Waveform 1	1	1582.415330729	1582.416664062	38000.000	81000.000	1.0000
217	Spectrogram 1	1	1582.415330729	1582.416664062	38000.000	81000.000	1.0000
218	Waveform 1	1	1582.523997396	1582.526664063	38000.000	81000.000	1.0000
218	Spectrogram 1	1	1582.523997396	1582.526664063	38000.000	81000.000	1.0000
219	Waveform 1	1	1582.628664062	1582.629997396	38000.000	81000.000	1.0000
219	Spectrogram 1	1	1582.628664062	1582.629997396	38000.000	81000.000	1.0000
220	Waveform 1	1	1582.770664062	1582.774664062	38000.000	81000.000	0.6667
220	Spectrogram 1	1	1582.770664062	1582.774664062	38000.000	81000.000	0.6667
221	Waveform 1	1	1582.868664062	1582.869997396	38000.000	81000.000	1.0000
221	Spectrogram 1	1	1582.868664062	1582.869997396	38000.000	81000.000	1.0000
222	Waveform 1	1	1583.065330729	1583.069330729	38000.000	81000.000	0.5000
222	Spectrogram 1	1	1583.065330729	1583.069330729	38000.000	81000.000	0.5000
223	Waveform 1	1	1583.173330729	1583.175330729	38000.000	81000.000	0.6667
223	Spectrogram 1	1	1583.173330729	1583.175330729	38000.000	81000.000	0.6667
224	Waveform 1	1	1583.509997396	1583.512664062	38000.000	81000.000	1.0000
224	Spectrogram 1	1	1583.509997396	1583.512664062	38000.000	81000.000	1.0000
225	Waveform 1	1	1583.725997396	1583.727330729	38000.000	81000.000	1.0000
225	Spectrogram 1	1	1583.725997396	1583.727330729	38000.000	81000.000	1.0000
226	Waveform 1	1	1583.837997396	1583.839330729	38000.000	81000.000	1.0000
226	Spectrogram 1	1	1583.837997396	1583.839330729	38000.000	81000.000	1.0000
227	Waveform 1	1	1583.942664062	1583.943997396	38000.000	81000.000	1.0000
227	Spectrogram 1	1	1583.942664062	1583.943997396	38000.000	81000.000	1.0000
228	Waveform 1	1	1617.575330729	1617.576664062	38000.000	81000.000	1.0000
228	Spectrogram 1	1	1617.575330729	1617.576664062	38000.000	81000.000	1.0000
229	Waveform 1	1	1617.765997396	1617.767330729	38000.000	81000.000	1.0000
229	Spectrogram 1	1	1617.765997396	1617.767330729	38000.000	81000.000	1.0000
230	Waveform 1	1	1618.539330729	1618.540664062	38000.000	81000.000	1.0000
230	Spectrogram 1	1	1618.539330729	1618.540664062	38000.000	81000.000	1.0000
231	Waveform 1	1	1618.855997396	1618.857330729	38000.000	81000.000	1.0000
231	Spectrogram 1	1	1618.855997396	1618.857330729	38000.000	81000.000	1.0000
232	Waveform 1	1	1679.627997396	1679.629330729	38000.000	81000.000	1.0000
232	Spectrogram 1	1	1679.627997396	1679.629330729	38000.000	81000.000	1.0000
233	Waveform 1	1	1679.742664062	1679.744664062	38000.000	81000.000	0.6667
233	Spectrogram 1	1	1679.742664062	1679.744664062	38000.000	81000.000	0.6667
234	Waveform 1	1	1680.333330729	1680.335330729	38000.000	81000.000	0.6667
234	Spectrogram 1	1	1680.333330729	1680.335330729	38000.000	81000.000	0.6667
235	Waveform 1	1	1680.593997396	1680.595330729	38000.000	81000.000	1.0000
235	Spectrogram 1	1	1680.593997396	1680.595330729	38000.000	81000.000	1.0000
236	Waveform 1	1	1680.772664062	1680.774664062	38000.000	81000.000	1.0000
236	Spectrogram 1	1	1680.772664062	1680.774664062	38000.000	81000.000	1.0000
237	Waveform 1	1	1680.877997396	1680.880664063	38000.000	81000.000	1.0000
237	Spectrogram 1	1	1680.877997396	1680.880664063	38000.000	81000.000	1.0000
238	Waveform 1	1	1680.995330729	1680.996664063	38000.000	81000.000	1.0000
238	Spectrogram 1	1	1680.995330729	1680.996664063	38000.000	81000.000	1.0000
239	Waveform 1	1	1681.159330729	1681.160664063	38000.000	81000.000	1.0000
239	Spectrogram 1	1	1681.159330729	1681.160664063	38000.000	81000.000	1.0000
240	Waveform 1	1	1681.387330729	1681.389330729	38000.000	81000.000	1.0000
240	Spectrogram 1	1	1681.387330729	1681.389330729	38000.000	81000.000	1.0000
241	Waveform 1	1	1681.500664062	1681.503330729	38000.000	81000.000	1.0000
241	Spectrogram 1	1	1681.500664062	1681.503330729	38000.000	81000.000	1.0000
242	Waveform 1	1	1681.811997396	1681.813997396	38000.000	81000.000	1.0000
242	Spectrogram 1	1	1681.811997396	1681.813997396	38000.000	81000.000	1.0000
243	Waveform 1	1	1682.055330729	1682.056664062	38000.000	81000.000	1.0000
243	Spectrogram 1	1	1682.055330729	1682.056664062	38000.000	81000.000	1.0000
244	Waveform 1	1	1696.253330729	1696.254664062	38000.000	81000.000	1.0000
244	Spectrogram 1	1	1696.253330729	1696.254664062	38000.000	81000.000	1.0000
245	Waveform 1	1	1696.637330729	1696.639330729	38000.000	81000.000	1.0000
245	Spectrogram 1	1	1696.637330729	1696.639330729	38000.000	81000.000	1.0000
246	Waveform 1	1	1696.895330729	1696.897330729	38000.000	81000.000	0.6667
246	Spectrogram 1	1	1696.895330729	1696.897330729	38000.000	81000.000	0.6667
247	Waveform 1	1	1697.001997396	1697.003330729	38000.000	81000.000	1.0000
247	Spectrogram 1	1	1697.001997396	1697.003330729	38000.000	81000.000	1.0000
248	Waveform 1	1	1697.191997396	1697.194664062	38000.000	81000.000	0.7500
248	Spectrogram 1	1	1697.191997396	1697.194664062	38000.000	81000.000	0.7500
249	Waveform 1	1	1697.317997396	1697.319330729	38000.000	81000.000	1.0000
249	Spectrogram 1	1	1697.317997396	1697.319330729	38000.000	81000.000	1.0000
250	Waveform 1	1	1697.409997396	1697.412664062	38000.000	81000.000	0.5000
250	Spectrogram 1	1	1697.409997396	1697.412664062	38000.000	81000.000	0.5000
251	Waveform 1	1	1697.514664062	1697.516664063	38000.000	81000.000	1.0000
251	Spectrogram 1	1	1697.514664062	1697.516664063	38000.000	81000.000	1.0000
252	Waveform 1	1	1697.609997396	1697.612664063	38000.000	81000.000	1.0000
252	Spectrogram 1	1	1697.609997396	1697.612664063	38000.000	81000.000	1.0000
253	Waveform 1	1	1697.707997396	1697.710664062	38000.000	81000.000	1.0000
253	Spectrogram 1	1	1697.707997396	1697.710664062	38000.000	81000.000	1.0000
254	Waveform 1	1	1697.813330729	1697.815997396	38000.000	81000.000	1.0000
254	Spectrogram 1	1	1697.813330729	1697.815997396	38000.000	81000.000	1.0000
255	Waveform 1	1	1697.909997396	1697.911997396	38000.000	81000.000	1.0000
255	Spectrogram 1	1	1697.909997396	1697.911997396	38000.000	81000.000	1.0000
256	Waveform 1	1	1698.109330729	1698.111330729	38000.000	81000.000	1.0000
256	Spectrogram 1	1	1698.109330729	1698.111330729	38000.000	81000.000	1.0000
257	Waveform 1	1	1698.212664062	1698.215330729	38000.000	81000.000	1.0000
257	Spectrogram 1	1	1698.212664062	1698.215330729	38000.000	81000.000	1.0000
258	Waveform 1	1	1698.310664062	1698.313330729	38000.000	81000.000	1.0000
258	Spectrogram 1	1	1698.310664062	1698.313330729	38000.000	81000.000	1.0000
259	Waveform 1	1	1698.409330729	1698.411997396	38000.000	81000.000	1.0000
259	Spectrogram 1	1	1698.409330729	1698.411997396	38000.000	81000.000	1.0000
260	Waveform 1	1	1698.615330729	1698.617997396	38000.000	81000.000	0.5000
260	Spectrogram 1	1	1698.615330729	1698.617997396	38000.000	81000.000	0.5000
261	Waveform 1	1	1698.824664063	1698.825997396	38000.000	81000.000	1.0000
261	Spectrogram 1	1	1698.824664063	1698.825997396	38000.000	81000.000	1.0000
262	Waveform 1	1	1698.925997396	1698.928664063	38000.000	81000.000	0.7500
262	Spectrogram 1	1	1698.925997396	1698.928664063	38000.000	81000.000	0.7500
263	Waveform 1	1	1699.129997396	1699.132664062	38000.000	81000.000	0.5000
263	Spectrogram 1	1	1699.129997396	1699.132664062	38000.000	81000.000	0.5000
264	Waveform 1	1	1699.229997396	1699.231997396	38000.000	81000.000	0.6667
264	Spectrogram 1	1	1699.229997396	1699.231997396	38000.000	81000.000	0.6667
265	Waveform 1	1	1699.535997396	1699.538664062	38000.000	81000.000	1.0000
265	Spectrogram 1	1	1699.535997396	1699.538664062	38000.000	81000.000	1.0000
266	Waveform 1	1	1699.751997396	1699.753330729	38000.000	81000.000	1.0000
266	Spectrogram 1	1	1699.751997396	1699.753330729	38000.000	81000.000	1.0000
267	Waveform 1	1	1699.857997396	1699.859330729	38000.000	81000.000	1.0000
267	Spectrogram 1	1	1699.857997396	1699.859330729	38000.000	81000.000	1.0000
268	Waveform 1	1	1699.951997396	1699.953997396	38000.000	81000.000	0.6667
268	Spectrogram 1	1	1699.951997396	1699.953997396	38000.000	81000.000	0.6667
269	Waveform 1	1	1700.144664062	1700.146664062	38000.000	81000.000	1.0000
269	Spectrogram 1	1	1700.144664062	1700.146664062	38000.000	81000.000	1.0000
270	Waveform 1	1	1700.424664062	1700.426664062	38000.000	81000.000	1.0000
270	Spectrogram 1	1	1700.424664062	1700.426664062	38000.000	81000.000	1.0000
271	Waveform 1	1	1713.872664063	1713.873997396	38000.000	81000.000	1.0000
271	Spectrogram 1	1	1713.872664063	1713.873997396	38000.000	81000.000	1.0000
272	Waveform 1	1	1713.971330729	1713.973330729	38000.000	81000.000	0.6667
272	Spectrogram 1	1	1713.971330729	1713.973330729	38000.000	81000.000	0.6667
273	Waveform 1	1	1726.401997396	1726.403997396	38000.000	81000.000	0.6667
273	Spectrogram 1	1	1726.401997396	1726.403997396	38000.000	81000.000	0.6667
274	Waveform 1	1	1743.003997396	1743.005330729	38000.000	81000.000	1.0000
274	Spectrogram 1	1	1743.003997396	1743.005330729	38000.000	81000.000	1.0000
275	Waveform 1	1	1743.194664062	1743.197330729	38000.000	81000.000	0.7500
275	Spectrogram 1	1	1743.194664062	1743.197330729	38000.000	81000.000	0.7500
276	Waveform 1	1	1743.487330729	1743.489330729	38000.000	81000.000	1.0000
276	Spectrogram 1	1	1743.487330729	1743.489330729	38000.000	81000.000	1.0000
277	Waveform 1	1	1743.669997396	1743.671330729	38000.000	81000.000	1.0000
277	Spectrogram 1	1	1743.669997396	1743.671330729	38000.000	81000.000	1.0000
278	Waveform 1	1	1743.772664062	1743.773997396	38000.000	81000.000	1.0000
278	Spectrogram 1	1	1743.772664062	1743.773997396	38000.000	81000.000	1.0000
279	Waveform 1	1	1743.958664063	1743.960664062	38000.000	81000.000	1.0000
279	Spectrogram 1	1	1743.958664063	1743.960664062	38000.000	81000.000	1.0000
280	Waveform 1	1	1744.061330729	1744.063330729	38000.000	81000.000	1.0000
280	Spectrogram 1	1	1744.061330729	1744.063330729	38000.000	81000.000	1.0000
281	Waveform 1	1	1744.245330729	1744.247330729	38000.000	81000.000	1.0000
281	Spectrogram 1	1	1744.245330729	1744.247330729	38000.000	81000.000	1.0000
282	Waveform 1	1	1744.346664062	1744.349330729	38000.000	81000.000	1.0000
282	Spectrogram 1	1	1744.346664062	1744.349330729	38000.000	81000.000	1.0000
283	Waveform 1	1	1744.636664062	1744.639330729	38000.000	81000.000	1.0000
283	Spectrogram 1	1	1744.636664062	1744.639330729	38000.000	81000.000	1.0000
284	Waveform 1	1	1744.823997396	1744.826664062	38000.000	81000.000	0.7500
284	Spectrogram 1	1	1744.823997396	1744.826664062	38000.000	81000.000	0.7500
285	Waveform 1	1	1744.923997396	1744.926664062	38000.000	81000.000	0.7500
285	Spectrogram 1	1	1744.923997396	1744.926664062	38000.000	81000.000	0.7500
286	Waveform 1	1	1745.023997396	1745.026664063	38000.000	81000.000	0.7500
286	Spectrogram 1	1	1745.023997396	1745.026664063	38000.000	81000.000	0.7500
287	Waveform 1	1	1745.119997396	1745.122664063	38000.000	81000.000	1.0000
287	Spectrogram 1	1	1745.119997396	1745.122664063	38000.000	81000.000	1.0000
288	Waveform 1	1	1745.219330729	1745.221997396	38000.000	81000.000	0.5000
288	Spectrogram 1	1	1745.219330729	1745.221997396	38000.000	81000.000	0.5000
289	Waveform 1	1	1745.381997396	1745.383330729	38000.000	81000.000	1.0000
289	Spectrogram 1	1	1745.381997396	1745.383330729	38000.000	81000.000	1.0000
290	Waveform 1	1	1745.458664063	1745.461330729	38000.000	81000.000	0.7500
290	Spectrogram 1	1	1745.458664063	1745.461330729	38000.000	81000.000	0.7500
291	Waveform 1	1	1745.537330729	1745.540664062	38000.000	81000.000	1.0000
291	Spectrogram 1	1	1745.537330729	1745.540664062	38000.000	81000.000	1.0000
292	Waveform 1	1	1745.821330729	1745.822664062	38000.000	81000.000	1.0000
292	Spectrogram 1	1	1745.821330729	1745.822664062	38000.000	81000.000	1.0000
293	Waveform 1	1	1745.917997396	1745.920664063	38000.000	81000.000	1.0000
293	Spectrogram 1	1	1745.917997396	1745.920664063	38000.000	81000.000	1.0000
294	Waveform 1	1	1746.291330729	1746.293330729	38000.000	81000.000	1.0000
294	Spectrogram 1	1	1746.291330729	1746.293330729	38000.000	81000.000	1.0000
295	Waveform 1	1	1746.381330729	1746.383997396	38000.000	81000.000	1.0000
295	Spectrogram 1	1	1746.381330729	1746.383997396	38000.000	81000.000	1.0000
296	Waveform 1	1	1746.478664063	1746.480664062	38000.000	81000.000	1.0000
296	Spectrogram 1	1	1746.478664063	1746.480664062	38000.000	81000.000	1.0000
297	Waveform 1	1	1746.672664062	1746.674664062	38000.000	81000.000	0.6667
297	Spectrogram 1	1	1746.672664062	1746.674664062	38000.000	81000.000	0.6667
298	Waveform 1	1	1746.768664062	1746.770664062	38000.000	81000.000	1.0000
298	Spectrogram 1	1	1746.768664062	1746.770664062	38000.000	81000.000	1.0000
299	Waveform 1	1	1746.857330729	1746.858664062	38000.000	81000.000	1.0000
299	Spectrogram 1	1	1746.857330729	1746.858664062	38000.000	81000.000	1.0000
300	Waveform 1	1	1746.954664062	1746.956664062	38000.000	81000.000	1.0000
300	Spectrogram 1	1	1746.954664062	1746.956664062	38000.000	81000.000	1.0000
301	Waveform 1	1	1747.344664062	1747.345997396	38000.000	81000.000	1.0000
301	Spectrogram 1	1	1747.344664062	1747.345997396	38000.000	81000.000	1.0000
302	Waveform 1	1	1747.861997396	1747.863330729	38000.000	81000.000	1.0000
302	Spectrogram 1	1	1747.861997396	1747.863330729	38000.000	81000.000	1.0000
303	Waveform 1	1	1748.415330729	1748.416664062	38000.000	81000.000	1.0000
303	Spectrogram 1	1	1748.415330729	1748.416664062	38000.000	81000.000	1.0000
304	Waveform 1	1	1748.580664062	1748.581997396	38000.000	81000.000	1.0000
304	Spectrogram 1	1	1748.580664062	1748.581997396	38000.000	81000.000	1.0000
305	Waveform 1	1	1748.671997396	1748.673997396	38000.000	81000.000	0.6667
305	Spectrogram 1	1	1748.671997396	1748.673997396	38000.000	81000.000	0.6667
306	Waveform 1	1	1748.766664063	1748.771997396	38000.000	81000.000	0.5000
306	Spectrogram 1	1	1748.766664063	1748.771997396	38000.000	81000.000	0.5000
307	Waveform 1	1	1748.865330729	1748.866664062	38000.000	81000.000	1.0000
307	Spectrogram 1	1	1748.865330729	1748.866664062	38000.000	81000.000	1.0000
308	Waveform 1	1	1748.960664062	1748.961997396	38000.000	81000.000	1.0000
308	Spectrogram 1	1	1748.960664062	1748.961997396	38000.000	81000.000	1.0000
309	Waveform 1	1	1749.063330729	1749.064664063	38000.000	81000.000	1.0000
309	Spectrogram 1	1	1749.063330729	1749.064664063	38000.000	81000.000	1.0000
310	Waveform 1	1	1749.258664062	1749.259997396	38000.000	81000.000	1.0000
310	Spectrogram 1	1	1749.258664062	1749.259997396	38000.000	81000.000	1.0000
311	Waveform 1	1	1749.355997396	1749.357330729	38000.000	81000.000	1.0000
311	Spectrogram 1	1	1749.355997396	1749.357330729	38000.000	81000.000	1.0000
312	Waveform 1	1	1749.562664062	1749.565330729	38000.000	81000.000	1.0000
312	Spectrogram 1	1	1749.562664062	1749.565330729	38000.000	81000.000	1.0000
313	Waveform 1	1	1749.767997396	1749.769997396	38000.000	81000.000	1.0000
313	Spectrogram 1	1	1749.767997396	1749.769997396	38000.000	81000.000	1.0000
314	Waveform 1	1	1750.027997396	1750.029330729	38000.000	81000.000	1.0000
314	Spectrogram 1	1	1750.027997396	1750.029330729	38000.000	81000.000	1.0000
315	Waveform 1	1	1750.103997396	1750.107330729	38000.000	81000.000	1.0000
315	Spectrogram 1	1	1750.103997396	1750.107330729	38000.000	81000.000	1.0000
316	Waveform 1	1	1750.183997396	1750.185997396	38000.000	81000.000	0.6667
316	Spectrogram 1	1	1750.183997396	1750.185997396	38000.000	81000.000	0.6667
317	Waveform 1	1	1750.264664062	1750.266664063	38000.000	81000.000	1.0000
317	Spectrogram 1	1	1750.264664062	1750.266664063	38000.000	81000.000	1.0000
318	Waveform 1	1	1750.341997396	1750.343997396	38000.000	81000.000	1.0000
318	Spectrogram 1	1	1750.341997396	1750.343997396	38000.000	81000.000	1.0000
319	Waveform 1	1	1750.423330729	1750.424664062	38000.000	81000.000	1.0000
319	Spectrogram 1	1	1750.423330729	1750.424664062	38000.000	81000.000	1.0000
320	Waveform 1	1	1750.495330729	1750.497330729	38000.000	81000.000	1.0000
320	Spectrogram 1	1	1750.495330729	1750.497330729	38000.000	81000.000	1.0000
321	Waveform 1	1	1750.574664063	1750.597997396	38000.000	81000.000	0.2000
321	Spectrogram 1	1	1750.574664063	1750.597997396	38000.000	81000.000	0.2000
322	Waveform 1	1	1750.651997396	1750.653330729	38000.000	81000.000	1.0000
322	Spectrogram 1	1	1750.651997396	1750.653330729	38000.000	81000.000	1.0000
323	Waveform 1	1	1750.928664063	1750.941997396	38000.000	81000.000	0.3500
323	Spectrogram 1	1	1750.928664063	1750.941997396	38000.000	81000.000	0.3500
324	Waveform 1	1	1751.560664062	1751.562664062	38000.000	81000.000	1.0000
324	Spectrogram 1	1	1751.560664062	1751.562664062	38000.000	81000.000	1.0000
325	Waveform 1	1	1751.648664062	1751.650664063	38000.000	81000.000	1.0000
325	Spectrogram 1	1	1751.648664062	1751.650664063	38000.000	81000.000	1.0000
326	Waveform 1	1	1751.997997396	1751.999997396	38000.000	81000.000	1.0000
326	Spectrogram 1	1	1751.997997396	1751.999997396	38000.000	81000.000	1.0000
327	Waveform 1	1	1752.091330729	1752.092664063	38000.000	81000.000	1.0000
327	Spectrogram 1	1	1752.091330729	1752.092664063	38000.000	81000.000	1.0000
328	Waveform 1	1	1752.181997396	1752.183330729	38000.000	81000.000	1.0000
328	Spectrogram 1	1	1752.181997396	1752.183330729	38000.000	81000.000	1.0000
329	Waveform 1	1	1752.275997396	1752.277330729	38000.000	81000.000	1.0000
329	Spectrogram 1	1	1752.275997396	1752.277330729	38000.000	81000.000	1.0000
330	Waveform 1	1	1752.449330729	1752.450664062	38000.000	81000.000	1.0000
330	Spectrogram 1	1	1752.449330729	1752.450664062	38000.000	81000.000	1.0000
331	Waveform 1	1	1752.547330729	1752.548664062	38000.000	81000.000	1.0000
331	Spectrogram 1	1	1752.547330729	1752.548664062	38000.000	81000.000	1.0000
332	Waveform 1	1	1752.642664062	1752.643997396	38000.000	81000.000	1.0000
332	Spectrogram 1	1	1752.642664062	1752.643997396	38000.000	81000.000	1.0000
333	Waveform 1	1	1752.731997396	1752.733330729	38000.000	81000.000	1.0000
333	Spectrogram 1	1	1752.731997396	1752.733330729	38000.000	81000.000	1.0000
334	Waveform 1	1	1753.021997396	1753.023330729	38000.000	81000.000	1.0000
334	Spectrogram 1	1	1753.021997396	1753.023330729	38000.000	81000.000	1.0000
335	Waveform 1	1	1753.796664062	1753.797997396	38000.000	81000.000	1.0000
335	Spectrogram 1	1	1753.796664062	1753.797997396	38000.000	81000.000	1.0000
336	Waveform 1	1	1761.709330729	1761.710664062	38000.000	81000.000	1.0000
336	Spectrogram 1	1	1761.709330729	1761.710664062	38000.000	81000.000	1.0000
337	Waveform 1	1	1778.691330729	1778.692664062	38000.000	81000.000	1.0000
337	Spectrogram 1	1	1778.691330729	1778.692664062	38000.000	81000.000	1.0000
338	Waveform 1	1	1778.782664062	1778.783997396	38000.000	81000.000	1.0000
338	Spectrogram 1	1	1778.782664062	1778.783997396	38000.000	81000.000	1.0000
339	Waveform 1	1	1778.975330729	1778.976664063	38000.000	81000.000	1.0000
339	Spectrogram 1	1	1778.975330729	1778.976664063	38000.000	81000.000	1.0000
340	Waveform 1	1	1779.067997396	1779.070664062	38000.000	81000.000	0.7500
340	Spectrogram 1	1	1779.067997396	1779.070664062	38000.000	81000.000	0.7500
341	Waveform 1	1	1779.163330729	1779.164664062	38000.000	81000.000	1.0000
341	Spectrogram 1	1	1779.163330729	1779.164664062	38000.000	81000.000	1.0000
342	Waveform 1	1	1779.255330729	1779.256664063	38000.000	81000.000	1.0000
342	Spectrogram 1	1	1779.255330729	1779.256664063	38000.000	81000.000	1.0000
343	Waveform 1	1	1779.347997396	1779.350664062	38000.000	81000.000	1.0000
343	Spectrogram 1	1	1779.347997396	1779.350664062	38000.000	81000.000	1.0000
344	Waveform 1	1	1779.440664062	1779.441997396	38000.000	81000.000	1.0000
344	Spectrogram 1	1	1779.440664062	1779.441997396	38000.000	81000.000	1.0000
345	Waveform 1	1	1779.535997396	1779.537330729	38000.000	81000.000	1.0000
345	Spectrogram 1	1	1779.535997396	1779.537330729	38000.000	81000.000	1.0000
346	Waveform 1	1	1779.629997396	1779.631997396	38000.000	81000.000	1.0000
346	Spectrogram 1	1	1779.629997396	1779.631997396	38000.000	81000.000	1.0000
347	Waveform 1	1	1779.717997396	1779.719330729	38000.000	81000.000	1.0000
347	Spectrogram 1	1	1779.717997396	1779.719330729	38000.000	81000.000	1.0000
348	Waveform 1	1	1779.810664062	1779.813997396	38000.000	81000.000	0.6000
348	Spectrogram 1	1	1779.810664062	1779.813997396	38000.000	81000.000	0.6000
349	Waveform 1	1	1779.905330729	1779.906664062	38000.000	81000.000	1.0000
349	Spectrogram 1	1	1779.905330729	1779.906664062	38000.000	81000.000	1.0000
350	Waveform 1	1	1780.000664062	1780.003330729	38000.000	81000.000	1.0000
350	Spectrogram 1	1	1780.000664062	1780.003330729	38000.000	81000.000	1.0000
351	Waveform 1	1	1780.095997396	1780.097997396	38000.000	81000.000	1.0000
351	Spectrogram 1	1	1780.095997396	1780.097997396	38000.000	81000.000	1.0000
352	Waveform 1	1	1780.193330729	1780.194664062	38000.000	81000.000	1.0000
352	Spectrogram 1	1	1780.193330729	1780.194664062	38000.000	81000.000	1.0000
353	Waveform 1	1	1780.288664062	1780.290664062	38000.000	81000.000	1.0000
353	Spectrogram 1	1	1780.288664062	1780.290664062	38000.000	81000.000	1.0000
354	Waveform 1	1	1780.379997396	1780.381330729	38000.000	81000.000	1.0000
354	Spectrogram 1	1	1780.379997396	1780.381330729	38000.000	81000.000	1.0000
355	Waveform 1	1	1780.474664062	1780.475997396	38000.000	81000.000	1.0000
355	Spectrogram 1	1	1780.474664062	1780.475997396	38000.000	81000.000	1.0000
356	Waveform 1	1	1780.681330729	1780.683330729	38000.000	81000.000	1.0000
356	Spectrogram 1	1	1780.681330729	1780.683330729	38000.000	81000.000	1.0000
357	Waveform 1	1	1780.962664062	1780.963997396	38000.000	81000.000	1.0000
357	Spectrogram 1	1	1780.962664062	1780.963997396	38000.000	81000.000	1.0000
358	Waveform 1	1	1781.249330729	1781.251330729	38000.000	81000.000	1.0000
358	Spectrogram 1	1	1781.249330729	1781.251330729	38000.000	81000.000	1.0000
359	Waveform 1	1	1781.344664062	1781.346664062	38000.000	81000.000	1.0000
359	Spectrogram 1	1	1781.344664062	1781.346664062	38000.000	81000.000	1.0000
360	Waveform 1	1	1781.367330729	1781.371997396	38000.000	81000.000	0.2857
360	Spectrogram 1	1	1781.367330729	1781.371997396	38000.000	81000.000	0.2857
361	Waveform 1	1	1781.534664063	1781.537330729	38000.000	81000.000	1.0000
361	Spectrogram 1	1	1781.534664063	1781.537330729	38000.000	81000.000	1.0000
362	Waveform 1	1	1781.900664063	1781.903330729	38000.000	81000.000	1.0000
362	Spectrogram 1	1	1781.900664063	1781.903330729	38000.000	81000.000	1.0000
363	Waveform 1	1	1781.995330729	1781.997997396	38000.000	81000.000	0.7500
363	Spectrogram 1	1	1781.995330729	1781.997997396	38000.000	81000.000	0.7500
364	Waveform 1	1	1782.097997396	1782.099997396	38000.000	81000.000	1.0000
364	Spectrogram 1	1	1782.097997396	1782.099997396	38000.000	81000.000	1.0000
365	Waveform 1	1	1782.187997396	1782.190664062	38000.000	81000.000	0.7500
365	Spectrogram 1	1	1782.187997396	1782.190664062	38000.000	81000.000	0.7500
366	Waveform 1	1	1782.283997396	1782.285997396	38000.000	81000.000	1.0000
366	Spectrogram 1	1	1782.283997396	1782.285997396	38000.000	81000.000	1.0000
367	Waveform 1	1	1782.457997396	1782.459330729	38000.000	81000.000	1.0000
367	Spectrogram 1	1	1782.457997396	1782.459330729	38000.000	81000.000	1.0000
368	Waveform 1	1	1782.557997396	1782.559330729	38000.000	81000.000	1.0000
368	Spectrogram 1	1	1782.557997396	1782.559330729	38000.000	81000.000	1.0000
369	Waveform 1	1	1782.736664063	1782.738664062	38000.000	81000.000	1.0000
369	Spectrogram 1	1	1782.736664063	1782.738664062	38000.000	81000.000	1.0000
370	Waveform 1	1	1783.013997396	1783.015330729	38000.000	81000.000	1.0000
370	Spectrogram 1	1	1783.013997396	1783.015330729	38000.000	81000.000	1.0000
371	Waveform 1	1	1784.289997396	1784.291330729	38000.000	81000.000	1.0000
371	Spectrogram 1	1	1784.289997396	1784.291330729	38000.000	81000.000	1.0000
372	Waveform 1	1	1784.518664062	1784.520664062	38000.000	81000.000	1.0000
372	Spectrogram 1	1	1784.518664062	1784.520664062	38000.000	81000.000	1.0000
373	Waveform 1	1	1785.148664062	1785.150664063	38000.000	81000.000	1.0000
373	Spectrogram 1	1	1785.148664062	1785.150664063	38000.000	81000.000	1.0000
374	Waveform 1	1	1785.234664062	1785.235997396	38000.000	81000.000	1.0000
374	Spectrogram 1	1	1785.234664062	1785.235997396	38000.000	81000.000	1.0000
375	Waveform 1	1	1785.397997396	1785.399997396	38000.000	81000.000	0.6667
375	Spectrogram 1	1	1785.397997396	1785.399997396	38000.000	81000.000	0.6667
376	Waveform 1	1	1785.491330729	1785.493330729	38000.000	81000.000	1.0000
376	Spectrogram 1	1	1785.491330729	1785.493330729	38000.000	81000.000	1.0000
377	Waveform 1	1	1785.585997396	1785.587330729	38000.000	81000.000	1.0000
377	Spectrogram 1	1	1785.585997396	1785.587330729	38000.000	81000.000	1.0000
378	Waveform 1	1	1785.678664063	1785.681330729	38000.000	81000.000	1.0000
378	Spectrogram 1	1	1785.678664063	1785.681330729	38000.000	81000.000	1.0000
379	Waveform 1	1	1785.775997396	1785.777330729	38000.000	81000.000	1.0000
379	Spectrogram 1	1	1785.775997396	1785.777330729	38000.000	81000.000	1.0000
380	Waveform 1	1	1785.944664062	1785.946664062	38000.000	81000.000	0.6667
380	Spectrogram 1	1	1785.944664062	1785.946664062	38000.000	81000.000	0.6667
381	Waveform 1	1	1786.038664062	1786.041330729	38000.000	81000.000	1.0000
381	Spectrogram 1	1	1786.038664062	1786.041330729	38000.000	81000.000	1.0000
382	Waveform 1	1	1786.253997396	1786.255997396	38000.000	81000.000	0.6667
382	Spectrogram 1	1	1786.253997396	1786.255997396	38000.000	81000.000	0.6667
383	Waveform 1	1	1786.440664062	1786.443997396	38000.000	81000.000	1.0000
383	Spectrogram 1	1	1786.440664062	1786.443997396	38000.000	81000.000	1.0000
384	Waveform 1	1	1786.548664062	1786.550664062	38000.000	81000.000	1.0000
384	Spectrogram 1	1	1786.548664062	1786.550664062	38000.000	81000.000	1.0000
385	Waveform 1	1	1786.659330729	1786.661330729	38000.000	81000.000	1.0000
385	Spectrogram 1	1	1786.659330729	1786.661330729	38000.000	81000.000	1.0000
386	Waveform 1	1	1786.767997396	1786.769997396	38000.000	81000.000	1.0000
386	Spectrogram 1	1	1786.767997396	1786.769997396	38000.000	81000.000	1.0000
387	Waveform 1	1	1786.867997396	1786.870664062	38000.000	81000.000	1.0000
387	Spectrogram 1	1	1786.867997396	1786.870664062	38000.000	81000.000	1.0000
388	Waveform 1	1	1787.074664063	1787.077997396	38000.000	81000.000	1.0000
388	Spectrogram 1	1	1787.074664063	1787.077997396	38000.000	81000.000	1.0000
389	Waveform 1	1	1787.187330729	1787.189997396	38000.000	81000.000	1.0000
389	Spectrogram 1	1	1787.187330729	1787.189997396	38000.000	81000.000	1.0000
390	Waveform 1	1	1787.489997396	1787.491330729	38000.000	81000.000	1.0000
390	Spectrogram 1	1	1787.489997396	1787.491330729	38000.000	81000.000	1.0000
391	Waveform 1	1	1787.799330729	1787.801330729	38000.000	81000.000	0.6667
391	Spectrogram 1	1	1787.799330729	1787.801330729	38000.000	81000.000	0.6667
392	Waveform 1	1	1787.907330729	1787.908664062	38000.000	81000.000	1.0000
392	Spectrogram 1	1	1787.907330729	1787.908664062	38000.000	81000.000	1.0000
393	Waveform 1	1	1788.017997396	1788.019997396	38000.000	81000.000	1.0000
393	Spectrogram 1	1	1788.017997396	1788.019997396	38000.000	81000.000	1.0000
394	Waveform 1	1	1788.224664062	1788.226664063	38000.000	81000.000	1.0000
394	Spectrogram 1	1	1788.224664062	1788.226664063	38000.000	81000.000	1.0000
395	Waveform 1	1	1788.435997396	1788.437997396	38000.000	81000.000	1.0000
395	Spectrogram 1	1	1788.435997396	1788.437997396	38000.000	81000.000	1.0000
396	Waveform 1	1	1788.743330729	1788.745997396	38000.000	81000.000	0.7500
396	Spectrogram 1	1	1788.743330729	1788.745997396	38000.000	81000.000	0.7500
397	Waveform 1	1	1788.960664062	1788.962664062	38000.000	81000.000	0.6667
397	Spectrogram 1	1	1788.960664062	1788.962664062	38000.000	81000.000	0.6667
398	Waveform 1	1	1789.179997396	1789.181997396	38000.000	81000.000	1.0000
398	Spectrogram 1	1	1789.179997396	1789.181997396	38000.000	81000.000	1.0000
399	Waveform 1	1	1789.281997396	1789.283330729	38000.000	81000.000	1.0000
399	Spectrogram 1	1	1789.281997396	1789.283330729	38000.000	81000.000	1.0000
400	Waveform 1	1	1789.382664062	1789.384664062	38000.000	81000.000	1.0000
400	Spectrogram 1	1	1789.382664062	1789.384664062	38000.000	81000.000	1.0000
401	Waveform 1	1	1789.481330729	1789.482664062	38000.000	81000.000	1.0000
401	Spectrogram 1	1	1789.481330729	1789.482664062	38000.000	81000.000	1.0000
402	Waveform 1	1	1789.694664062	1789.695997396	38000.000	81000.000	1.0000
402	Spectrogram 1	1	1789.694664062	1789.695997396	38000.000	81000.000	1.0000
