Selection	View	Channel	Begin Time (s)	End Time (s)	Low Freq (Hz)	High Freq (Hz)	Occupancy
1	Waveform 1	1	70.441997396	70.443330729	38000.000	81000.000	1.0000
1	Spectrogram 1	1	70.441997396	70.443330729	38000.000	81000.000	1.0000
2	Waveform 1	1	70.565330729	70.566664062	38000.000	81000.000	1.0000
2	Spectrogram 1	1	70.565330729	70.566664062	38000.000	81000.000	1.0000
3	Waveform 1	1	70.722664062	70.724664062	38000.000	81000.000	1.0000
3	Spectrogram 1	1	70.722664062	70.724664062	38000.000	81000.000	1.0000
4	Waveform 1	1	70.897997396	70.899997396	38000.000	81000.000	0.6667
4	Spectrogram 1	1	70.897997396	70.899997396	38000.000	81000.000	0.6667
5	Waveform 1	1	70.987330729	70.991330729	38000.000	81000.000	0.5000
5	Spectrogram 1	1	70.987330729	70.991330729	38000.000	81000.000	0.5000
6	Waveform 1	1	71.081330729	71.083997396	38000.000	81000.000	0.5000
6	Spectrogram 1	1	71.081330729	71.083997396	38000.000	81000.000	0.5000
7	Waveform 1	1	71.170664062	71.175330729	38000.000	81000.000	0.7143
7	Spectrogram 1	1	71.170664062	71.175330729	38000.000	81000.000	0.7143
8	Waveform 1	1	71.360664062	71.363330729	38000.000	81000.000	1.0000
8	Spectrogram 1	1	71.360664062	71.363330729	38000.000	81000.000	1.0000
9	Waveform 1	1	71.459997396	71.461997396	38000.000	81000.000	1.0000
9	Spectrogram 1	1	71.459997396	71.461997396	38000.000	81000.000	1.0000
10	Waveform 1	1	71.645997396	71.651330729	38000.000	81000.000	1.0000
10	Spectrogram 1	1	71.645997396	71.651330729	38000.000	81000.000	1.0000
11	Waveform 1	1	71.739997396	71.741997396	38000.000	81000.000	1.0000
11	Spectrogram 1	1	71.739997396	71.741997396	38000.000	81000.000	1.0000
12	Waveform 1	1	71.833997396	71.839997396	38000.000	81000.000	0.7778
12	Spectrogram 1	1	71.833997396	71.839997396	38000.000	81000.000	0.7778
13	Waveform 1	1	71.923997396	71.929997396	38000.000	81000.000	0.7778
13	Spectrogram 1	1	71.923997396	71.929997396	38000.000	81000.000	0.7778
14	Waveform 1	1	72.015997396	72.021330729	38000.000	81000.000	0.6250
14	Spectrogram 1	1	72.015997396	72.021330729	38000.000	81000.000	0.6250
15	Waveform 1	1	72.105330729	72.116664062	38000.000	81000.000	0.5882
15	Spectrogram 1	1	72.105330729	72.116664062	38000.000	81000.000	0.5882
16	Waveform 1	1	72.201330729	72.211997396	38000.000	81000.000	0.4375
16	Spectrogram 1	1	72.201330729	72.211997396	38000.000	81000.000	0.4375
17	Waveform 1	1	72.290664062	72.301330729	38000.000	81000.000	0.6875
17	Spectrogram 1	1	72.290664062	72.301330729	38000.000	81000.000	0.6875
18	Waveform 1	1	72.383330729	72.399330729	38000.000	81000.000	0.6667
18	Spectrogram 1	1	72.383330729	72.399330729	38000.000	81000.000	0.6667
19	Waveform 1	1	72.478664062	72.485330729	38000.000	81000.000	0.7000
19	Spectrogram 1	1	72.478664062	72.485330729	38000.000	81000.000	0.7000
20	Waveform 1	1	72.571330729	72.589330729	38000.000	81000.000	0.7037
20	Spectrogram 1	1	72.571330729	72.589330729	38000.000	81000.000	0.7037
21	Waveform 1	1	72.655997396	72.665330729	38000.000	81000.000	0.7143
21	Spectrogram 1	1	72.655997396	72.665330729	38000.000	81000.000	0.7143
22	Waveform 1	1	72.826664062	72.832664062	38000.000	81000.000	0.6667
22	Spectrogram 1	1	72.826664062	72.832664062	38000.000	81000.000	0.6667
23	Waveform 1	1	330.199330729	330.200664062	38000.000	81000.000	1.0000
23	Spectrogram 1	1	330.199330729	330.200664062	38000.000	81000.000	1.0000
24	Waveform 1	1	330.604664062	330.605997396	38000.000	81000.000	1.0000
24	Spectrogram 1	1	330.604664062	330.605997396	38000.000	81000.000	1.0000
25	Waveform 1	1	330.692664063	330.695997396	38000.000	81000.000	0.8000
25	Spectrogram 1	1	330.692664063	330.695997396	38000.000	81000.000	0.8000
26	Waveform 1	1	330.781997396	330.786664062	38000.000	81000.000	0.4286
26	Spectrogram 1	1	330.781997396	330.786664062	38000.000	81000.000	0.4286
27	Waveform 1	1	330.875997396	330.881330729	38000.000	81000.000	1.0000
27	Spectrogram 1	1	330.875997396	330.881330729	38000.000	81000.000	1.0000
28	Waveform 1	1	330.961330729	330.967330729	38000.000	81000.000	0.7778
28	Spectrogram 1	1	330.961330729	330.967330729	38000.000	81000.000	0.7778
29	Waveform 1	1	331.057997396	331.067330729	38000.000	81000.000	0.3571
29	Spectrogram 1	1	331.057997396	331.067330729	38000.000	81000.000	0.3571
30	Waveform 1	1	331.128664062	331.134664063	38000.000	81000.000	0.6667
30	Spectrogram 1	1	331.128664062	331.134664063	38000.000	81000.000	0.6667
31	Waveform 1	1	331.212664062	331.216664063	38000.000	81000.000	0.6667
31	Spectrogram 1	1	331.212664062	331.216664063	38000.000	81000.000	0.6667
32	Waveform 1	1	331.301997396	331.312664063	38000.000	81000.000	0.7500
32	Spectrogram 1	1	331.301997396	331.312664063	38000.000	81000.000	0.7500
33	Waveform 1	1	331.396664063	331.403330729	38000.000	81000.000	0.8000
33	Spectrogram 1	1	331.396664063	331.403330729	38000.000	81000.000	0.8000
34	Waveform 1	1	331.491330729	331.498664062	38000.000	81000.000	0.8182
34	Spectrogram 1	1	331.491330729	331.498664062	38000.000	81000.000	0.8182
35	Waveform 1	1	331.586664063	331.599997396	38000.000	81000.000	0.9000
35	Spectrogram 1	1	331.586664063	331.599997396	38000.000	81000.000	0.9000
36	Waveform 1	1	331.680664062	331.694664063	38000.000	81000.000	0.7619
36	Spectrogram 1	1	331.680664062	331.694664063	38000.000	81000.000	0.7619
37	Waveform 1	1	331.773330729	331.784664062	38000.000	81000.000	0.8235
37	Spectrogram 1	1	331.773330729	331.784664062	38000.000	81000.000	0.8235
38	Waveform 1	1	331.843330729	331.851997396	38000.000	81000.000	0.6923
38	Spectrogram 1	1	331.843330729	331.851997396	38000.000	81000.000	0.6923
39	Waveform 1	1	331.927997396	331.941997396	38000.000	81000.000	0.9048
39	Spectrogram 1	1	331.927997396	331.941997396	38000.000	81000.000	0.9048
40	Waveform 1	1	332.019330729	332.035330729	38000.000	81000.000	0.7917
40	Spectrogram 1	1	332.019330729	332.035330729	38000.000	81000.000	0.7917
41	Waveform 1	1	332.115997396	332.133997396	38000.000	81000.000	0.5926
41	Spectrogram 1	1	332.115997396	332.133997396	38000.000	81000.000	0.5926
42	Waveform 1	1	332.205997396	332.223997396	38000.000	81000.000	0.8519
42	Spectrogram 1	1	332.205997396	332.223997396	38000.000	81000.000	0.8519
43	Waveform 1	1	332.297997396	332.316664062	38000.000	81000.000	0.7500
43	Spectrogram 1	1	332.297997396	332.316664062	38000.000	81000.000	0.7500
44	Waveform 1	1	332.387997396	332.405997396	38000.000	81000.000	0.8148
44	Spectrogram 1	1	332.387997396	332.405997396	38000.000	81000.000	0.8148
45	Waveform 1	1	332.484664062	332.506664062	38000.000	81000.000	0.8182
45	Spectrogram 1	1	332.484664062	332.506664062	38000.000	81000.000	0.8182
46	Waveform 1	1	332.577997396	332.605997396	38000.000	81000.000	0.7143
46	Spectrogram 1	1	332.577997396	332.605997396	38000.000	81000.000	0.7143
47	Waveform 1	1	332.671330729	332.690664062	38000.000	81000.000	0.8276
47	Spectrogram 1	1	332.671330729	332.690664062	38000.000	81000.000	0.8276
48	Waveform 1	1	332.763330729	332.789330729	38000.000	81000.000	0.6923
48	Spectrogram 1	1	332.763330729	332.789330729	38000.000	81000.000	0.6923
49	Waveform 1	1	332.856664062	332.876664062	38000.000	81000.000	0.7333
49	Spectrogram 1	1	332.856664062	332.876664062	38000.000	81000.000	0.7333
50	Waveform 1	1	332.957997396	332.988664062	38000.000	81000.000	0.5652
50	Spectrogram 1	1	332.957997396	332.988664062	38000.000	81000.000	0.5652
51	Waveform 1	1	333.056664062	333.071330729	38000.000	81000.000	0.8636
51	Spectrogram 1	1	333.056664062	333.071330729	38000.000	81000.000	0.8636
52	Waveform 1	1	333.148664063	333.167330729	38000.000	81000.000	0.8571
52	Spectrogram 1	1	333.148664063	333.167330729	38000.000	81000.000	0.8571
53	Waveform 1	1	333.229330729	333.237330729	38000.000	81000.000	0.9167
53	Spectrogram 1	1	333.229330729	333.237330729	38000.000	81000.000	0.9167
54	Waveform 1	1	333.317330729	333.337997396	38000.000	81000.000	0.7742
54	Spectrogram 1	1	333.317330729	333.337997396	38000.000	81000.000	0.7742
55	Waveform 1	1	333.407330729	333.435330729	38000.000	81000.000	0.6429
55	Spectrogram 1	1	333.407330729	333.435330729	38000.000	81000.000	0.6429
56	Waveform 1	1	333.483330729	333.499330729	38000.000	81000.000	0.6250
56	Spectrogram 1	1	333.483330729	333.499330729	38000.000	81000.000	0.6250
57	Waveform 1	1	333.568664062	333.587330729	38000.000	81000.000	0.6429
57	Spectrogram 1	1	333.568664062	333.587330729	38000.000	81000.000	0.6429
58	Waveform 1	1	333.657997396	333.681330729	38000.000	81000.000	0.6857
58	Spectrogram 1	1	333.657997396	333.681330729	38000.000	81000.000	0.6857
59	Waveform 1	1	333.750664062	333.773330729	38000.000	81000.000	0.7059
59	Spectrogram 1	1	333.750664062	333.773330729	38000.000	81000.000	0.7059
60	Waveform 1	1	333.833330729	333.841330729	38000.000	81000.000	0.8333
60	Spectrogram 1	1	333.833330729	333.841330729	38000.000	81000.000	0.8333
61	Waveform 1	1	333.931997396	333.949997396	38000.000	81000.000	0.7037
61	Spectrogram 1	1	333.931997396	333.949997396	38000.000	81000.000	0.7037
62	Waveform 1	1	334.019330729	334.040664063	38000.000	81000.000	0.7500
62	Spectrogram 1	1	334.019330729	334.040664063	38000.000	81000.000	0.7500
63	Waveform 1	1	334.111330729	334.131997396	38000.000	81000.000	0.6774
63	Spectrogram 1	1	334.111330729	334.131997396	38000.000	81000.000	0.6774
64	Waveform 1	1	334.193997396	334.224664062	38000.000	81000.000	0.5870
64	Spectrogram 1	1	334.193997396	334.224664062	38000.000	81000.000	0.5870
65	Waveform 1	1	334.263997396	334.274664062	38000.000	81000.000	0.8125
65	Spectrogram 1	1	334.263997396	334.274664062	38000.000	81000.000	0.8125
66	Waveform 1	1	334.336664063	334.357997396	38000.000	81000.000	0.6562
66	Spectrogram 1	1	334.336664063	334.357997396	38000.000	81000.000	0.6562
67	Waveform 1	1	334.426664062	334.441330729	38000.000	81000.000	0.6364
67	Spectrogram 1	1	334.426664062	334.441330729	38000.000	81000.000	0.6364
68	Waveform 1	1	334.515997396	334.537997396	38000.000	81000.000	0.6364
68	Spectrogram 1	1	334.515997396	334.537997396	38000.000	81000.000	0.6364
69	Waveform 1	1	334.574664063	334.581330729	38000.000	81000.000	0.5000
69	Spectrogram 1	1	334.574664063	334.581330729	38000.000	81000.000	0.5000
70	Waveform 1	1	334.789330729	334.793997396	38000.000	81000.000	0.4286
70	Spectrogram 1	1	334.789330729	334.793997396	38000.000	81000.000	0.4286
71	Waveform 1	1	334.858664062	334.862664063	38000.000	81000.000	0.8333
71	Spectrogram 1	1	334.858664062	334.862664063	38000.000	81000.000	0.8333
72	Waveform 1	1	334.929330729	334.932664063	38000.000	81000.000	0.4000
72	Spectrogram 1	1	334.929330729	334.932664063	38000.000	81000.000	0.4000
73	Waveform 1	1	334.993330729	334.995997396	38000.000	81000.000	0.7500
73	Spectrogram 1	1	334.993330729	334.995997396	38000.000	81000.000	0.7500
74	Waveform 1	1	335.049997396	335.053330729	38000.000	81000.000	0.4000
74	Spectrogram 1	1	335.049997396	335.053330729	38000.000	81000.000	0.4000
75	Waveform 1	1	335.096664062	335.099330729	38000.000	81000.000	0.5000
75	Spectrogram 1	1	335.096664062	335.099330729	38000.000	81000.000	0.5000
76	Waveform 1	1	335.419330729	335.421997396	38000.000	81000.000	1.0000
76	Spectrogram 1	1	335.419330729	335.421997396	38000.000	81000.000	1.0000
77	Waveform 1	1	335.480664063	335.483997396	38000.000	81000.000	1.0000
77	Spectrogram 1	1	335.480664063	335.483997396	38000.000	81000.000	1.0000
78	Waveform 1	1	335.548664062	335.554664062	38000.000	81000.000	0.7778
78	Spectrogram 1	1	335.548664062	335.554664062	38000.000	81000.000	0.7778
79	Waveform 1	1	335.623997396	335.627997396	38000.000	81000.000	0.8333
79	Spectrogram 1	1	335.623997396	335.627997396	38000.000	81000.000	0.8333
80	Waveform 1	1	335.693330729	335.697330729	38000.000	81000.000	1.0000
80	Spectrogram 1	1	335.693330729	335.697330729	38000.000	81000.000	1.0000
81	Waveform 1	1	335.777997396	335.781997396	38000.000	81000.000	0.5000
81	Spectrogram 1	1	335.777997396	335.781997396	38000.000	81000.000	0.5000
82	Waveform 1	1	335.861997396	335.869330729	38000.000	81000.000	0.8182
82	Spectrogram 1	1	335.861997396	335.869330729	38000.000	81000.000	0.8182
83	Waveform 1	1	335.941997396	335.943330729	38000.000	81000.000	1.0000
83	Spectrogram 1	1	335.941997396	335.943330729	38000.000	81000.000	1.0000
84	Waveform 1	1	336.019997396	336.023997396	38000.000	81000.000	0.5000
84	Spectrogram 1	1	336.019997396	336.023997396	38000.000	81000.000	0.5000
85	Waveform 1	1	336.093997396	336.098664063	38000.000	81000.000	0.5714
85	Spectrogram 1	1	336.093997396	336.098664063	38000.000	81000.000	0.5714
86	Waveform 1	1	336.169997396	336.174664062	38000.000	81000.000	0.8571
86	Spectrogram 1	1	336.169997396	336.174664062	38000.000	81000.000	0.8571
87	Waveform 1	1	336.244664063	336.249330729	38000.000	81000.000	0.8571
87	Spectrogram 1	1	336.244664063	336.249330729	38000.000	81000.000	0.8571
88	Waveform 1	1	336.325330729	336.335330729	38000.000	81000.000	0.7333
88	Spectrogram 1	1	336.325330729	336.335330729	38000.000	81000.000	0.7333
89	Waveform 1	1	336.407330729	336.416664062	38000.000	81000.000	0.7143
89	Spectrogram 1	1	336.407330729	336.416664062	38000.000	81000.000	0.7143
90	Waveform 1	1	336.489330729	336.495330729	38000.000	81000.000	0.7778
90	Spectrogram 1	1	336.489330729	336.495330729	38000.000	81000.000	0.7778
91	Waveform 1	1	336.575330729	336.586664063	38000.000	81000.000	0.6471
91	Spectrogram 1	1	336.575330729	336.586664063	38000.000	81000.000	0.6471
92	Waveform 1	1	336.660664063	336.669330729	38000.000	81000.000	0.7692
92	Spectrogram 1	1	336.660664063	336.669330729	38000.000	81000.000	0.7692
93	Waveform 1	1	336.747330729	336.761997396	38000.000	81000.000	0.8182
93	Spectrogram 1	1	336.747330729	336.761997396	38000.000	81000.000	0.8182
94	Waveform 1	1	336.833330729	336.844664062	38000.000	81000.000	0.7647
94	Spectrogram 1	1	336.833330729	336.844664062	38000.000	81000.000	0.7647
95	Waveform 1	1	336.924664062	336.937330729	38000.000	81000.000	0.7895
95	Spectrogram 1	1	336.924664062	336.937330729	38000.000	81000.000	0.7895
96	Waveform 1	1	337.014664063	337.025997396	38000.000	81000.000	0.5882
96	Spectrogram 1	1	337.014664063	337.025997396	38000.000	81000.000	0.5882
97	Waveform 1	1	337.107330729	337.129997396	38000.000	81000.000	0.7941
97	Spectrogram 1	1	337.107330729	337.129997396	38000.000	81000.000	0.7941
98	Waveform 1	1	337.195997396	337.203997396	38000.000	81000.000	0.7500
98	Spectrogram 1	1	337.195997396	337.203997396	38000.000	81000.000	0.7500
99	Waveform 1	1	337.270664062	337.284664062	38000.000	81000.000	0.6667
99	Spectrogram 1	1	337.270664062	337.284664062	38000.000	81000.000	0.6667
100	Waveform 1	1	337.386664063	337.391330729	38000.000	81000.000	0.7143
100	Spectrogram 1	1	337.386664063	337.391330729	38000.000	81000.000	0.7143
101	Waveform 1	1	337.537997396	337.551330729	38000.000	81000.000	0.7500
101	Spectrogram 1	1	337.537997396	337.551330729	38000.000	81000.000	0.7500
102	Waveform 1	1	337.673330729	337.680664062	38000.000	81000.000	0.9091
102	Spectrogram 1	1	337.673330729	337.680664062	38000.000	81000.000	0.9091
103	Waveform 1	1	337.756664062	337.759330729	38000.000	81000.000	0.7500
103	Spectrogram 1	1	337.756664062	337.759330729	38000.000	81000.000	0.7500
104	Waveform 1	1	337.843997396	337.852664062	38000.000	81000.000	0.5385
104	Spectrogram 1	1	337.843997396	337.852664062	38000.000	81000.000	0.5385
105	Waveform 1	1	338.079330729	338.086664063	38000.000	81000.000	0.5455
105	Spectrogram 1	1	338.079330729	338.086664063	38000.000	81000.000	0.5455
106	Waveform 1	1	338.261997396	338.266664063	38000.000	81000.000	0.5714
106	Spectrogram 1	1	338.261997396	338.266664063	38000.000	81000.000	0.5714
107	Waveform 1	1	338.447330729	338.449997396	38000.000	81000.000	1.0000
107	Spectrogram 1	1	338.447330729	338.449997396	38000.000	81000.000	1.0000
108	Waveform 1	1	338.533997396	338.538664063	38000.000	81000.000	0.8571
108	Spectrogram 1	1	338.533997396	338.538664063	38000.000	81000.000	0.8571
109	Waveform 1	1	340.449330729	340.451997396	38000.000	81000.000	1.0000
109	Spectrogram 1	1	340.449330729	340.451997396	38000.000	81000.000	1.0000
110	Waveform 1	1	340.580664062	340.581997396	38000.000	81000.000	1.0000
110	Spectrogram 1	1	340.580664062	340.581997396	38000.000	81000.000	1.0000
111	Waveform 1	1	340.662664062	340.670664063	38000.000	81000.000	0.8333
111	Spectrogram 1	1	340.662664062	340.670664063	38000.000	81000.000	0.8333
112	Waveform 1	1	340.759997396	340.766664063	38000.000	81000.000	1.0000
112	Spectrogram 1	1	340.759997396	340.766664063	38000.000	81000.000	1.0000
113	Waveform 1	1	340.838664063	340.849997396	38000.000	81000.000	0.8235
113	Spectrogram 1	1	340.838664063	340.849997396	38000.000	81000.000	0.8235
114	Waveform 1	1	340.927997396	340.938664062	38000.000	81000.000	0.8125
114	Spectrogram 1	1	340.927997396	340.938664062	38000.000	81000.000	0.8125
115	Waveform 1	1	341.002664063	341.013330729	38000.000	81000.000	0.8750
115	Spectrogram 1	1	341.002664063	341.013330729	38000.000	81000.000	0.8750
116	Waveform 1	1	341.079997396	341.090664062	38000.000	81000.000	0.9375
116	Spectrogram 1	1	341.079997396	341.090664062	38000.000	81000.000	0.9375
117	Waveform 1	1	341.165330729	341.174664062	38000.000	81000.000	0.9286
117	Spectrogram 1	1	341.165330729	341.174664062	38000.000	81000.000	0.9286
118	Waveform 1	1	341.257330729	341.277330729	38000.000	81000.000	0.8667
118	Spectrogram 1	1	341.257330729	341.277330729	38000.000	81000.000	0.8667
119	Waveform 1	1	341.335330729	341.342664062	38000.000	81000.000	0.9091
119	Spectrogram 1	1	341.335330729	341.342664062	38000.000	81000.000	0.9091
120	Waveform 1	1	341.423997396	341.441330729	38000.000	81000.000	0.7308
120	Spectrogram 1	1	341.423997396	341.441330729	38000.000	81000.000	0.7308
121	Waveform 1	1	341.497330729	341.507997396	38000.000	81000.000	0.7500
121	Spectrogram 1	1	341.497330729	341.507997396	38000.000	81000.000	0.7500
122	Waveform 1	1	341.575330729	341.593330729	38000.000	81000.000	0.7037
122	Spectrogram 1	1	341.575330729	341.593330729	38000.000	81000.000	0.7037
123	Waveform 1	1	341.667330729	341.682664063	38000.000	81000.000	0.6087
123	Spectrogram 1	1	341.667330729	341.682664063	38000.000	81000.000	0.6087
124	Waveform 1	1	341.755330729	341.773997396	38000.000	81000.000	0.7143
124	Spectrogram 1	1	341.755330729	341.773997396	38000.000	81000.000	0.7143
125	Waveform 1	1	341.843330729	341.864664062	38000.000	81000.000	0.7500
125	Spectrogram 1	1	341.843330729	341.864664062	38000.000	81000.000	0.7500
126	Waveform 1	1	341.939997396	341.960664062	38000.000	81000.000	0.7742
126	Spectrogram 1	1	341.939997396	341.960664062	38000.000	81000.000	0.7742
127	Waveform 1	1	342.036664062	342.054664062	38000.000	81000.000	0.7778
127	Spectrogram 1	1	342.036664062	342.054664062	38000.000	81000.000	0.7778
128	Waveform 1	1	342.131997396	342.149997396	38000.000	81000.000	0.6667
128	Spectrogram 1	1	342.131997396	342.149997396	38000.000	81000.000	0.6667
129	Waveform 1	1	342.229330729	342.250664062	38000.000	81000.000	0.6875
129	Spectrogram 1	1	342.229330729	342.250664062	38000.000	81000.000	0.6875
130	Waveform 1	1	342.333330729	342.353330729	38000.000	81000.000	0.7000
130	Spectrogram 1	1	342.333330729	342.353330729	38000.000	81000.000	0.7000
131	Waveform 1	1	342.415997396	342.431997396	38000.000	81000.000	0.7500
131	Spectrogram 1	1	342.415997396	342.431997396	38000.000	81000.000	0.7500
132	Waveform 1	1	342.483997396	342.503997396	38000.000	81000.000	0.6000
132	Spectrogram 1	1	342.483997396	342.503997396	38000.000	81000.000	0.6000
133	Waveform 1	1	342.568664062	342.594664062	38000.000	81000.000	0.5641
133	Spectrogram 1	1	342.568664062	342.594664062	38000.000	81000.000	0.5641
134	Waveform 1	1	342.661997396	342.681997396	38000.000	81000.000	0.7667
134	Spectrogram 1	1	342.661997396	342.681997396	38000.000	81000.000	0.7667
135	Waveform 1	1	342.760664062	342.787997396	38000.000	81000.000	0.6098
135	Spectrogram 1	1	342.760664062	342.787997396	38000.000	81000.000	0.6098
136	Waveform 1	1	342.853330729	342.871997396	38000.000	81000.000	0.8929
136	Spectrogram 1	1	342.853330729	342.871997396	38000.000	81000.000	0.8929
137	Waveform 1	1	342.951330729	342.979997396	38000.000	81000.000	0.5814
137	Spectrogram 1	1	342.951330729	342.979997396	38000.000	81000.000	0.5814
138	Waveform 1	1	343.048664062	343.061330729	38000.000	81000.000	0.5789
138	Spectrogram 1	1	343.048664062	343.061330729	38000.000	81000.000	0.5789
139	Waveform 1	1	343.143997396	343.167997396	38000.000	81000.000	0.6667
139	Spectrogram 1	1	343.143997396	343.167997396	38000.000	81000.000	0.6667
140	Waveform 1	1	343.243330729	343.264664063	38000.000	81000.000	0.6875
140	Spectrogram 1	1	343.243330729	343.264664063	38000.000	81000.000	0.6875
141	Waveform 1	1	343.341997396	343.368664062	38000.000	81000.000	0.3750
141	Spectrogram 1	1	343.341997396	343.368664062	38000.000	81000.000	0.3750
142	Waveform 1	1	343.428664062	343.436664062	38000.000	81000.000	0.5833
142	Spectrogram 1	1	343.428664062	343.436664062	38000.000	81000.000	0.5833
143	Waveform 1	1	343.527997396	343.547330729	38000.000	81000.000	0.6552
143	Spectrogram 1	1	343.527997396	343.547330729	38000.000	81000.000	0.6552
144	Waveform 1	1	343.629330729	343.653330729	38000.000	81000.000	0.7222
144	Spectrogram 1	1	343.629330729	343.653330729	38000.000	81000.000	0.7222
145	Waveform 1	1	343.819997396	343.831330729	38000.000	81000.000	0.7059
145	Spectrogram 1	1	343.819997396	343.831330729	38000.000	81000.000	0.7059
146	Waveform 1	1	343.917330729	343.920664063	38000.000	81000.000	0.8000
146	Spectrogram 1	1	343.917330729	343.920664063	38000.000	81000.000	0.8000
147	Waveform 1	1	344.015330729	344.032664062	38000.000	81000.000	0.4615
147	Spectrogram 1	1	344.015330729	344.032664062	38000.000	81000.000	0.4615
148	Waveform 1	1	344.117997396	344.121997396	38000.000	81000.000	0.3333
148	Spectrogram 1	1	344.117997396	344.121997396	38000.000	81000.000	0.3333
149	Waveform 1	1	344.205330729	344.211997396	38000.000	81000.000	0.7000
149	Spectrogram 1	1	344.205330729	344.211997396	38000.000	81000.000	0.7000
150	Waveform 1	1	344.292664062	344.313330729	38000.000	81000.000	0.6129
150	Spectrogram 1	1	344.292664062	344.313330729	38000.000	81000.000	0.6129
151	Waveform 1	1	344.380664062	344.393330729	38000.000	81000.000	0.7895
151	Spectrogram 1	1	344.380664062	344.393330729	38000.000	81000.000	0.7895
152	Waveform 1	1	344.547997396	344.553330729	38000.000	81000.000	0.5000
152	Spectrogram 1	1	344.547997396	344.553330729	38000.000	81000.000	0.5000
153	Waveform 1	1	344.721330729	344.725997396	38000.000	81000.000	0.4286
153	Spectrogram 1	1	344.721330729	344.725997396	38000.000	81000.000	0.4286
154	Waveform 1	1	344.816664062	344.821330729	38000.000	81000.000	0.7143
154	Spectrogram 1	1	344.816664062	344.821330729	38000.000	81000.000	0.7143
155	Waveform 1	1	347.027997396	347.029330729	38000.000	81000.000	1.0000
155	Spectrogram 1	1	347.027997396	347.029330729	38000.000	81000.000	1.0000
156	Waveform 1	1	607.255997396	607.259330729	38000.000	81000.000	0.8000
156	Spectrogram 1	1	607.255997396	607.259330729	38000.000	81000.000	0.8000
157	Waveform 1	1	607.355997396	607.357330729	38000.000	81000.000	1.0000
157	Spectrogram 1	1	607.355997396	607.357330729	38000.000	81000.000	1.0000
158	Waveform 1	1	607.429330729	607.431330729	38000.000	81000.000	1.0000
158	Spectrogram 1	1	607.429330729	607.431330729	38000.000	81000.000	1.0000
159	Waveform 1	1	607.506664063	607.508664063	38000.000	81000.000	1.0000
159	Spectrogram 1	1	607.506664063	607.508664063	38000.000	81000.000	1.0000
160	Waveform 1	1	607.589330729	607.591997396	38000.000	81000.000	0.5000
160	Spectrogram 1	1	607.589330729	607.591997396	38000.000	81000.000	0.5000
161	Waveform 1	1	610.814664063	610.816664063	38000.000	81000.000	0.6667
161	Spectrogram 1	1	610.814664063	610.816664063	38000.000	81000.000	0.6667
162	Waveform 1	1	611.036664062	611.037997396	38000.000	81000.000	1.0000
162	Spectrogram 1	1	611.036664062	611.037997396	38000.000	81000.000	1.0000
163	Waveform 1	1	611.132664062	611.139330729	38000.000	81000.000	0.5000
163	Spectrogram 1	1	611.132664062	611.139330729	38000.000	81000.000	0.5000
164	Waveform 1	1	611.219997396	611.225330729	38000.000	81000.000	0.8750
164	Spectrogram 1	1	611.219997396	611.225330729	38000.000	81000.000	0.8750
165	Waveform 1	1	611.304664063	611.309330729	38000.000	81000.000	0.7143
165	Spectrogram 1	1	611.304664063	611.309330729	38000.000	81000.000	0.7143
166	Waveform 1	1	611.390664063	611.399997396	38000.000	81000.000	0.7857
166	Spectrogram 1	1	611.390664063	611.399997396	38000.000	81000.000	0.7857
167	Waveform 1	1	611.473997396	611.488664063	38000.000	81000.000	0.7273
167	Spectrogram 1	1	611.473997396	611.488664063	38000.000	81000.000	0.7273
168	Waveform 1	1	611.558664063	611.569997396	38000.000	81000.000	0.7647
168	Spectrogram 1	1	611.558664063	611.569997396	38000.000	81000.000	0.7647
169	Waveform 1	1	611.643330729	611.659330729	38000.000	81000.000	0.6667
169	Spectrogram 1	1	611.643330729	611.659330729	38000.000	81000.000	0.6667
170	Waveform 1	1	611.727997396	611.746664063	38000.000	81000.000	0.7143
170	Spectrogram 1	1	611.727997396	611.746664063	38000.000	81000.000	0.7143
171	Waveform 1	1	611.816664063	611.824664063	38000.000	81000.000	0.9167
171	Spectrogram 1	1	611.816664063	611.824664063	38000.000	81000.000	0.9167
172	Waveform 1	1	611.910664063	611.924664063	38000.000	81000.000	0.6190
172	Spectrogram 1	1	611.910664063	611.924664063	38000.000	81000.000	0.6190
173	Waveform 1	1	611.999997396	612.009330729	38000.000	81000.000	0.7143
173	Spectrogram 1	1	611.999997396	612.009330729	38000.000	81000.000	0.7143
174	Waveform 1	1	612.092664063	612.103997396	38000.000	81000.000	0.5882
174	Spectrogram 1	1	612.092664063	612.103997396	38000.000	81000.000	0.5882
175	Waveform 1	1	612.216664063	612.237997396	38000.000	81000.000	0.8750
175	Spectrogram 1	1	612.216664063	612.237997396	38000.000	81000.000	0.8750
176	Waveform 1	1	612.297330729	612.315330729	38000.000	81000.000	0.7037
176	Spectrogram 1	1	612.297330729	612.315330729	38000.000	81000.000	0.7037
177	Waveform 1	1	612.362664063	612.379997396	38000.000	81000.000	0.7692
177	Spectrogram 1	1	612.362664063	612.379997396	38000.000	81000.000	0.7692
178	Waveform 1	1	612.427997396	612.443997396	38000.000	81000.000	0.7500
178	Spectrogram 1	1	612.427997396	612.443997396	38000.000	81000.000	0.7500
179	Waveform 1	1	612.502664063	612.527997396	38000.000	81000.000	0.6842
179	Spectrogram 1	1	612.502664063	612.527997396	38000.000	81000.000	0.6842
180	Waveform 1	1	612.589330729	612.616664063	38000.000	81000.000	0.6098
180	Spectrogram 1	1	612.589330729	612.616664063	38000.000	81000.000	0.6098
181	Waveform 1	1	612.657997396	612.675330729	38000.000	81000.000	0.9615
181	Spectrogram 1	1	612.657997396	612.675330729	38000.000	81000.000	0.9615
182	Waveform 1	1	612.749330729	612.774664063	38000.000	81000.000	0.7632
182	Spectrogram 1	1	612.749330729	612.774664063	38000.000	81000.000	0.7632
183	Waveform 1	1	612.834664062	612.857997396	38000.000	81000.000	0.5429
183	Spectrogram 1	1	612.834664062	612.857997396	38000.000	81000.000	0.5429
184	Waveform 1	1	612.933330729	612.959997396	38000.000	81000.000	0.6250
184	Spectrogram 1	1	612.933330729	612.959997396	38000.000	81000.000	0.6250
185	Waveform 1	1	613.019997396	613.038664063	38000.000	81000.000	0.7500
185	Spectrogram 1	1	613.019997396	613.038664063	38000.000	81000.000	0.7500
186	Waveform 1	1	613.113330729	613.137997396	38000.000	81000.000	0.6757
186	Spectrogram 1	1	613.113330729	613.137997396	38000.000	81000.000	0.6757
187	Waveform 1	1	613.203997396	613.217997396	38000.000	81000.000	0.7619
187	Spectrogram 1	1	613.203997396	613.217997396	38000.000	81000.000	0.7619
188	Waveform 1	1	613.286664062	613.294664063	38000.000	81000.000	0.5833
188	Spectrogram 1	1	613.286664062	613.294664063	38000.000	81000.000	0.5833
189	Waveform 1	1	613.355997396	613.367330729	38000.000	81000.000	0.7647
189	Spectrogram 1	1	613.355997396	613.367330729	38000.000	81000.000	0.7647
190	Waveform 1	1	613.438664063	613.465997396	38000.000	81000.000	0.6341
190	Spectrogram 1	1	613.438664063	613.465997396	38000.000	81000.000	0.6341
191	Waveform 1	1	613.527330729	613.543997396	38000.000	81000.000	0.8000
191	Spectrogram 1	1	613.527330729	613.543997396	38000.000	81000.000	0.8000
192	Waveform 1	1	613.654664063	613.671330729	38000.000	81000.000	0.6400
192	Spectrogram 1	1	613.654664063	613.671330729	38000.000	81000.000	0.6400
193	Waveform 1	1	613.736664063	613.761330729	38000.000	81000.000	0.5676
193	Spectrogram 1	1	613.736664063	613.761330729	38000.000	81000.000	0.5676
194	Waveform 1	1	613.823997396	613.848664063	38000.000	81000.000	0.6216
194	Spectrogram 1	1	613.823997396	613.848664063	38000.000	81000.000	0.6216
195	Waveform 1	1	613.913330729	613.929997396	38000.000	81000.000	0.5200
195	Spectrogram 1	1	613.913330729	613.929997396	38000.000	81000.000	0.5200
196	Waveform 1	1	613.981997396	613.989330729	38000.000	81000.000	0.5455
196	Spectrogram 1	1	613.981997396	613.989330729	38000.000	81000.000	0.5455
197	Waveform 1	1	614.050664063	614.060664062	38000.000	81000.000	0.7333
197	Spectrogram 1	1	614.050664063	614.060664062	38000.000	81000.000	0.7333
198	Waveform 1	1	614.134664063	614.159997396	38000.000	81000.000	0.7105
198	Spectrogram 1	1	614.134664063	614.159997396	38000.000	81000.000	0.7105
199	Waveform 1	1	614.226664063	614.245997396	38000.000	81000.000	0.6897
199	Spectrogram 1	1	614.226664063	614.245997396	38000.000	81000.000	0.6897
200	Waveform 1	1	614.307997396	614.318664063	38000.000	81000.000	0.7500
200	Spectrogram 1	1	614.307997396	614.318664063	38000.000	81000.000	0.7500
201	Waveform 1	1	614.394664063	614.411997396	38000.000	81000.000	0.8462
201	Spectrogram 1	1	614.394664063	614.411997396	38000.000	81000.000	0.8462
202	Waveform 1	1	614.473997396	614.497997396	38000.000	81000.000	0.4444
202	Spectrogram 1	1	614.473997396	614.497997396	38000.000	81000.000	0.4444
203	Waveform 1	1	614.559997396	614.568664063	38000.000	81000.000	0.3846
203	Spectrogram 1	1	614.559997396	614.568664063	38000.000	81000.000	0.3846
204	Waveform 1	1	614.651330729	614.667330729	38000.000	81000.000	0.6667
204	Spectrogram 1	1	614.651330729	614.667330729	38000.000	81000.000	0.6667
205	Waveform 1	1	614.749330729	614.759330729	38000.000	81000.000	0.8667
205	Spectrogram 1	1	614.749330729	614.759330729	38000.000	81000.000	0.8667
206	Waveform 1	1	614.841330729	614.853997396	38000.000	81000.000	0.7895
206	Spectrogram 1	1	614.841330729	614.853997396	38000.000	81000.000	0.7895
207	Waveform 1	1	614.930664062	614.934664063	38000.000	81000.000	0.3333
207	Spectrogram 1	1	614.930664062	614.934664063	38000.000	81000.000	0.3333
208	Waveform 1	1	615.021330729	615.028664063	38000.000	81000.000	0.9091
208	Spectrogram 1	1	615.021330729	615.028664063	38000.000	81000.000	0.9091
209	Waveform 1	1	615.110664063	615.113997396	38000.000	81000.000	0.8000
209	Spectrogram 1	1	615.110664063	615.113997396	38000.000	81000.000	0.8000
210	Waveform 1	1	615.196664063	615.198664063	38000.000	81000.000	1.0000
210	Spectrogram 1	1	615.196664063	615.198664063	38000.000	81000.000	1.0000
211	Waveform 1	1	616.180664062	616.189330729	38000.000	81000.000	0.7692
211	Spectrogram 1	1	616.180664062	616.189330729	38000.000	81000.000	0.7692
212	Waveform 1	1	616.249997396	616.253330729	38000.000	81000.000	0.8000
212	Spectrogram 1	1	616.249997396	616.253330729	38000.000	81000.000	0.8000
213	Waveform 1	1	619.062664063	619.063997396	38000.000	81000.000	1.0000
213	Spectrogram 1	1	619.062664063	619.063997396	38000.000	81000.000	1.0000
214	Waveform 1	1	619.159330729	619.161997396	38000.000	81000.000	0.7500
214	Spectrogram 1	1	619.159330729	619.161997396	38000.000	81000.000	0.7500
215	Waveform 1	1	619.245330729	619.250664063	38000.000	81000.000	0.6250
215	Spectrogram 1	1	619.245330729	619.250664063	38000.000	81000.000	0.6250
216	Waveform 1	1	619.331330729	619.333997396	38000.000	81000.000	0.5000
216	Spectrogram 1	1	619.331330729	619.333997396	38000.000	81000.000	0.5000
217	Waveform 1	1	619.462664063	619.475997396	38000.000	81000.000	0.4500
217	Spectrogram 1	1	619.462664063	619.475997396	38000.000	81000.000	0.4500
218	Waveform 1	1	619.541330729	619.552664063	38000.000	81000.000	0.8235
218	Spectrogram 1	1	619.541330729	619.552664063	38000.000	81000.000	0.8235
219	Waveform 1	1	619.635997396	619.647330729	38000.000	81000.000	0.8235
219	Spectrogram 1	1	619.635997396	619.647330729	38000.000	81000.000	0.8235
220	Waveform 1	1	619.724664063	619.735997396	38000.000	81000.000	0.7647
220	Spectrogram 1	1	619.724664063	619.735997396	38000.000	81000.000	0.7647
221	Waveform 1	1	619.795330729	619.803997396	38000.000	81000.000	1.0000
221	Spectrogram 1	1	619.795330729	619.803997396	38000.000	81000.000	1.0000
222	Waveform 1	1	619.871997396	619.885330729	38000.000	81000.000	0.8500
222	Spectrogram 1	1	619.871997396	619.885330729	38000.000	81000.000	0.8500
223	Waveform 1	1	619.958664063	619.972664063	38000.000	81000.000	0.4286
223	Spectrogram 1	1	619.958664063	619.972664063	38000.000	81000.000	0.4286
224	Waveform 1	1	620.054664063	620.073330729	38000.000	81000.000	0.7143
224	Spectrogram 1	1	620.054664063	620.073330729	38000.000	81000.000	0.7143
225	Waveform 1	1	620.137330729	620.148664063	38000.000	81000.000	0.9412
225	Spectrogram 1	1	620.137330729	620.148664063	38000.000	81000.000	0.9412
226	Waveform 1	1	620.233997396	620.254664063	38000.000	81000.000	0.6774
226	Spectrogram 1	1	620.233997396	620.254664063	38000.000	81000.000	0.6774
227	Waveform 1	1	620.328664063	620.345997396	38000.000	81000.000	0.8077
227	Spectrogram 1	1	620.328664063	620.345997396	38000.000	81000.000	0.8077
228	Waveform 1	1	620.413330729	620.429997396	38000.000	81000.000	0.7600
228	Spectrogram 1	1	620.413330729	620.429997396	38000.000	81000.000	0.7600
229	Waveform 1	1	620.507997396	620.523330729	38000.000	81000.000	0.6522
229	Spectrogram 1	1	620.507997396	620.523330729	38000.000	81000.000	0.6522
230	Waveform 1	1	620.597997396	620.625330729	38000.000	81000.000	0.5610
230	Spectrogram 1	1	620.597997396	620.625330729	38000.000	81000.000	0.5610
231	Waveform 1	1	620.675330729	620.690664063	38000.000	81000.000	0.6087
231	Spectrogram 1	1	620.675330729	620.690664063	38000.000	81000.000	0.6087
232	Waveform 1	1	620.754664063	620.776664063	38000.000	81000.000	0.7879
232	Spectrogram 1	1	620.754664063	620.776664063	38000.000	81000.000	0.7879
233	Waveform 1	1	620.843997396	620.863330729	38000.000	81000.000	0.3448
233	Spectrogram 1	1	620.843997396	620.863330729	38000.000	81000.000	0.3448
234	Waveform 1	1	620.937330729	620.956664063	38000.000	81000.000	0.5862
234	Spectrogram 1	1	620.937330729	620.956664063	38000.000	81000.000	0.5862
235	Waveform 1	1	621.025997396	621.039330729	38000.000	81000.000	0.7500
235	Spectrogram 1	1	621.025997396	621.039330729	38000.000	81000.000	0.7500
236	Waveform 1	1	621.119997396	621.142664063	38000.000	81000.000	0.7059
236	Spectrogram 1	1	621.119997396	621.142664063	38000.000	81000.000	0.7059
237	Waveform 1	1	621.249997396	621.267997396	38000.000	81000.000	0.6667
237	Spectrogram 1	1	621.249997396	621.267997396	38000.000	81000.000	0.6667
238	Waveform 1	1	621.315330729	621.322664063	38000.000	81000.000	1.0000
238	Spectrogram 1	1	621.315330729	621.322664063	38000.000	81000.000	1.0000
239	Waveform 1	1	621.370664063	621.377997396	38000.000	81000.000	0.6364
239	Spectrogram 1	1	621.370664063	621.377997396	38000.000	81000.000	0.6364
240	Waveform 1	1	621.429997396	621.451330729	38000.000	81000.000	0.6250
240	Spectrogram 1	1	621.429997396	621.451330729	38000.000	81000.000	0.6250
241	Waveform 1	1	621.514664063	621.539997396	38000.000	81000.000	0.6842
241	Spectrogram 1	1	621.514664063	621.539997396	38000.000	81000.000	0.6842
242	Waveform 1	1	621.581997396	621.601330729	38000.000	81000.000	0.7931
242	Spectrogram 1	1	621.581997396	621.601330729	38000.000	81000.000	0.7931
243	Waveform 1	1	621.664664063	621.696664063	38000.000	81000.000	0.6250
243	Spectrogram 1	1	621.664664063	621.696664063	38000.000	81000.000	0.6250
244	Waveform 1	1	621.726664063	621.738664063	38000.000	81000.000	0.8333
244	Spectrogram 1	1	621.726664063	621.738664063	38000.000	81000.000	0.8333
245	Waveform 1	1	621.781997396	621.790664063	38000.000	81000.000	0.6154
245	Spectrogram 1	1	621.781997396	621.790664063	38000.000	81000.000	0.6154
246	Waveform 1	1	621.837330729	621.843330729	38000.000	81000.000	0.4444
246	Spectrogram 1	1	621.837330729	621.843330729	38000.000	81000.000	0.4444
247	Waveform 1	1	621.891330729	621.897997396	38000.000	81000.000	0.5000
247	Spectrogram 1	1	621.891330729	621.897997396	38000.000	81000.000	0.5000
248	Waveform 1	1	621.941997396	621.947997396	38000.000	81000.000	0.4444
248	Spectrogram 1	1	621.941997396	621.947997396	38000.000	81000.000	0.4444
249	Waveform 1	1	621.986664063	621.992664063	38000.000	81000.000	0.4444
249	Spectrogram 1	1	621.986664063	621.992664063	38000.000	81000.000	0.4444
250	Waveform 1	1	622.027997396	622.033997396	38000.000	81000.000	0.2222
250	Spectrogram 1	1	622.027997396	622.033997396	38000.000	81000.000	0.2222
251	Waveform 1	1	622.381330729	622.387330729	38000.000	81000.000	0.8889
251	Spectrogram 1	1	622.381330729	622.387330729	38000.000	81000.000	0.8889
252	Waveform 1	1	622.445330729	622.461330729	38000.000	81000.000	0.6250
252	Spectrogram 1	1	622.445330729	622.461330729	38000.000	81000.000	0.6250
253	Waveform 1	1	622.593997396	622.599330729	38000.000	81000.000	0.8750
253	Spectrogram 1	1	622.593997396	622.599330729	38000.000	81000.000	0.8750
254	Waveform 1	1	622.755330729	622.761330729	38000.000	81000.000	0.8889
254	Spectrogram 1	1	622.755330729	622.761330729	38000.000	81000.000	0.8889
255	Waveform 1	1	622.840664063	622.845997396	38000.000	81000.000	0.8750
255	Spectrogram 1	1	622.840664063	622.845997396	38000.000	81000.000	0.8750
256	Waveform 1	1	622.925330729	622.932664063	38000.000	81000.000	0.7273
256	Spectrogram 1	1	622.925330729	622.932664063	38000.000	81000.000	0.7273
257	Waveform 1	1	623.011997396	623.021330729	38000.000	81000.000	0.5000
257	Spectrogram 1	1	623.011997396	623.021330729	38000.000	81000.000	0.5000
258	Waveform 1	1	623.095330729	623.110664063	38000.000	81000.000	0.6087
258	Spectrogram 1	1	623.095330729	623.110664063	38000.000	81000.000	0.6087
259	Waveform 1	1	623.185997396	623.197330729	38000.000	81000.000	0.8235
259	Spectrogram 1	1	623.185997396	623.197330729	38000.000	81000.000	0.8235
260	Waveform 1	1	623.276664063	623.289997396	38000.000	81000.000	0.5500
260	Spectrogram 1	1	623.276664063	623.289997396	38000.000	81000.000	0.5500
261	Waveform 1	1	623.365997396	623.383997396	38000.000	81000.000	0.8148
261	Spectrogram 1	1	623.365997396	623.383997396	38000.000	81000.000	0.8148
262	Waveform 1	1	623.449997396	623.467997396	38000.000	81000.000	0.7778
262	Spectrogram 1	1	623.449997396	623.467997396	38000.000	81000.000	0.7778
263	Waveform 1	1	623.539330729	623.560664062	38000.000	81000.000	0.6250
263	Spectrogram 1	1	623.539330729	623.560664062	38000.000	81000.000	0.6250
264	Waveform 1	1	623.633330729	623.651997396	38000.000	81000.000	0.6429
264	Spectrogram 1	1	623.633330729	623.651997396	38000.000	81000.000	0.6429
265	Waveform 1	1	623.721330729	623.735330729	38000.000	81000.000	0.8571
265	Spectrogram 1	1	623.721330729	623.735330729	38000.000	81000.000	0.8571
266	Waveform 1	1	623.820664063	623.842664063	38000.000	81000.000	0.6364
266	Spectrogram 1	1	623.820664063	623.842664063	38000.000	81000.000	0.6364
267	Waveform 1	1	623.913997396	623.927330729	38000.000	81000.000	0.7500
267	Spectrogram 1	1	623.913997396	623.927330729	38000.000	81000.000	0.7500
268	Waveform 1	1	624.003997396	624.016664063	38000.000	81000.000	0.7368
268	Spectrogram 1	1	624.003997396	624.016664063	38000.000	81000.000	0.7368
269	Waveform 1	1	624.093330729	624.100664063	38000.000	81000.000	0.9091
269	Spectrogram 1	1	624.093330729	624.100664063	38000.000	81000.000	0.9091
270	Waveform 1	1	624.207997396	624.227997396	38000.000	81000.000	0.6000
270	Spectrogram 1	1	624.207997396	624.227997396	38000.000	81000.000	0.6000
271	Waveform 1	1	624.295330729	624.307997396	38000.000	81000.000	0.6316
271	Spectrogram 1	1	624.295330729	624.307997396	38000.000	81000.000	0.6316
272	Waveform 1	1	624.385330729	624.401330729	38000.000	81000.000	0.7083
272	Spectrogram 1	1	624.385330729	624.401330729	38000.000	81000.000	0.7083
273	Waveform 1	1	624.455330729	624.468664063	38000.000	81000.000	0.9000
273	Spectrogram 1	1	624.455330729	624.468664063	38000.000	81000.000	0.9000
274	Waveform 1	1	624.511997396	624.525330729	38000.000	81000.000	0.8500
274	Spectrogram 1	1	624.511997396	624.525330729	38000.000	81000.000	0.8500
275	Waveform 1	1	624.595997396	624.608664062	38000.000	81000.000	0.7895
275	Spectrogram 1	1	624.595997396	624.608664062	38000.000	81000.000	0.7895
276	Waveform 1	1	624.774664063	624.787330729	38000.000	81000.000	0.7895
276	Spectrogram 1	1	624.774664063	624.787330729	38000.000	81000.000	0.7895
277	Waveform 1	1	624.865330729	624.867330729	38000.000	81000.000	1.0000
277	Spectrogram 1	1	624.865330729	624.867330729	38000.000	81000.000	1.0000
278	Waveform 1	1	624.951997396	624.953330729	38000.000	81000.000	1.0000
278	Spectrogram 1	1	624.951997396	624.953330729	38000.000	81000.000	1.0000
279	Waveform 1	1	625.041330729	625.050664063	38000.000	81000.000	0.7857
279	Spectrogram 1	1	625.041330729	625.050664063	38000.000	81000.000	0.7857
280	Waveform 1	1	625.229997396	625.236664063	38000.000	81000.000	0.7000
280	Spectrogram 1	1	625.229997396	625.236664063	38000.000	81000.000	0.7000
281	Waveform 1	1	625.414664063	625.419997396	38000.000	81000.000	0.6250
281	Spectrogram 1	1	625.414664063	625.419997396	38000.000	81000.000	0.6250
282	Waveform 1	1	629.389330729	629.390664063	38000.000	81000.000	1.0000
282	Spectrogram 1	1	629.389330729	629.390664063	38000.000	81000.000	1.0000
283	Waveform 1	1	629.576664063	629.579997396	38000.000	81000.000	0.8000
283	Spectrogram 1	1	629.576664063	629.579997396	38000.000	81000.000	0.8000
284	Waveform 1	1	629.670664063	629.673330729	38000.000	81000.000	0.7500
284	Spectrogram 1	1	629.670664063	629.673330729	38000.000	81000.000	0.7500
285	Waveform 1	1	629.754664063	629.763997396	38000.000	81000.000	0.5714
285	Spectrogram 1	1	629.754664063	629.763997396	38000.000	81000.000	0.5714
286	Waveform 1	1	629.838664063	629.845330729	38000.000	81000.000	1.0000
286	Spectrogram 1	1	629.838664063	629.845330729	38000.000	81000.000	1.0000
287	Waveform 1	1	629.923997396	629.931997396	38000.000	81000.000	0.3333
287	Spectrogram 1	1	629.923997396	629.931997396	38000.000	81000.000	0.3333
288	Waveform 1	1	629.999330729	630.010664063	38000.000	81000.000	0.6471
288	Spectrogram 1	1	629.999330729	630.010664063	38000.000	81000.000	0.6471
289	Waveform 1	1	630.078664063	630.087330729	38000.000	81000.000	0.9231
289	Spectrogram 1	1	630.078664063	630.087330729	38000.000	81000.000	0.9231
290	Waveform 1	1	630.161997396	630.179997396	38000.000	81000.000	0.8519
290	Spectrogram 1	1	630.161997396	630.179997396	38000.000	81000.000	0.8519
291	Waveform 1	1	630.254664063	630.274664063	38000.000	81000.000	0.7333
291	Spectrogram 1	1	630.254664063	630.274664063	38000.000	81000.000	0.7333
292	Waveform 1	1	630.336664063	630.347330729	38000.000	81000.000	0.7500
292	Spectrogram 1	1	630.336664063	630.347330729	38000.000	81000.000	0.7500
293	Waveform 1	1	630.423997396	630.440664063	38000.000	81000.000	0.7600
293	Spectrogram 1	1	630.423997396	630.440664063	38000.000	81000.000	0.7600
294	Waveform 1	1	630.489997396	630.507330729	38000.000	81000.000	0.9231
294	Spectrogram 1	1	630.489997396	630.507330729	38000.000	81000.000	0.9231
295	Waveform 1	1	630.549330729	630.564664063	38000.000	81000.000	0.9130
295	Spectrogram 1	1	630.549330729	630.564664063	38000.000	81000.000	0.9130
296	Waveform 1	1	630.613997396	630.627997396	38000.000	81000.000	1.0000
296	Spectrogram 1	1	630.613997396	630.627997396	38000.000	81000.000	1.0000
297	Waveform 1	1	630.675997396	630.693330729	38000.000	81000.000	0.7692
297	Spectrogram 1	1	630.675997396	630.693330729	38000.000	81000.000	0.7692
298	Waveform 1	1	630.735330729	630.750664063	38000.000	81000.000	0.8261
298	Spectrogram 1	1	630.735330729	630.750664063	38000.000	81000.000	0.8261
299	Waveform 1	1	630.798664063	630.811997396	38000.000	81000.000	0.9000
299	Spectrogram 1	1	630.798664063	630.811997396	38000.000	81000.000	0.9000
300	Waveform 1	1	630.865330729	630.875997396	38000.000	81000.000	0.8125
300	Spectrogram 1	1	630.865330729	630.875997396	38000.000	81000.000	0.8125
301	Waveform 1	1	630.932664063	630.939330729	38000.000	81000.000	0.7000
301	Spectrogram 1	1	630.932664063	630.939330729	38000.000	81000.000	0.7000
302	Waveform 1	1	631.059997396	631.061330729	38000.000	81000.000	1.0000
302	Spectrogram 1	1	631.059997396	631.061330729	38000.000	81000.000	1.0000
303	Waveform 1	1	631.875997396	631.877330729	38000.000	81000.000	1.0000
303	Spectrogram 1	1	631.875997396	631.877330729	38000.000	81000.000	1.0000
304	Waveform 1	1	632.035330729	632.037997396	38000.000	81000.000	1.0000
304	Spectrogram 1	1	632.035330729	632.037997396	38000.000	81000.000	1.0000
305	Waveform 1	1	632.117330729	632.121330729	38000.000	81000.000	0.8333
305	Spectrogram 1	1	632.117330729	632.121330729	38000.000	81000.000	0.8333
306	Waveform 1	1	632.201330729	632.207330729	38000.000	81000.000	0.4444
306	Spectrogram 1	1	632.201330729	632.207330729	38000.000	81000.000	0.4444
307	Waveform 1	1	632.284664063	632.287330729	38000.000	81000.000	0.7500
307	Spectrogram 1	1	632.284664063	632.287330729	38000.000	81000.000	0.7500
308	Waveform 1	1	632.373997396	632.387330729	38000.000	81000.000	0.4500
308	Spectrogram 1	1	632.373997396	632.387330729	38000.000	81000.000	0.4500
309	Waveform 1	1	632.458664063	632.462664063	38000.000	81000.000	0.6667
309	Spectrogram 1	1	632.458664063	632.462664063	38000.000	81000.000	0.6667
310	Waveform 1	1	632.546664063	632.559330729	38000.000	81000.000	0.5789
310	Spectrogram 1	1	632.546664063	632.559330729	38000.000	81000.000	0.5789
311	Waveform 1	1	632.631330729	632.636664063	38000.000	81000.000	0.6250
311	Spectrogram 1	1	632.631330729	632.636664063	38000.000	81000.000	0.6250
312	Waveform 1	1	632.717997396	632.730664063	38000.000	81000.000	0.6842
312	Spectrogram 1	1	632.717997396	632.730664063	38000.000	81000.000	0.6842
313	Waveform 1	1	632.801330729	632.805330729	38000.000	81000.000	0.8333
313	Spectrogram 1	1	632.801330729	632.805330729	38000.000	81000.000	0.8333
314	Waveform 1	1	632.885330729	632.889997396	38000.000	81000.000	0.8571
314	Spectrogram 1	1	632.885330729	632.889997396	38000.000	81000.000	0.8571
315	Waveform 1	1	632.974664063	632.975997396	38000.000	81000.000	1.0000
315	Spectrogram 1	1	632.974664063	632.975997396	38000.000	81000.000	1.0000
316	Waveform 1	1	633.053330729	633.060664062	38000.000	81000.000	0.7273
316	Spectrogram 1	1	633.053330729	633.060664062	38000.000	81000.000	0.7273
317	Waveform 1	1	633.397997396	633.399330729	38000.000	81000.000	1.0000
317	Spectrogram 1	1	633.397997396	633.399330729	38000.000	81000.000	1.0000
318	Waveform 1	1	634.550664063	634.551997396	38000.000	81000.000	1.0000
318	Spectrogram 1	1	634.550664063	634.551997396	38000.000	81000.000	1.0000
319	Waveform 1	1	634.667997396	634.671330729	38000.000	81000.000	0.8000
319	Spectrogram 1	1	634.667997396	634.671330729	38000.000	81000.000	0.8000
320	Waveform 1	1	634.804664063	634.808664063	38000.000	81000.000	1.0000
320	Spectrogram 1	1	634.804664063	634.808664063	38000.000	81000.000	1.0000
321	Waveform 1	1	634.869330729	634.872664063	38000.000	81000.000	0.8000
321	Spectrogram 1	1	634.869330729	634.872664063	38000.000	81000.000	0.8000
322	Waveform 1	1	634.923330729	634.926664063	38000.000	81000.000	1.0000
322	Spectrogram 1	1	634.923330729	634.926664063	38000.000	81000.000	1.0000
323	Waveform 1	1	636.266664063	636.269330729	38000.000	81000.000	1.0000
323	Spectrogram 1	1	636.266664063	636.269330729	38000.000	81000.000	1.0000
324	Waveform 1	1	636.361997396	636.365330729	38000.000	81000.000	1.0000
324	Spectrogram 1	1	636.361997396	636.365330729	38000.000	81000.000	1.0000
325	Waveform 1	1	636.443330729	636.447997396	38000.000	81000.000	0.8571
325	Spectrogram 1	1	636.443330729	636.447997396	38000.000	81000.000	0.8571
326	Waveform 1	1	636.521330729	636.528664063	38000.000	81000.000	0.9091
326	Spectrogram 1	1	636.521330729	636.528664063	38000.000	81000.000	0.9091
327	Waveform 1	1	636.605997396	636.613330729	38000.000	81000.000	0.6364
327	Spectrogram 1	1	636.605997396	636.613330729	38000.000	81000.000	0.6364
328	Waveform 1	1	636.694664063	636.701330729	38000.000	81000.000	0.8000
328	Spectrogram 1	1	636.694664063	636.701330729	38000.000	81000.000	0.8000
329	Waveform 1	1	636.778664063	636.787997396	38000.000	81000.000	0.8571
329	Spectrogram 1	1	636.778664063	636.787997396	38000.000	81000.000	0.8571
330	Waveform 1	1	636.861997396	636.873997396	38000.000	81000.000	0.7778
330	Spectrogram 1	1	636.861997396	636.873997396	38000.000	81000.000	0.7778
331	Waveform 1	1	636.947997396	636.959330729	38000.000	81000.000	0.8235
331	Spectrogram 1	1	636.947997396	636.959330729	38000.000	81000.000	0.8235
332	Waveform 1	1	637.035330729	637.052664063	38000.000	81000.000	0.7308
332	Spectrogram 1	1	637.035330729	637.052664063	38000.000	81000.000	0.7308
333	Waveform 1	1	637.120664063	637.142664063	38000.000	81000.000	0.5758
333	Spectrogram 1	1	637.120664063	637.142664063	38000.000	81000.000	0.5758
334	Waveform 1	1	637.209997396	637.227997396	38000.000	81000.000	0.5556
334	Spectrogram 1	1	637.209997396	637.227997396	38000.000	81000.000	0.5556
335	Waveform 1	1	637.301997396	637.321330729	38000.000	81000.000	0.7931
335	Spectrogram 1	1	637.301997396	637.321330729	38000.000	81000.000	0.7931
336	Waveform 1	1	637.432664063	637.450664063	38000.000	81000.000	0.4074
336	Spectrogram 1	1	637.432664063	637.450664063	38000.000	81000.000	0.4074
337	Waveform 1	1	637.512664062	637.536664062	38000.000	81000.000	0.4444
337	Spectrogram 1	1	637.512664062	637.536664062	38000.000	81000.000	0.4444
338	Waveform 1	1	637.605330729	637.610664063	38000.000	81000.000	0.8750
338	Spectrogram 1	1	637.605330729	637.610664063	38000.000	81000.000	0.8750
339	Waveform 1	1	637.689997396	637.710664063	38000.000	81000.000	0.7097
339	Spectrogram 1	1	637.689997396	637.710664063	38000.000	81000.000	0.7097
340	Waveform 1	1	637.779997396	637.796664063	38000.000	81000.000	0.8000
340	Spectrogram 1	1	637.779997396	637.796664063	38000.000	81000.000	0.8000
341	Waveform 1	1	637.858664062	637.869330729	38000.000	81000.000	0.3750
341	Spectrogram 1	1	637.858664062	637.869330729	38000.000	81000.000	0.3750
342	Waveform 1	1	637.937997396	637.959330729	38000.000	81000.000	0.7500
342	Spectrogram 1	1	637.937997396	637.959330729	38000.000	81000.000	0.7500
343	Waveform 1	1	638.027330729	638.034664063	38000.000	81000.000	0.6364
343	Spectrogram 1	1	638.027330729	638.034664063	38000.000	81000.000	0.6364
344	Waveform 1	1	638.117997396	638.131330729	38000.000	81000.000	0.8000
344	Spectrogram 1	1	638.117997396	638.131330729	38000.000	81000.000	0.8000
345	Waveform 1	1	638.210664063	638.216664063	38000.000	81000.000	0.5556
345	Spectrogram 1	1	638.210664063	638.216664063	38000.000	81000.000	0.5556
346	Waveform 1	1	638.298664063	638.312664063	38000.000	81000.000	0.8571
346	Spectrogram 1	1	638.298664063	638.312664063	38000.000	81000.000	0.8571
347	Waveform 1	1	638.483997396	638.497330729	38000.000	81000.000	0.6000
347	Spectrogram 1	1	638.483997396	638.497330729	38000.000	81000.000	0.6000
348	Waveform 1	1	638.623330729	638.624664063	38000.000	81000.000	1.0000
348	Spectrogram 1	1	638.623330729	638.624664063	38000.000	81000.000	1.0000
349	Waveform 1	1	638.701330729	638.707997396	38000.000	81000.000	0.9000
349	Spectrogram 1	1	638.701330729	638.707997396	38000.000	81000.000	0.9000
350	Waveform 1	1	638.784664063	638.791330729	38000.000	81000.000	0.3000
350	Spectrogram 1	1	638.784664063	638.791330729	38000.000	81000.000	0.3000
351	Waveform 1	1	639.921330729	639.923330729	38000.000	81000.000	0.6667
351	Spectrogram 1	1	639.921330729	639.923330729	38000.000	81000.000	0.6667
352	Waveform 1	1	640.004664063	640.011330729	38000.000	81000.000	0.9000
352	Spectrogram 1	1	640.004664063	640.011330729	38000.000	81000.000	0.9000
353	Waveform 1	1	640.087997396	640.095330729	38000.000	81000.000	0.7273
353	Spectrogram 1	1	640.087997396	640.095330729	38000.000	81000.000	0.7273
354	Waveform 1	1	640.173997396	640.179330729	38000.000	81000.000	1.0000
354	Spectrogram 1	1	640.173997396	640.179330729	38000.000	81000.000	1.0000
355	Waveform 1	1	640.240664063	640.242664063	38000.000	81000.000	0.6667
355	Spectrogram 1	1	640.240664063	640.242664063	38000.000	81000.000	0.6667
356	Waveform 1	1	641.567330729	641.568664063	38000.000	81000.000	1.0000
356	Spectrogram 1	1	641.567330729	641.568664063	38000.000	81000.000	1.0000
357	Waveform 1	1	641.684664063	641.685997396	38000.000	81000.000	1.0000
357	Spectrogram 1	1	641.684664063	641.685997396	38000.000	81000.000	1.0000
358	Waveform 1	1	643.315997396	643.320664063	38000.000	81000.000	0.8571
358	Spectrogram 1	1	643.315997396	643.320664063	38000.000	81000.000	0.8571
359	Waveform 1	1	643.385330729	643.387997396	38000.000	81000.000	0.7500
359	Spectrogram 1	1	643.385330729	643.387997396	38000.000	81000.000	0.7500
360	Waveform 1	1	643.457330729	643.459330729	38000.000	81000.000	0.6667
360	Spectrogram 1	1	643.457330729	643.459330729	38000.000	81000.000	0.6667
361	Waveform 1	1	643.535330729	643.541330729	38000.000	81000.000	0.6667
361	Spectrogram 1	1	643.535330729	643.541330729	38000.000	81000.000	0.6667
362	Waveform 1	1	643.611997396	643.617330729	38000.000	81000.000	1.0000
362	Spectrogram 1	1	643.611997396	643.617330729	38000.000	81000.000	1.0000
363	Waveform 1	1	643.662664063	643.665330729	38000.000	81000.000	0.7500
363	Spectrogram 1	1	643.662664063	643.665330729	38000.000	81000.000	0.7500
364	Waveform 1	1	643.732664063	643.738664063	38000.000	81000.000	0.8889
364	Spectrogram 1	1	643.732664063	643.738664063	38000.000	81000.000	0.8889
365	Waveform 1	1	643.792664063	643.797997396	38000.000	81000.000	0.5000
365	Spectrogram 1	1	643.792664063	643.797997396	38000.000	81000.000	0.5000
366	Waveform 1	1	643.861997396	643.871330729	38000.000	81000.000	0.7143
366	Spectrogram 1	1	643.861997396	643.871330729	38000.000	81000.000	0.7143
367	Waveform 1	1	643.931997396	643.938664063	38000.000	81000.000	0.6000
367	Spectrogram 1	1	643.931997396	643.938664063	38000.000	81000.000	0.6000
368	Waveform 1	1	643.984664063	643.997997396	38000.000	81000.000	0.7500
368	Spectrogram 1	1	643.984664063	643.997997396	38000.000	81000.000	0.7500
369	Waveform 1	1	644.059330729	644.074664063	38000.000	81000.000	0.6957
369	Spectrogram 1	1	644.059330729	644.074664063	38000.000	81000.000	0.6957
370	Waveform 1	1	644.141330729	644.156664062	38000.000	81000.000	0.7826
370	Spectrogram 1	1	644.141330729	644.156664062	38000.000	81000.000	0.7826
371	Waveform 1	1	644.227330729	644.247997396	38000.000	81000.000	0.6774
371	Spectrogram 1	1	644.227330729	644.247997396	38000.000	81000.000	0.6774
372	Waveform 1	1	644.310664062	644.323330729	38000.000	81000.000	0.7895
372	Spectrogram 1	1	644.310664062	644.323330729	38000.000	81000.000	0.7895
373	Waveform 1	1	644.397997396	644.413330729	38000.000	81000.000	0.8696
373	Spectrogram 1	1	644.397997396	644.413330729	38000.000	81000.000	0.8696
374	Waveform 1	1	644.483330729	644.495997396	38000.000	81000.000	0.7895
374	Spectrogram 1	1	644.483330729	644.495997396	38000.000	81000.000	0.7895
375	Waveform 1	1	644.573997396	644.601330729	38000.000	81000.000	0.4390
375	Spectrogram 1	1	644.573997396	644.601330729	38000.000	81000.000	0.4390
376	Waveform 1	1	644.707997396	644.723997396	38000.000	81000.000	0.5417
376	Spectrogram 1	1	644.707997396	644.723997396	38000.000	81000.000	0.5417
377	Waveform 1	1	644.781330729	644.806664063	38000.000	81000.000	0.6579
377	Spectrogram 1	1	644.781330729	644.806664063	38000.000	81000.000	0.6579
378	Waveform 1	1	644.869330729	644.877997396	38000.000	81000.000	0.8462
378	Spectrogram 1	1	644.869330729	644.877997396	38000.000	81000.000	0.8462
379	Waveform 1	1	644.927997396	644.933997396	38000.000	81000.000	0.7778
379	Spectrogram 1	1	644.927997396	644.933997396	38000.000	81000.000	0.7778
380	Waveform 1	1	644.979997396	644.989330729	38000.000	81000.000	0.6429
380	Spectrogram 1	1	644.979997396	644.989330729	38000.000	81000.000	0.6429
381	Waveform 1	1	645.045997396	645.061330729	38000.000	81000.000	0.8261
381	Spectrogram 1	1	645.045997396	645.061330729	38000.000	81000.000	0.8261
382	Waveform 1	1	645.133330729	645.153330729	38000.000	81000.000	0.5000
382	Spectrogram 1	1	645.133330729	645.153330729	38000.000	81000.000	0.5000
383	Waveform 1	1	645.219330729	645.239330729	38000.000	81000.000	0.5667
383	Spectrogram 1	1	645.219330729	645.239330729	38000.000	81000.000	0.5667
384	Waveform 1	1	645.315330729	645.342664063	38000.000	81000.000	0.5610
384	Spectrogram 1	1	645.315330729	645.342664063	38000.000	81000.000	0.5610
385	Waveform 1	1	645.399330729	645.427997396	38000.000	81000.000	0.6047
385	Spectrogram 1	1	645.399330729	645.427997396	38000.000	81000.000	0.6047
386	Waveform 1	1	645.464664063	645.487330729	38000.000	81000.000	0.7059
386	Spectrogram 1	1	645.464664063	645.487330729	38000.000	81000.000	0.7059
387	Waveform 1	1	645.526664063	645.550664063	38000.000	81000.000	0.7778
387	Spectrogram 1	1	645.526664063	645.550664063	38000.000	81000.000	0.7778
388	Waveform 1	1	645.592664063	645.609330729	38000.000	81000.000	0.8000
388	Spectrogram 1	1	645.592664063	645.609330729	38000.000	81000.000	0.8000
389	Waveform 1	1	645.667330729	645.688664063	38000.000	81000.000	0.6875
389	Spectrogram 1	1	645.667330729	645.688664063	38000.000	81000.000	0.6875
390	Waveform 1	1	645.744664063	645.759997396	38000.000	81000.000	0.6957
390	Spectrogram 1	1	645.744664063	645.759997396	38000.000	81000.000	0.6957
391	Waveform 1	1	645.817997396	645.835330729	38000.000	81000.000	0.6154
391	Spectrogram 1	1	645.817997396	645.835330729	38000.000	81000.000	0.6154
392	Waveform 1	1	645.883330729	645.896664063	38000.000	81000.000	0.6500
392	Spectrogram 1	1	645.883330729	645.896664063	38000.000	81000.000	0.6500
393	Waveform 1	1	645.927997396	645.935330729	38000.000	81000.000	0.7273
393	Spectrogram 1	1	645.927997396	645.935330729	38000.000	81000.000	0.7273
394	Waveform 1	1	645.966664063	645.972664063	38000.000	81000.000	0.4444
394	Spectrogram 1	1	645.966664063	645.972664063	38000.000	81000.000	0.4444
395	Waveform 1	1	645.998664063	646.003997396	38000.000	81000.000	0.3750
395	Spectrogram 1	1	645.998664063	646.003997396	38000.000	81000.000	0.3750
396	Waveform 1	1	646.037330729	646.043330729	38000.000	81000.000	0.2222
396	Spectrogram 1	1	646.037330729	646.043330729	38000.000	81000.000	0.2222
397	Waveform 1	1	646.133330729	646.139330729	38000.000	81000.000	0.4444
397	Spectrogram 1	1	646.133330729	646.139330729	38000.000	81000.000	0.4444
398	Waveform 1	1	646.705330729	646.706664063	38000.000	81000.000	1.0000
398	Spectrogram 1	1	646.705330729	646.706664063	38000.000	81000.000	1.0000
399	Waveform 1	1	646.810664062	646.813997396	38000.000	81000.000	0.8000
399	Spectrogram 1	1	646.810664062	646.813997396	38000.000	81000.000	0.8000
400	Waveform 1	1	647.025997396	647.027997396	38000.000	81000.000	0.6667
400	Spectrogram 1	1	647.025997396	647.027997396	38000.000	81000.000	0.6667
401	Waveform 1	1	647.119997396	647.123997396	38000.000	81000.000	0.6667
401	Spectrogram 1	1	647.119997396	647.123997396	38000.000	81000.000	0.6667
402	Waveform 1	1	647.205997396	647.208664063	38000.000	81000.000	1.0000
402	Spectrogram 1	1	647.205997396	647.208664063	38000.000	81000.000	1.0000
403	Waveform 1	1	647.289997396	647.291997396	38000.000	81000.000	1.0000
403	Spectrogram 1	1	647.289997396	647.291997396	38000.000	81000.000	1.0000
404	Waveform 1	1	647.379997396	647.384664063	38000.000	81000.000	0.7143
404	Spectrogram 1	1	647.379997396	647.384664063	38000.000	81000.000	0.7143
405	Waveform 1	1	647.633997396	647.639997396	38000.000	81000.000	0.8889
405	Spectrogram 1	1	647.633997396	647.639997396	38000.000	81000.000	0.8889
406	Waveform 1	1	647.731997396	647.733997396	38000.000	81000.000	0.6667
406	Spectrogram 1	1	647.731997396	647.733997396	38000.000	81000.000	0.6667
407	Waveform 1	1	647.827330729	647.837997396	38000.000	81000.000	0.4375
407	Spectrogram 1	1	647.827330729	647.837997396	38000.000	81000.000	0.4375
408	Waveform 1	1	647.901330729	647.905997396	38000.000	81000.000	0.4286
408	Spectrogram 1	1	647.901330729	647.905997396	38000.000	81000.000	0.4286
409	Waveform 1	1	647.975997396	647.979330729	38000.000	81000.000	0.6000
409	Spectrogram 1	1	647.975997396	647.979330729	38000.000	81000.000	0.6000
410	Waveform 1	1	649.189330729	649.193330729	38000.000	81000.000	0.8333
410	Spectrogram 1	1	649.189330729	649.193330729	38000.000	81000.000	0.8333
411	Waveform 1	1	649.317997396	649.323330729	38000.000	81000.000	0.8750
411	Spectrogram 1	1	649.317997396	649.323330729	38000.000	81000.000	0.8750
412	Waveform 1	1	649.402664063	649.409330729	38000.000	81000.000	0.8000
412	Spectrogram 1	1	649.402664063	649.409330729	38000.000	81000.000	0.8000
413	Waveform 1	1	649.489997396	649.501330729	38000.000	81000.000	0.5294
413	Spectrogram 1	1	649.489997396	649.501330729	38000.000	81000.000	0.5294
414	Waveform 1	1	649.572664063	649.585997396	38000.000	81000.000	0.6500
414	Spectrogram 1	1	649.572664063	649.585997396	38000.000	81000.000	0.6500
415	Waveform 1	1	649.659997396	649.671997396	38000.000	81000.000	0.7778
415	Spectrogram 1	1	649.659997396	649.671997396	38000.000	81000.000	0.7778
416	Waveform 1	1	649.747330729	649.764664063	38000.000	81000.000	0.6538
416	Spectrogram 1	1	649.747330729	649.764664063	38000.000	81000.000	0.6538
417	Waveform 1	1	649.835997396	649.854664063	38000.000	81000.000	0.7500
417	Spectrogram 1	1	649.835997396	649.854664063	38000.000	81000.000	0.7500
418	Waveform 1	1	649.922664063	649.941330729	38000.000	81000.000	0.6786
418	Spectrogram 1	1	649.922664063	649.941330729	38000.000	81000.000	0.6786
419	Waveform 1	1	650.019997396	650.033997396	38000.000	81000.000	0.8571
419	Spectrogram 1	1	650.019997396	650.033997396	38000.000	81000.000	0.8571
420	Waveform 1	1	650.149997396	650.167330729	38000.000	81000.000	0.6923
420	Spectrogram 1	1	650.149997396	650.167330729	38000.000	81000.000	0.6923
421	Waveform 1	1	650.252664063	650.279330729	38000.000	81000.000	0.5750
421	Spectrogram 1	1	650.252664063	650.279330729	38000.000	81000.000	0.5750
422	Waveform 1	1	650.346664063	650.370664063	38000.000	81000.000	0.7222
422	Spectrogram 1	1	650.346664063	650.370664063	38000.000	81000.000	0.7222
423	Waveform 1	1	650.440664063	650.458664063	38000.000	81000.000	0.6667
423	Spectrogram 1	1	650.440664063	650.458664063	38000.000	81000.000	0.6667
424	Waveform 1	1	650.535330729	650.557330729	38000.000	81000.000	0.7576
424	Spectrogram 1	1	650.535330729	650.557330729	38000.000	81000.000	0.7576
425	Waveform 1	1	650.627997396	650.641330729	38000.000	81000.000	0.6500
425	Spectrogram 1	1	650.627997396	650.641330729	38000.000	81000.000	0.6500
426	Waveform 1	1	650.719997396	650.735330729	38000.000	81000.000	0.8261
426	Spectrogram 1	1	650.719997396	650.735330729	38000.000	81000.000	0.8261
427	Waveform 1	1	650.813330729	650.831330729	38000.000	81000.000	0.8889
427	Spectrogram 1	1	650.813330729	650.831330729	38000.000	81000.000	0.8889
428	Waveform 1	1	650.907330729	650.911330729	38000.000	81000.000	0.8333
428	Spectrogram 1	1	650.907330729	650.911330729	38000.000	81000.000	0.8333
429	Waveform 1	1	651.049330729	651.065330729	38000.000	81000.000	0.7083
429	Spectrogram 1	1	651.049330729	651.065330729	38000.000	81000.000	0.7083
430	Waveform 1	1	651.141330729	651.147330729	38000.000	81000.000	0.3333
430	Spectrogram 1	1	651.141330729	651.147330729	38000.000	81000.000	0.3333
431	Waveform 1	1	651.239330729	651.255330729	38000.000	81000.000	0.6667
431	Spectrogram 1	1	651.239330729	651.255330729	38000.000	81000.000	0.6667
432	Waveform 1	1	651.336664063	651.339997396	38000.000	81000.000	0.8000
432	Spectrogram 1	1	651.336664063	651.339997396	38000.000	81000.000	0.8000
433	Waveform 1	1	651.428664063	651.437330729	38000.000	81000.000	0.6154
433	Spectrogram 1	1	651.428664063	651.437330729	38000.000	81000.000	0.6154
434	Waveform 1	1	651.523330729	651.525997396	38000.000	81000.000	0.7500
434	Spectrogram 1	1	651.523330729	651.525997396	38000.000	81000.000	0.7500
435	Waveform 1	1	651.612664063	651.619330729	38000.000	81000.000	0.6000
435	Spectrogram 1	1	651.612664063	651.619330729	38000.000	81000.000	0.6000
436	Waveform 1	1	651.705330729	651.707997396	38000.000	81000.000	0.7500
436	Spectrogram 1	1	651.705330729	651.707997396	38000.000	81000.000	0.7500
437	Waveform 1	1	651.793997396	651.802664063	38000.000	81000.000	0.5385
437	Spectrogram 1	1	651.793997396	651.802664063	38000.000	81000.000	0.5385
438	Waveform 1	1	652.012664062	652.017330729	38000.000	81000.000	0.8571
438	Spectrogram 1	1	652.012664062	652.017330729	38000.000	81000.000	0.8571
439	Waveform 1	1	652.193997396	652.195330729	38000.000	81000.000	1.0000
439	Spectrogram 1	1	652.193997396	652.195330729	38000.000	81000.000	1.0000
440	Waveform 1	1	655.183997396	655.186664063	38000.000	81000.000	0.7500
440	Spectrogram 1	1	655.183997396	655.186664063	38000.000	81000.000	0.7500
441	Waveform 1	1	655.343330729	655.349997396	38000.000	81000.000	0.8000
441	Spectrogram 1	1	655.343330729	655.349997396	38000.000	81000.000	0.8000
442	Waveform 1	1	655.438664063	655.445330729	38000.000	81000.000	0.8000
442	Spectrogram 1	1	655.438664063	655.445330729	38000.000	81000.000	0.8000
443	Waveform 1	1	655.529997396	655.537330729	38000.000	81000.000	0.8182
443	Spectrogram 1	1	655.529997396	655.537330729	38000.000	81000.000	0.8182
444	Waveform 1	1	655.607997396	655.617330729	38000.000	81000.000	0.8571
444	Spectrogram 1	1	655.607997396	655.617330729	38000.000	81000.000	0.8571
445	Waveform 1	1	655.673330729	655.683330729	38000.000	81000.000	0.8000
445	Spectrogram 1	1	655.673330729	655.683330729	38000.000	81000.000	0.8000
446	Waveform 1	1	655.760664063	655.771330729	38000.000	81000.000	0.7500
446	Spectrogram 1	1	655.760664063	655.771330729	38000.000	81000.000	0.7500
447	Waveform 1	1	655.841330729	655.852664063	38000.000	81000.000	0.8824
447	Spectrogram 1	1	655.841330729	655.852664063	38000.000	81000.000	0.8824
448	Waveform 1	1	655.933330729	655.948664063	38000.000	81000.000	0.6957
448	Spectrogram 1	1	655.933330729	655.948664063	38000.000	81000.000	0.6957
449	Waveform 1	1	656.007330729	656.017997396	38000.000	81000.000	0.8125
449	Spectrogram 1	1	656.007330729	656.017997396	38000.000	81000.000	0.8125
450	Waveform 1	1	656.078664063	656.093330729	38000.000	81000.000	0.9091
450	Spectrogram 1	1	656.078664063	656.093330729	38000.000	81000.000	0.9091
451	Waveform 1	1	656.158664063	656.178664063	38000.000	81000.000	0.7667
451	Spectrogram 1	1	656.158664063	656.178664063	38000.000	81000.000	0.7667
452	Waveform 1	1	656.234664063	656.249330729	38000.000	81000.000	0.7273
452	Spectrogram 1	1	656.234664063	656.249330729	38000.000	81000.000	0.7273
453	Waveform 1	1	656.308664063	656.329330729	38000.000	81000.000	0.6774
453	Spectrogram 1	1	656.308664063	656.329330729	38000.000	81000.000	0.6774
454	Waveform 1	1	656.392664063	656.407330729	38000.000	81000.000	0.7727
454	Spectrogram 1	1	656.392664063	656.407330729	38000.000	81000.000	0.7727
455	Waveform 1	1	656.453997396	656.471330729	38000.000	81000.000	0.8462
455	Spectrogram 1	1	656.453997396	656.471330729	38000.000	81000.000	0.8462
456	Waveform 1	1	656.513997396	656.526664063	38000.000	81000.000	1.0000
456	Spectrogram 1	1	656.513997396	656.526664063	38000.000	81000.000	1.0000
457	Waveform 1	1	656.583330729	656.602664063	38000.000	81000.000	0.6207
457	Spectrogram 1	1	656.583330729	656.602664063	38000.000	81000.000	0.6207
458	Waveform 1	1	656.655997396	656.677330729	38000.000	81000.000	0.5625
458	Spectrogram 1	1	656.655997396	656.677330729	38000.000	81000.000	0.5625
459	Waveform 1	1	656.731997396	656.749997396	38000.000	81000.000	0.6667
459	Spectrogram 1	1	656.731997396	656.749997396	38000.000	81000.000	0.6667
460	Waveform 1	1	656.797997396	656.814664063	38000.000	81000.000	0.8000
460	Spectrogram 1	1	656.797997396	656.814664063	38000.000	81000.000	0.8000
461	Waveform 1	1	656.866664063	656.878664063	38000.000	81000.000	0.6111
461	Spectrogram 1	1	656.866664063	656.878664063	38000.000	81000.000	0.6111
462	Waveform 1	1	656.942664063	656.957330729	38000.000	81000.000	0.5455
462	Spectrogram 1	1	656.942664063	656.957330729	38000.000	81000.000	0.5455
463	Waveform 1	1	657.019330729	657.027997396	38000.000	81000.000	0.6154
463	Spectrogram 1	1	657.019330729	657.027997396	38000.000	81000.000	0.6154
464	Waveform 1	1	657.094664063	657.101997396	38000.000	81000.000	0.6364
464	Spectrogram 1	1	657.094664063	657.101997396	38000.000	81000.000	0.6364
465	Waveform 1	1	657.166664063	657.173330729	38000.000	81000.000	0.3000
465	Spectrogram 1	1	657.166664063	657.173330729	38000.000	81000.000	0.3000
466	Waveform 1	1	657.228664063	657.230664063	38000.000	81000.000	1.0000
466	Spectrogram 1	1	657.228664063	657.230664063	38000.000	81000.000	1.0000
467	Waveform 1	1	657.585330729	657.596664063	38000.000	81000.000	0.5882
467	Spectrogram 1	1	657.585330729	657.596664063	38000.000	81000.000	0.5882
468	Waveform 1	1	657.662664063	657.682664063	38000.000	81000.000	0.5000
468	Spectrogram 1	1	657.662664063	657.682664063	38000.000	81000.000	0.5000
469	Waveform 1	1	657.744664063	657.759330729	38000.000	81000.000	0.5909
469	Spectrogram 1	1	657.744664063	657.759330729	38000.000	81000.000	0.5909
470	Waveform 1	1	657.823330729	657.845330729	38000.000	81000.000	0.6061
470	Spectrogram 1	1	657.823330729	657.845330729	38000.000	81000.000	0.6061
471	Waveform 1	1	657.902664063	657.917997396	38000.000	81000.000	0.8261
471	Spectrogram 1	1	657.902664063	657.917997396	38000.000	81000.000	0.8261
472	Waveform 1	1	657.988664063	657.995997396	38000.000	81000.000	0.9091
472	Spectrogram 1	1	657.988664063	657.995997396	38000.000	81000.000	0.9091
473	Waveform 1	1	658.076664063	658.094664063	38000.000	81000.000	0.6667
473	Spectrogram 1	1	658.076664063	658.094664063	38000.000	81000.000	0.6667
474	Waveform 1	1	658.165997396	658.175330729	38000.000	81000.000	0.7143
474	Spectrogram 1	1	658.165997396	658.175330729	38000.000	81000.000	0.7143
475	Waveform 1	1	658.251330729	658.265330729	38000.000	81000.000	0.7619
475	Spectrogram 1	1	658.251330729	658.265330729	38000.000	81000.000	0.7619
476	Waveform 1	1	658.339330729	658.352664063	38000.000	81000.000	0.8000
476	Spectrogram 1	1	658.339330729	658.352664063	38000.000	81000.000	0.8000
477	Waveform 1	1	658.427330729	658.430664062	38000.000	81000.000	1.0000
477	Spectrogram 1	1	658.427330729	658.430664062	38000.000	81000.000	1.0000
478	Waveform 1	1	658.519997396	658.543997396	38000.000	81000.000	0.5278
478	Spectrogram 1	1	658.519997396	658.543997396	38000.000	81000.000	0.5278
479	Waveform 1	1	658.604664063	658.614664063	38000.000	81000.000	0.7333
479	Spectrogram 1	1	658.604664063	658.614664063	38000.000	81000.000	0.7333
480	Waveform 1	1	658.680664062	658.692664063	38000.000	81000.000	0.7222
480	Spectrogram 1	1	658.680664062	658.692664063	38000.000	81000.000	0.7222
481	Waveform 1	1	658.779330729	658.798664063	38000.000	81000.000	0.5862
481	Spectrogram 1	1	658.779330729	658.798664063	38000.000	81000.000	0.5862
482	Waveform 1	1	658.861997396	658.885330729	38000.000	81000.000	0.5714
482	Spectrogram 1	1	658.861997396	658.885330729	38000.000	81000.000	0.5714
483	Waveform 1	1	658.953330729	658.967330729	38000.000	81000.000	0.6190
483	Spectrogram 1	1	658.953330729	658.967330729	38000.000	81000.000	0.6190
484	Waveform 1	1	659.039330729	659.048664063	38000.000	81000.000	1.0000
484	Spectrogram 1	1	659.039330729	659.048664063	38000.000	81000.000	1.0000
485	Waveform 1	1	659.125330729	659.145997396	38000.000	81000.000	0.7419
485	Spectrogram 1	1	659.125330729	659.145997396	38000.000	81000.000	0.7419
486	Waveform 1	1	659.283997396	659.304664063	38000.000	81000.000	0.4516
486	Spectrogram 1	1	659.283997396	659.304664063	38000.000	81000.000	0.4516
487	Waveform 1	1	659.358664062	659.384664063	38000.000	81000.000	0.5641
487	Spectrogram 1	1	659.358664062	659.384664063	38000.000	81000.000	0.5641
488	Waveform 1	1	659.458664063	659.483330729	38000.000	81000.000	0.6216
488	Spectrogram 1	1	659.458664063	659.483330729	38000.000	81000.000	0.6216
489	Waveform 1	1	659.546664063	659.574664063	38000.000	81000.000	0.6190
489	Spectrogram 1	1	659.546664063	659.574664063	38000.000	81000.000	0.6190
490	Waveform 1	1	659.612664063	659.634664063	38000.000	81000.000	0.6364
490	Spectrogram 1	1	659.612664063	659.634664063	38000.000	81000.000	0.6364
491	Waveform 1	1	659.686664063	659.713330729	38000.000	81000.000	0.7250
491	Spectrogram 1	1	659.686664063	659.713330729	38000.000	81000.000	0.7250
492	Waveform 1	1	659.781330729	659.809330729	38000.000	81000.000	0.6190
492	Spectrogram 1	1	659.781330729	659.809330729	38000.000	81000.000	0.6190
493	Waveform 1	1	659.853997396	659.885330729	38000.000	81000.000	0.5957
493	Spectrogram 1	1	659.853997396	659.885330729	38000.000	81000.000	0.5957
494	Waveform 1	1	659.924664063	659.949330729	38000.000	81000.000	0.7027
494	Spectrogram 1	1	659.924664063	659.949330729	38000.000	81000.000	0.7027
495	Waveform 1	1	659.995997396	660.022664063	38000.000	81000.000	0.6000
495	Spectrogram 1	1	659.995997396	660.022664063	38000.000	81000.000	0.6000
496	Waveform 1	1	660.071997396	660.093330729	38000.000	81000.000	0.6875
496	Spectrogram 1	1	660.071997396	660.093330729	38000.000	81000.000	0.6875
497	Waveform 1	1	660.141997396	660.155330729	38000.000	81000.000	0.5500
497	Spectrogram 1	1	660.141997396	660.155330729	38000.000	81000.000	0.5500
498	Waveform 1	1	660.195997396	660.209330729	38000.000	81000.000	0.8000
498	Spectrogram 1	1	660.195997396	660.209330729	38000.000	81000.000	0.8000
499	Waveform 1	1	660.247997396	660.258664063	38000.000	81000.000	0.5625
499	Spectrogram 1	1	660.247997396	660.258664063	38000.000	81000.000	0.5625
500	Waveform 1	1	660.290664063	660.296664063	38000.000	81000.000	0.6667
500	Spectrogram 1	1	660.290664063	660.296664063	38000.000	81000.000	0.6667
501	Waveform 1	1	660.554664063	660.557997396	38000.000	81000.000	0.6000
501	Spectrogram 1	1	660.554664063	660.557997396	38000.000	81000.000	0.6000
502	Waveform 1	1	660.621997396	660.627330729	38000.000	81000.000	0.3750
502	Spectrogram 1	1	660.621997396	660.627330729	38000.000	81000.000	0.3750
503	Waveform 1	1	660.693997396	660.702664063	38000.000	81000.000	0.5385
503	Spectrogram 1	1	660.693997396	660.702664063	38000.000	81000.000	0.5385
504	Waveform 1	1	660.759330729	660.763330729	38000.000	81000.000	0.5000
504	Spectrogram 1	1	660.759330729	660.763330729	38000.000	81000.000	0.5000
505	Waveform 1	1	660.833330729	660.845997396	38000.000	81000.000	0.5789
505	Spectrogram 1	1	660.833330729	660.845997396	38000.000	81000.000	0.5789
506	Waveform 1	1	660.915330729	660.923997396	38000.000	81000.000	0.7692
506	Spectrogram 1	1	660.915330729	660.923997396	38000.000	81000.000	0.7692
507	Waveform 1	1	661.003997396	661.023330729	38000.000	81000.000	0.5172
507	Spectrogram 1	1	661.003997396	661.023330729	38000.000	81000.000	0.5172
508	Waveform 1	1	661.091330729	661.097330729	38000.000	81000.000	0.8889
508	Spectrogram 1	1	661.091330729	661.097330729	38000.000	81000.000	0.8889
509	Waveform 1	1	661.179330729	661.191330729	38000.000	81000.000	0.4444
509	Spectrogram 1	1	661.179330729	661.191330729	38000.000	81000.000	0.4444
510	Waveform 1	1	661.269330729	661.273330729	38000.000	81000.000	0.8333
510	Spectrogram 1	1	661.269330729	661.273330729	38000.000	81000.000	0.8333
511	Waveform 1	1	661.359997396	661.375997396	38000.000	81000.000	0.5417
511	Spectrogram 1	1	661.359997396	661.375997396	38000.000	81000.000	0.5417
512	Waveform 1	1	661.445997396	661.453997396	38000.000	81000.000	0.7500
512	Spectrogram 1	1	661.445997396	661.453997396	38000.000	81000.000	0.7500
513	Waveform 1	1	661.537997396	661.553997396	38000.000	81000.000	0.8750
513	Spectrogram 1	1	661.537997396	661.553997396	38000.000	81000.000	0.8750
514	Waveform 1	1	661.627330729	661.633997396	38000.000	81000.000	0.9000
514	Spectrogram 1	1	661.627330729	661.633997396	38000.000	81000.000	0.9000
515	Waveform 1	1	661.719330729	661.735330729	38000.000	81000.000	0.7917
515	Spectrogram 1	1	661.719330729	661.735330729	38000.000	81000.000	0.7917
516	Waveform 1	1	661.810664062	661.823997396	38000.000	81000.000	0.6500
516	Spectrogram 1	1	661.810664062	661.823997396	38000.000	81000.000	0.6500
517	Waveform 1	1	661.903997396	661.909330729	38000.000	81000.000	0.5000
517	Spectrogram 1	1	661.903997396	661.909330729	38000.000	81000.000	0.5000
518	Waveform 1	1	661.993997396	662.007997396	38000.000	81000.000	0.7619
518	Spectrogram 1	1	661.993997396	662.007997396	38000.000	81000.000	0.7619
519	Waveform 1	1	662.083330729	662.091997396	38000.000	81000.000	0.9231
519	Spectrogram 1	1	662.083330729	662.091997396	38000.000	81000.000	0.9231
520	Waveform 1	1	662.231997396	662.245997396	38000.000	81000.000	0.6667
520	Spectrogram 1	1	662.231997396	662.245997396	38000.000	81000.000	0.6667
521	Waveform 1	1	662.306664063	662.318664063	38000.000	81000.000	0.8333
521	Spectrogram 1	1	662.306664063	662.318664063	38000.000	81000.000	0.8333
522	Waveform 1	1	662.391997396	662.397330729	38000.000	81000.000	0.3750
522	Spectrogram 1	1	662.391997396	662.397330729	38000.000	81000.000	0.3750
523	Waveform 1	1	662.563330729	662.579997396	38000.000	81000.000	0.8000
523	Spectrogram 1	1	662.563330729	662.579997396	38000.000	81000.000	0.8000
524	Waveform 1	1	662.655330729	662.659330729	38000.000	81000.000	0.3333
524	Spectrogram 1	1	662.655330729	662.659330729	38000.000	81000.000	0.3333
525	Waveform 1	1	662.750664063	662.763997396	38000.000	81000.000	0.5000
525	Spectrogram 1	1	662.750664063	662.763997396	38000.000	81000.000	0.5000
526	Waveform 1	1	662.835997396	662.846664063	38000.000	81000.000	0.7500
526	Spectrogram 1	1	662.835997396	662.846664063	38000.000	81000.000	0.7500
527	Waveform 1	1	662.899997396	662.903330729	38000.000	81000.000	0.8000
527	Spectrogram 1	1	662.899997396	662.903330729	38000.000	81000.000	0.8000
528	Waveform 1	1	662.981330729	662.988664063	38000.000	81000.000	0.6364
528	Spectrogram 1	1	662.981330729	662.988664063	38000.000	81000.000	0.6364
529	Waveform 1	1	663.147997396	663.154664063	38000.000	81000.000	0.7000
529	Spectrogram 1	1	663.147997396	663.154664063	38000.000	81000.000	0.7000
530	Waveform 1	1	663.247330729	663.248664063	38000.000	81000.000	1.0000
530	Spectrogram 1	1	663.247330729	663.248664063	38000.000	81000.000	1.0000
